0 0.619845 0.497375 0.760310 0.994750
0 0.253494 0.500000 0.506988 1.000000
3 0.889764 0.709318 0.220472 0.255906
3 0.315687 0.891732 0.113558 0.216535
3 0.088835 0.701444 0.177670 0.426509
4 0.125960 0.828084 0.251919 0.343832
4 0.930819 0.324147 0.138361 0.367454
18 0.573376 0.854331 0.452485 0.291338
18 0.361547 0.728346 0.317089 0.543307
2 0.576433 0.847113 0.483059 0.305774
2 0.362857 0.716535 0.345915 0.566929
11 0.686061 0.421916 0.270792 0.140420
12 0.375086 0.239501 0.197416 0.072178
10 0.343639 0.091864 0.249828 0.183727
10 0.677325 0.189633 0.344168 0.329396
1 0.696543 0.377953 0.365133 0.748031
1 0.361110 0.230315 0.263804 0.460630