0 0.451519 0.351706 0.278654 0.587927
12 0.519218 0.165354 0.045423 0.034121
10 0.520528 0.133858 0.056779 0.036745
1 0.521838 0.164042 0.083858 0.115486
18 0.483840 0.300525 0.110937 0.233596
1 0.483840 0.301181 0.117926 0.261155
3 0.554595 0.308399 0.030573 0.123360
3 0.440164 0.239501 0.065514 0.090551
4 0.531884 0.354331 0.037562 0.070866
4 0.428371 0.290682 0.038435 0.043307
13 0.464186 0.305774 0.026206 0.047244
13 0.507862 0.307087 0.038435 0.041995
5 0.509172 0.302493 0.048044 0.064304
5 0.464186 0.310367 0.040182 0.061680
6 0.434049 0.396982 0.044550 0.108924
6 0.472921 0.448819 0.054158 0.086614
7 0.406533 0.491470 0.075123 0.108924