14 0.293951 0.330052 0.094194 0.056430
14 0.236061 0.372703 0.088307 0.047244
5 0.242929 0.372703 0.117742 0.065617
5 0.287622 0.332458 0.117742 0.066242
18 0.293696 0.401200 0.215861 0.247469
2 0.289958 0.401200 0.245764 0.264967
4 0.395552 0.384952 0.114939 0.081240
4 0.173150 0.397450 0.079429 0.041245
3 0.164273 0.331521 0.048592 0.085614
3 0.419848 0.328709 0.077560 0.089989
11 0.282949 0.216223 0.106529 0.018748
10 0.279679 0.184352 0.118677 0.042495
1 0.278744 0.217160 0.137366 0.121860
6 0.339952 0.593676 0.112136 0.128734
7 0.358174 0.716785 0.070085 0.117485
15 0.389011 0.815211 0.071954 0.064367
8 0.387609 0.812711 0.097184 0.076865
0 0.292970 0.496719 0.351265 0.725722