0 0.509350 0.597769 0.434055 0.804462
12 0.550197 0.343176 0.078740 0.043307
10 0.563976 0.293963 0.090551 0.057743
1 0.561024 0.334646 0.114173 0.173228
4 0.406004 0.417979 0.103346 0.135171
4 0.629429 0.719816 0.042323 0.174541
3 0.626476 0.539370 0.054134 0.183727
3 0.433071 0.446850 0.094488 0.080052
18 0.514764 0.599081 0.185039 0.339895
2 0.513780 0.604331 0.210630 0.371391
14 0.490157 0.360236 0.062992 0.056430
14 0.607776 0.841864 0.042323 0.085302
5 0.610728 0.839895 0.058071 0.099738
5 0.489665 0.357612 0.069882 0.074803
6 0.554134 0.896325 0.112205 0.207349
6 0.450295 0.898950 0.095472 0.202100