4 0.465460 0.160761 0.282175 0.074803
3 0.526344 0.065617 0.127623 0.115486
14 0.255292 0.129921 0.121768 0.041995
5 0.254122 0.135171 0.142844 0.055118
18 0.472485 0.191601 0.272808 0.362205
2 0.467802 0.192257 0.310275 0.384514
6 0.500585 0.486877 0.153381 0.230971
6 0.377061 0.476378 0.091326 0.199475
7 0.528100 0.731627 0.126452 0.248031
7 0.419797 0.679790 0.073764 0.196850
15 0.517563 0.906824 0.196703 0.083990
15 0.392282 0.824147 0.168602 0.091864
8 0.387598 0.824803 0.196703 0.111549
8 0.519904 0.906168 0.213095 0.093176
0 0.419211 0.485564 0.491757 0.971128