12 0.611594 0.503281 0.137046 0.032808
12 0.572438 0.319554 0.105721 0.045932
10 0.567544 0.270997 0.166413 0.059055
10 0.620405 0.447507 0.182075 0.065617
1 0.581249 0.305774 0.217315 0.152231
1 0.618447 0.494751 0.229062 0.170604
18 0.644877 0.461942 0.274092 0.257218
18 0.648793 0.653543 0.301501 0.162730
4 0.738851 0.758530 0.254514 0.052493
4 0.861214 0.559711 0.072438 0.122047
3 0.814226 0.408136 0.154666 0.146982
3 0.788775 0.653543 0.135088 0.149606
3 0.490211 0.642388 0.082227 0.077428
2 0.651729 0.654199 0.342615 0.171916
2 0.637046 0.448163 0.301501 0.253281
14 0.579291 0.761811 0.150750 0.051181
14 0.843593 0.630577 0.068523 0.035433
5 0.585164 0.765092 0.182075 0.062992
5 0.860235 0.631234 0.113552 0.041995
0 0.698716 0.427822 0.577550 0.443570
0 0.636067 0.615486 0.565803 0.425197