0 0.722840 0.450787 0.554320 0.812336
12 0.668485 0.167979 0.066289 0.041995
18 0.742140 0.321522 0.202551 0.244094
10 0.684137 0.121391 0.101275 0.056430
1 0.678153 0.170604 0.109562 0.173228
3 0.783571 0.251312 0.086544 0.080052
3 0.609101 0.295276 0.063527 0.089239
4 0.866433 0.305774 0.075496 0.120735
4 0.549717 0.318241 0.069972 0.074803
14 0.485729 0.325459 0.046955 0.065617
14 0.917991 0.400919 0.060765 0.064304
5 0.920293 0.402231 0.072734 0.077428
5 0.488491 0.327428 0.058003 0.080052
2 0.739839 0.321522 0.225568 0.270341
6 0.793699 0.455381 0.125213 0.133858
6 0.813033 0.562992 0.038669 0.112861
7 0.850321 0.645669 0.087465 0.097113
7 0.772523 0.624016 0.053400 0.187664
15 0.762856 0.787402 0.081941 0.089239
15 0.887148 0.748031 0.081941 0.107612
8 0.888990 0.747375 0.094831 0.129921
8 0.761014 0.790026 0.098513 0.102362