0 0.755906 0.466535 0.335958 0.628609
0 0.349081 0.660105 0.241470 0.498688
7 0.325459 0.780840 0.036745 0.112861
7 0.389108 0.694226 0.038058 0.070866
7 0.733596 0.637795 0.073491 0.120735
7 0.812336 0.517060 0.047244 0.073491
16 0.826115 0.594488 0.056430 0.070866
16 0.741470 0.742126 0.047244 0.061680
8 0.739501 0.739501 0.072178 0.072178
8 0.824803 0.593832 0.074803 0.087927
6 0.727034 0.505249 0.081365 0.139108
6 0.811024 0.450787 0.076115 0.053806
6 0.323491 0.646982 0.051181 0.144357
6 0.380577 0.610892 0.057743 0.085302
3 0.281496 0.523622 0.035433 0.062992
3 0.410105 0.535433 0.048556 0.062992
3 0.657480 0.333990 0.044619 0.095801
3 0.851050 0.334646 0.048556 0.110236
18 0.750656 0.332677 0.149606 0.153543
18 0.345144 0.530184 0.078740 0.076115
2 0.349081 0.530184 0.099738 0.094488
2 0.746719 0.332677 0.160105 0.177165
10 0.736877 0.202756 0.106299 0.045932
10 0.341207 0.461286 0.065617 0.035433
1 0.339895 0.469816 0.089239 0.060367
1 0.737533 0.219816 0.133858 0.085302
16 0.319554 0.856955 0.040682 0.039370
16 0.408136 0.752625 0.026247 0.035433
8 0.412073 0.753281 0.041995 0.049869
8 0.317585 0.862205 0.060367 0.052493