10 0.706347 0.148950 0.138639 0.066929
10 0.429068 0.129265 0.119294 0.066929
12 0.433099 0.173228 0.085440 0.028871
12 0.707959 0.195538 0.080604 0.018373
1 0.713601 0.177822 0.185389 0.148294
1 0.408111 0.149606 0.151536 0.139108
18 0.300102 0.324147 0.190226 0.265092
18 0.742618 0.371391 0.172493 0.220472
2 0.754709 0.372703 0.206347 0.246719
2 0.293653 0.328084 0.235364 0.280840
13 0.230782 0.097113 0.112846 0.073491
13 0.864331 0.507218 0.087052 0.077428
5 0.871585 0.509186 0.117682 0.089239
5 0.230782 0.095801 0.128967 0.099738
6 0.268666 0.526903 0.153148 0.156168
6 0.827253 0.563648 0.125742 0.145669
6 0.717631 0.565617 0.106397 0.141732
6 0.351688 0.531496 0.061259 0.160105
7 0.283981 0.641732 0.132191 0.099738
7 0.820804 0.709974 0.112846 0.149606
7 0.699092 0.713911 0.078992 0.157480
15 0.836925 0.822178 0.099949 0.077428
15 0.680553 0.819554 0.074156 0.069554
15 0.268666 0.849081 0.182165 0.070866
15 0.288817 0.751969 0.116070 0.094488
8 0.288817 0.751312 0.145087 0.106299
8 0.271890 0.849738 0.198286 0.080052
8 0.686196 0.820866 0.095113 0.080052
8 0.838537 0.821522 0.132191 0.089239
3 0.864331 0.309711 0.087052 0.146982
3 0.618488 0.332021 0.095113 0.102362
3 0.258188 0.213255 0.154760 0.095801
4 0.866749 0.430446 0.085440 0.083990
0 0.327507 0.471785 0.412693 0.898950
0 0.749873 0.474409 0.399796 0.799213