0 0.508872 0.484252 0.901014 0.892388
6 0.399449 0.530840 0.272079 0.161417
18 0.369875 0.311680 0.272079 0.258530
2 0.370861 0.311680 0.329255 0.284777
6 0.524645 0.396325 0.147869 0.170604
7 0.664627 0.421916 0.207016 0.195538
7 0.543375 0.702100 0.256306 0.173228
15 0.640968 0.837927 0.116323 0.077428
15 0.799681 0.561680 0.141954 0.110236
4 0.766164 0.366798 0.173499 0.119423
4 0.153001 0.297900 0.118295 0.076115
3 0.216092 0.230971 0.173499 0.068241
3 0.623224 0.255249 0.155755 0.150919
10 0.482256 0.137139 0.224761 0.095801
1 0.471412 0.162073 0.254334 0.171916