0 0.423610 0.580709 0.618952 0.686352
12 0.448094 0.345144 0.099894 0.026247
10 0.447115 0.309055 0.101853 0.040682
1 0.446135 0.333333 0.150821 0.118110
18 0.383457 0.463255 0.205665 0.181102
2 0.376601 0.461942 0.231128 0.202100
3 0.510773 0.444882 0.064637 0.086614
3 0.262996 0.410105 0.105770 0.090551
4 0.526443 0.524278 0.080307 0.064304
4 0.222842 0.496719 0.088142 0.077428
13 0.544071 0.587927 0.068555 0.049869
13 0.209132 0.566273 0.060720 0.048556
5 0.212070 0.565617 0.094018 0.065617
6 0.399126 0.619423 0.088142 0.125984
6 0.308046 0.619423 0.078348 0.120735
7 0.421652 0.742126 0.082266 0.111549
7 0.284542 0.738189 0.113605 0.108924
15 0.256141 0.823491 0.092059 0.061680
15 0.457888 0.830052 0.123399 0.056430
8 0.455929 0.831365 0.162573 0.072178
8 0.255161 0.824803 0.129275 0.072178