6 0.590434 0.753281 0.596658 0.099738
6 0.170487 0.698819 0.272342 0.124672
7 0.426197 0.905512 0.305605 0.188976
7 0.194395 0.886483 0.253632 0.227034
14 0.638250 0.570210 0.268184 0.077428
14 0.455303 0.477690 0.101868 0.104987
14 0.051987 0.548556 0.081079 0.055118
5 0.051987 0.550525 0.097711 0.077428
5 0.634092 0.572178 0.293132 0.099738
5 0.453224 0.477034 0.135132 0.129921
4 0.885132 0.588583 0.229736 0.077428
18 0.770789 0.494094 0.458421 0.381890
18 0.384618 0.425197 0.351342 0.320210
2 0.763513 0.494094 0.472974 0.400262
2 0.372145 0.433071 0.417869 0.346457
12 0.762987 0.225066 0.230763 0.038058
12 0.370066 0.162730 0.205816 0.049869
10 0.791053 0.146982 0.253632 0.099738
10 0.386697 0.105643 0.205816 0.069554
1 0.778579 0.192257 0.332632 0.234908
1 0.360710 0.159449 0.295211 0.198163
0 0.520276 0.514436 0.959448 0.971128
0 0.280145 0.392388 0.560289 0.698163