0 0.519746 0.567585 0.686546 0.864829
2 0.370893 0.497375 0.252139 0.307087
18 0.361020 0.486877 0.195939 0.286089
12 0.408106 0.263780 0.089616 0.034121
1 0.443800 0.229659 0.130626 0.044619
4 0.579743 0.249344 0.135183 0.065617
14 0.685307 0.250000 0.069870 0.061680
14 0.424814 0.450131 0.050124 0.052493
5 0.430890 0.450131 0.089616 0.076115
5 0.689104 0.249344 0.098729 0.083990
6 0.376209 0.751312 0.150372 0.216535
7 0.389120 0.927165 0.118475 0.145669
7 0.503038 0.931759 0.112399 0.136482
1 0.436965 0.278215 0.174674 0.175853