0 0.246772 0.597769 0.265538 0.610236
15 0.303924 0.851706 0.035171 0.062992
15 0.253366 0.797900 0.055394 0.057743
8 0.255125 0.797244 0.064186 0.066929
8 0.306562 0.853675 0.045722 0.077428
7 0.296890 0.753937 0.036929 0.114173
7 0.252487 0.743438 0.034291 0.053806
6 0.299967 0.650262 0.046601 0.082677
6 0.254245 0.654199 0.036050 0.111549
14 0.158845 0.574147 0.022861 0.040682
14 0.326345 0.607612 0.039567 0.039370
5 0.327664 0.607612 0.047480 0.052493
5 0.157526 0.576115 0.032533 0.055118
4 0.332060 0.555118 0.024619 0.057743
4 0.190059 0.542651 0.034291 0.056430
3 0.313596 0.480315 0.054514 0.097113
3 0.213799 0.486220 0.020223 0.093176
18 0.263917 0.513123 0.095840 0.186352
2 0.262159 0.510499 0.113425 0.209974
12 0.247211 0.372703 0.041325 0.020997
10 0.248530 0.340551 0.056273 0.035433
1 0.250728 0.362205 0.080013 0.104987