0 0.687500 0.555774 0.294291 0.418635
1 0.721949 0.438976 0.046260 0.080052
10 0.721949 0.414698 0.038386 0.034121
12 0.727362 0.437008 0.029528 0.023622
14 0.775098 0.532808 0.038386 0.041995
14 0.717028 0.609580 0.026575 0.032808
5 0.776575 0.530840 0.053150 0.066929
5 0.715551 0.608924 0.027559 0.036745
4 0.702756 0.566929 0.035433 0.055118
4 0.747047 0.511811 0.033465 0.036745
3 0.696358 0.498031 0.020669 0.072178
3 0.727362 0.488845 0.025591 0.032808
18 0.649114 0.471785 0.093504 0.061680
2 0.647638 0.472441 0.110236 0.078740
6 0.631398 0.543307 0.056102 0.081365
6 0.670276 0.543307 0.027559 0.073491
7 0.668307 0.611549 0.039370 0.057743
7 0.614665 0.606299 0.060039 0.055118
16 0.670276 0.654199 0.053150 0.030184
8 0.670276 0.655512 0.072835 0.048556