0 0.475673 0.513780 0.951345 0.972440
12 0.485282 0.259843 0.323791 0.065617
1 0.449960 0.280184 0.523953 0.421260
10 0.488226 0.158136 0.376775 0.137795
18 0.409731 0.562992 0.608335 0.364829
2 0.411693 0.566273 0.647583 0.410761
3 0.738428 0.532808 0.198200 0.346457
3 0.120281 0.606299 0.221748 0.385827
4 0.382258 0.828740 0.525916 0.145669
4 0.561815 0.736220 0.516104 0.065617
14 0.231155 0.732940 0.125592 0.095801
14 0.765901 0.825459 0.327716 0.160105
5 0.761977 0.828740 0.355189 0.185039
5 0.230174 0.732940 0.155027 0.108924