0 0.452478 0.524278 0.716484 0.649606
12 0.390334 0.329396 0.182777 0.049869
10 0.386679 0.265748 0.215676 0.077428
1 0.386679 0.327428 0.244921 0.216535
18 0.332759 0.622703 0.294270 0.363517
2 0.340070 0.622703 0.330826 0.395013
3 0.603269 0.532152 0.228471 0.177165
3 0.179227 0.501969 0.089561 0.122047
4 0.697399 0.690945 0.113321 0.137795
4 0.164605 0.618110 0.060316 0.099738
14 0.163691 0.702100 0.076766 0.057743
14 0.740351 0.778215 0.104183 0.036745
5 0.732126 0.778215 0.127944 0.052493
5 0.168260 0.702100 0.100527 0.073491