2 0.397305 0.504593 0.381437 0.342520
18 0.403724 0.505906 0.350262 0.308399
14 0.534843 0.570866 0.080689 0.049869
14 0.176329 0.578740 0.093525 0.057743
5 0.176329 0.576772 0.119199 0.074803
5 0.532092 0.570866 0.093525 0.060367
4 0.551347 0.501312 0.080689 0.078740
4 0.151572 0.500000 0.088024 0.078740
3 0.175412 0.412073 0.121033 0.104987
3 0.536677 0.413386 0.095359 0.102362
12 0.358795 0.292651 0.135704 0.028871
10 0.358795 0.249344 0.179716 0.049869
1 0.356044 0.286745 0.207223 0.150919
6 0.587107 0.676509 0.214558 0.132546
7 0.656793 0.788058 0.111864 0.103675
15 0.701722 0.889108 0.106362 0.087927
8 0.706306 0.891076 0.130202 0.099738
0 0.448653 0.564304 0.748203 0.782152