0 0.545768 0.339895 0.264764 0.524934
11 0.558071 0.170604 0.059055 0.018373
10 0.557892 0.142866 0.066213 0.035194
1 0.556326 0.164042 0.078293 0.099022
14 0.546036 0.230255 0.036238 0.051300
14 0.452756 0.295276 0.030422 0.039370
5 0.451190 0.295872 0.037133 0.048914
5 0.547378 0.232343 0.043397 0.053090
3 0.597486 0.276187 0.037133 0.107373
3 0.511364 0.281556 0.027738 0.110952
4 0.482507 0.308697 0.034449 0.060248
4 0.571090 0.306609 0.038923 0.099022
18 0.581603 0.293486 0.109162 0.164639
2 0.584959 0.292293 0.121242 0.178955
7 0.584959 0.441422 0.055923 0.125268
6 0.529259 0.431580 0.056371 0.111549
15 0.582946 0.531198 0.068003 0.055476
8 0.584288 0.530900 0.077845 0.064424