15 0.672337 0.736220 0.229783 0.181102
15 0.502971 0.808399 0.172337 0.212598
8 0.499010 0.875984 0.188184 0.077428
8 0.687194 0.790682 0.200069 0.061680
7 0.485143 0.744751 0.172337 0.158793
7 0.608949 0.679134 0.170356 0.182415
6 0.389070 0.630577 0.320903 0.108924
6 0.473258 0.667979 0.164413 0.060367
14 0.408879 0.584646 0.083197 0.038058
14 0.673327 0.510499 0.081216 0.036745
5 0.672337 0.508530 0.106968 0.045932
5 0.414822 0.582021 0.106968 0.056430
3 0.232581 0.476378 0.095082 0.133858
3 0.482172 0.469160 0.075274 0.085302
4 0.581216 0.501312 0.114891 0.057743
4 0.262294 0.572835 0.202050 0.064304
18 0.339548 0.479659 0.213936 0.179790
2 0.337567 0.498688 0.257515 0.236220
12 0.349453 0.324147 0.114891 0.028871
10 0.359357 0.291339 0.134700 0.036745
1 0.362329 0.330709 0.184222 0.131234
0 0.479201 0.585958 0.667558 0.709974