9 0.474438 0.106413 0.186580 0.072464
11 0.490414 0.160904 0.151204 0.023964
1 0.476150 0.148922 0.185439 0.168892
17 0.512139 0.367454 0.288058 0.259843
2 0.509843 0.367782 0.297900 0.273622
3 0.321850 0.334646 0.088583 0.160105
4 0.347769 0.475722 0.098425 0.116798
13 0.400591 0.562664 0.100394 0.066273
5 0.400919 0.565945 0.122047 0.075459
13 0.680774 0.526575 0.057087 0.067585
5 0.683727 0.529528 0.064304 0.070866
4 0.678806 0.439633 0.082021 0.103675
3 0.657152 0.314633 0.054462 0.145013
6 0.459974 0.580709 0.132546 0.158793
6 0.589567 0.577756 0.122703 0.151575
7 0.588911 0.705381 0.106955 0.102362
7 0.441929 0.716864 0.100394 0.117454
15 0.451772 0.773294 0.117454 0.154199
15 0.624344 0.749344 0.162073 0.136483
8 0.630906 0.774606 0.171260 0.076772
8 0.463583 0.802493 0.118766 0.082677
0 0.504593 0.454724 0.539370 0.864829