0 0.541570 0.344496 0.399538 0.533487
1 0.628176 0.142417 0.124711 0.129330
2 0.558891 0.270593 0.272517 0.205543
3 0.481460 0.184918 0.088530 0.060624
3 0.676322 0.289325 0.068322 0.107775
4 0.659482 0.374968 0.051963 0.067360
4 0.437676 0.247466 0.056774 0.043303
5 0.383308 0.309052 0.065435 0.060624
5 0.644085 0.450507 0.059661 0.068322
13 0.640236 0.447139 0.044265 0.048114
13 0.389562 0.310495 0.041378 0.055812
6 0.542565 0.418752 0.114511 0.081794
6 0.426610 0.401431 0.071209 0.062548
7 0.497338 0.488998 0.068322 0.051001
7 0.411214 0.453394 0.057737 0.039453
8 0.480498 0.563093 0.092379 0.089492
8 0.388119 0.514017 0.078907 0.072171
15 0.379940 0.511612 0.058699 0.057737
15 0.471837 0.557801 0.067360 0.075058
9 0.637349 0.134719 0.103926 0.075058
11 0.640717 0.168880 0.070246 0.049076
17 0.573358 0.285316 0.231909 0.162625