0 0.494226 0.503464 0.521940 0.969977
1 0.629330 0.140878 0.214781 0.240185
2 0.524249 0.401848 0.341801 0.466513
3 0.372979 0.267898 0.168591 0.217090
4 0.371824 0.450346 0.110855 0.110855
3 0.710162 0.374134 0.090069 0.170901
4 0.688222 0.533487 0.096998 0.087760
5 0.662818 0.644342 0.087760 0.129330
5 0.351039 0.562356 0.133949 0.094688
6 0.553118 0.677829 0.103926 0.173210
6 0.387991 0.632794 0.143187 0.180139
8 0.479215 0.864896 0.159353 0.242494
8 0.314088 0.821016 0.106236 0.279446
15 0.489607 0.872979 0.124711 0.198614
15 0.314088 0.836028 0.078522 0.217090
13 0.650115 0.628176 0.043880 0.087760
13 0.352194 0.554273 0.090069 0.060046
9 0.635104 0.094688 0.184758 0.120092
11 0.658199 0.147806 0.193995 0.096998
17 0.538106 0.357968 0.309469 0.411085