0 0.659353 0.492687 0.353349 0.876059
1 0.646651 0.196690 0.157044 0.279446
2 0.672055 0.569669 0.314088 0.480370
3 0.757506 0.424557 0.096998 0.239415
3 0.538106 0.419553 0.073903 0.175520
4 0.765589 0.605466 0.103926 0.099307
4 0.546189 0.567360 0.066975 0.092379
5 0.646651 0.645881 0.115473 0.106236
5 0.533487 0.675905 0.073903 0.115473
6 0.688222 0.874134 0.096998 0.113164
6 0.599307 0.872979 0.062356 0.087760
9 0.648961 0.155889 0.138568 0.182448
11 0.648961 0.266744 0.073903 0.039261
14 0.640878 0.645497 0.094688 0.085450
14 0.533487 0.668591 0.069284 0.085450
17 0.659353 0.554273 0.228637 0.503464
0 0.366051 0.578522 0.224018 0.810624
1 0.384527 0.306005 0.163972 0.228637
17 0.361432 0.632794 0.187067 0.420323
3 0.323326 0.558891 0.101617 0.249423
4 0.338337 0.766744 0.117783 0.124711
5 0.419169 0.907621 0.113164 0.110855
9 0.378753 0.277136 0.133949 0.161663
12 0.393764 0.360277 0.076212 0.050808
14 0.434180 0.920323 0.069284 0.090069
0 0.159353 0.563510 0.314088 0.872979
1 0.217090 0.271363 0.170901 0.293303
17 0.152425 0.622402 0.240185 0.459584
3 0.086605 0.536952 0.140878 0.270208
4 0.170901 0.760970 0.147806 0.150115
5 0.230947 0.915704 0.087760 0.122402
6 0.105081 0.935335 0.150115 0.106236
9 0.219400 0.230947 0.147806 0.184758
12 0.226328 0.341801 0.124711 0.060046
14 0.256351 0.936490 0.083141 0.122402