0 0.542323 0.530840 0.915354 0.938320
7 0.623031 0.846457 0.206693 0.307086
7 0.909449 0.838583 0.149606 0.322834
6 0.363189 0.733596 0.450787 0.160105
3 0.216535 0.462598 0.188976 0.274278
4 0.356299 0.581365 0.295276 0.110236
14 0.585630 0.578740 0.127953 0.102362
14 0.798228 0.561024 0.120079 0.090551
5 0.798228 0.568241 0.159449 0.107612
5 0.592520 0.583333 0.161417 0.116798
18 0.421260 0.418635 0.389764 0.257218
3 0.644685 0.401575 0.084646 0.154856
2 0.426181 0.419948 0.427165 0.283465
2 0.485236 0.223097 0.194882 0.078740
10 0.500984 0.132546 0.206693 0.091864
1 0.481299 0.207349 0.269685 0.259843