0 0.668103 0.587069 0.501724 0.198276
8 0.867034 0.557931 0.041379 0.078621
1 0.464966 0.566897 0.078621 0.089655
9 0.454621 0.571379 0.049655 0.080690
2 0.599103 0.574483 0.167586 0.111724
17 0.593931 0.570000 0.154483 0.105517
3 0.569448 0.580690 0.073793 0.041379
4 0.639448 0.579310 0.067586 0.033103
5 0.699793 0.574138 0.048966 0.040690
13 0.693586 0.573448 0.061379 0.043448
6 0.704966 0.617241 0.089655 0.066207
6 0.718414 0.556552 0.069655 0.052414
7 0.789793 0.546207 0.070345 0.041379
7 0.799103 0.589310 0.097241 0.108276
15 0.861517 0.558621 0.052414 0.085517