9 0.477073 0.128918 0.177551 0.066389
11 0.480933 0.177937 0.152849 0.033194
1 0.476301 0.165200 0.177551 0.163656
17 0.490582 0.379034 0.281766 0.250116
2 0.487494 0.377490 0.300293 0.273275
3 0.648834 0.329242 0.064073 0.148989
3 0.308785 0.338119 0.075652 0.142041
4 0.322680 0.465107 0.061757 0.118110
4 0.657712 0.455458 0.058669 0.101899
13 0.648448 0.543075 0.075652 0.068705
13 0.355489 0.552725 0.088776 0.075652
5 0.649606 0.549251 0.088776 0.079512
5 0.358577 0.555041 0.105759 0.075652
6 0.428825 0.588621 0.135093 0.144357
6 0.555813 0.583604 0.121970 0.131234
7 0.561603 0.703644 0.084144 0.110391
7 0.417246 0.713679 0.093407 0.098039
15 0.416088 0.756909 0.088004 0.148989
15 0.583990 0.751119 0.133549 0.148217
0 0.479659 0.457349 0.520997 0.809711