12 0.551568 0.278871 0.125861 0.093176
1 0.545450 0.280184 0.192288 0.426509
10 0.555064 0.159449 0.160823 0.129921
18 0.495193 0.614829 0.301543 0.481627
2 0.496504 0.613517 0.339126 0.547244
3 0.333059 0.581365 0.129357 0.351706
3 0.656452 0.518373 0.099640 0.160105
4 0.371954 0.815617 0.219383 0.185039
4 0.666504 0.637139 0.112751 0.080052
14 0.528406 0.862861 0.116247 0.132546
14 0.690540 0.755249 0.076915 0.137795
5 0.694036 0.753281 0.097892 0.165354
5 0.534087 0.866798 0.146838 0.153543
0 0.477712 0.495407 0.567250 0.909449