9 0.494751 0.152887 0.204724 0.069554
11 0.444882 0.202100 0.112861 0.018373
1 0.479659 0.171260 0.177165 0.158793
17 0.502625 0.403543 0.249344 0.237533
2 0.500656 0.396982 0.284777 0.263780
3 0.551181 0.358268 0.118110 0.133858
4 0.515748 0.482940 0.133858 0.099738
13 0.463255 0.562992 0.078740 0.060367
5 0.465879 0.564961 0.099738 0.066929
6 0.520341 0.585958 0.103675 0.111549
6 0.440945 0.588583 0.057743 0.114173
7 0.521654 0.713255 0.103675 0.127297
15 0.486220 0.772966 0.187664 0.128609
15 0.411417 0.707349 0.124672 0.110236
8 0.497375 0.794619 0.217848 0.074803
8 0.418635 0.736220 0.136483 0.076115
0 0.452756 0.458661 0.377953 0.804462