0 0.538106 0.545035 0.461894 0.896074
1 0.536952 0.267898 0.163972 0.318707
2 0.527714 0.711316 0.376443 0.549654
3 0.695150 0.616628 0.101617 0.295612
4 0.691686 0.854503 0.127021 0.143187
3 0.356813 0.617783 0.090069 0.256351
4 0.344111 0.797921 0.078522 0.080831
5 0.554273 0.867206 0.161663 0.136259
9 0.540159 0.179369 0.158584 0.137028
12 0.548627 0.279446 0.101617 0.053888
14 0.550167 0.874519 0.120092 0.095458
17 0.527714 0.710162 0.348730 0.538106
0 0.304850 0.547344 0.124711 0.401848
1 0.309469 0.389145 0.069284 0.076212
2 0.308314 0.509238 0.108545 0.168591
3 0.264434 0.472286 0.020785 0.071594
4 0.270785 0.539838 0.031178 0.056582
3 0.349885 0.476905 0.027714 0.087760
6 0.286952 0.668591 0.031178 0.143187
6 0.330254 0.651270 0.034642 0.110855
10 0.315820 0.364896 0.061201 0.025404
12 0.306005 0.385681 0.036952 0.016166
18 0.307159 0.506351 0.085450 0.144342