0 0.514627 0.419169 0.612009 0.838337
1 0.633564 0.083141 0.221709 0.161663
2 0.555042 0.330254 0.420323 0.323326
3 0.725943 0.307159 0.120092 0.161663
4 0.677444 0.441109 0.078522 0.092379
3 0.384142 0.174365 0.147806 0.154734
4 0.333333 0.310624 0.083141 0.094688
5 0.321786 0.419169 0.106236 0.103926
5 0.643957 0.543880 0.108545 0.113164
13 0.637028 0.532333 0.071594 0.066975
13 0.326405 0.420323 0.069284 0.069284
6 0.518091 0.542725 0.133949 0.083141
6 0.364511 0.516166 0.131640 0.043880
7 0.501925 0.629330 0.096998 0.076212
7 0.337952 0.573903 0.092379 0.053118
8 0.467282 0.744804 0.133949 0.163972
8 0.289453 0.685912 0.143187 0.152425
15 0.451116 0.737875 0.087760 0.140878
15 0.282525 0.689376 0.138568 0.136259
9 0.643957 0.053118 0.200924 0.101617
11 0.638183 0.102771 0.138568 0.076212
17 0.561971 0.293303 0.346420 0.378753