0 0.730172 0.526724 0.505172 0.946552
1 0.775000 0.177586 0.163793 0.210345
9 0.765517 0.122414 0.144828 0.089655
12 0.761207 0.186207 0.084483 0.041379
2 0.747414 0.468966 0.277586 0.413793
17 0.752586 0.468103 0.270690 0.408621
3 0.569828 0.371552 0.105172 0.115517
3 0.932759 0.400000 0.075862 0.179310
4 0.562931 0.473276 0.091379 0.087931
5 0.650862 0.500000 0.074138 0.075862
13 0.646552 0.500000 0.079310 0.075862
6 0.662931 0.751724 0.122414 0.179310
6 0.776724 0.759483 0.105172 0.160345
7 0.772414 0.915517 0.093103 0.155172
7 0.629310 0.922414 0.096552 0.155172