0 0.670172 0.625862 0.191379 0.444828
0 0.557241 0.596552 0.127586 0.317241
1 0.541379 0.477364 0.052280 0.076196
1 0.617853 0.445384 0.057286 0.071190
9 0.616185 0.434260 0.046162 0.037820
9 0.540823 0.462069 0.048943 0.046719
12 0.540545 0.484316 0.019466 0.020022
2 0.652058 0.553838 0.083426 0.172414
2 0.561680 0.557175 0.059511 0.139043
17 0.652614 0.553281 0.073415 0.152392
17 0.564461 0.556340 0.055061 0.119577
6 0.689377 0.678532 0.040601 0.074527
6 0.641268 0.685206 0.041157 0.093437
6 0.581201 0.659900 0.033370 0.060623
7 0.587875 0.719132 0.031146 0.054505
7 0.696607 0.752781 0.039488 0.069522
7 0.629867 0.774194 0.035039 0.083426
8 0.613126 0.817909 0.033370 0.025584
8 0.710456 0.790378 0.033370 0.026140
8 0.590323 0.752280 0.020022 0.016685
15 0.589766 0.747831 0.027809 0.026696
15 0.619800 0.815962 0.052280 0.035039
15 0.707119 0.787319 0.042269 0.034483