0 0.516724 0.503448 0.543103 0.993103
1 0.536552 0.100862 0.189655 0.184483
9 0.524483 0.052586 0.165517 0.077586
11 0.536207 0.108621 0.113793 0.037931
2 0.531897 0.368103 0.356897 0.370690
17 0.529310 0.367241 0.337931 0.344828
3 0.720690 0.309483 0.096552 0.143103
3 0.324138 0.310345 0.096552 0.117241
4 0.296897 0.438793 0.075862 0.129310
4 0.727069 0.453448 0.077586 0.141379
5 0.679655 0.543103 0.086207 0.044828
5 0.293448 0.529310 0.075862 0.062069
13 0.292241 0.527586 0.067241 0.058621
13 0.681034 0.535345 0.089655 0.050000
6 0.426724 0.649138 0.156897 0.191379
6 0.593966 0.644828 0.136207 0.186207
7 0.414655 0.843103 0.125862 0.189655
7 0.600862 0.836207 0.139655 0.200000
8 0.630172 0.962069 0.150000 0.034483
8 0.381897 0.957759 0.136207 0.025862
15 0.381897 0.948276 0.136207 0.044828
15 0.626724 0.952586 0.153448 0.053448