9 0.453101 0.134342 0.160243 0.060091
11 0.453447 0.183727 0.138831 0.026247
1 0.455173 0.173021 0.164387 0.151264
17 0.458972 0.385067 0.271446 0.243818
2 0.451720 0.378851 0.298384 0.261776
3 0.618179 0.330847 0.069070 0.132615
3 0.284224 0.339481 0.069761 0.141594
4 0.294930 0.468642 0.063545 0.109822
4 0.621978 0.449993 0.060091 0.111203
13 0.325667 0.557743 0.084956 0.065617
13 0.614035 0.546346 0.071833 0.062163
5 0.615762 0.547037 0.084956 0.067689
5 0.327739 0.560506 0.097389 0.072524
6 0.395082 0.580881 0.138141 0.133996
6 0.524244 0.580881 0.124327 0.133996
7 0.525625 0.704517 0.084266 0.106368
7 0.381268 0.708316 0.089791 0.118110
15 0.379887 0.751830 0.088410 0.142976
15 0.545310 0.749068 0.118110 0.141594
8 0.557397 0.787402 0.150573 0.064926
8 0.380577 0.793963 0.116038 0.062854
0 0.456693 0.463911 0.509186 0.807087