0 0.474211 0.487298 0.401848 0.942263
1 0.571209 0.114319 0.124711 0.187067
2 0.521555 0.393764 0.200924 0.385681
3 0.475366 0.282910 0.122402 0.173210
4 0.417629 0.411085 0.062356 0.078522
3 0.607005 0.318707 0.085450 0.152425
4 0.586220 0.420323 0.030023 0.046189
5 0.369130 0.487298 0.076212 0.096998
5 0.574673 0.501326 0.076212 0.097340
6 0.389915 0.623557 0.057737 0.138568
7 0.374904 0.754042 0.064665 0.108545
8 0.339620 0.893123 0.089043 0.128047
6 0.478830 0.640878 0.069284 0.080831
7 0.438414 0.730947 0.030023 0.071594
8 0.416431 0.866008 0.064751 0.101702
14 0.364511 0.478060 0.043880 0.073903
14 0.571380 0.491404 0.032504 0.082970
9 0.584210 0.073989 0.088957 0.110341
11 0.573946 0.141562 0.068429 0.041913
15 0.333590 0.903687 0.066718 0.094945
15 0.407578 0.863912 0.036780 0.073561
17 0.520486 0.364811 0.180481 0.327602