0 0.558793 0.430172 0.882414 0.350000
8 0.935690 0.428448 0.060345 0.098276
8 0.880517 0.334483 0.032759 0.117241
1 0.199483 0.463793 0.167241 0.206897
9 0.166724 0.468966 0.098276 0.186207
12 0.196897 0.436207 0.020690 0.072414
2 0.452931 0.431897 0.312069 0.191379
17 0.451207 0.419828 0.281034 0.163793
4 0.474483 0.305172 0.127586 0.055172
3 0.400345 0.547414 0.141379 0.084483
4 0.532241 0.541379 0.122414 0.048276
5 0.651207 0.496552 0.087931 0.103448
5 0.579655 0.291379 0.082759 0.051724
13 0.574483 0.291379 0.086207 0.051724
13 0.641724 0.492241 0.096552 0.098276
6 0.663276 0.452586 0.125862 0.091379
6 0.650345 0.362069 0.141379 0.075862
7 0.792586 0.372414 0.146552 0.089655
7 0.820172 0.464655 0.177586 0.087931
15 0.887414 0.333621 0.053448 0.125862
15 0.932241 0.427586 0.067241 0.110345