0 0.555517 0.513793 0.641379 0.903448
1 0.733103 0.231034 0.241379 0.317241
9 0.740000 0.143103 0.200000 0.134483
12 0.721034 0.239655 0.158621 0.041379
2 0.538276 0.668103 0.537931 0.581034
17 0.540000 0.668966 0.486207 0.537931
3 0.770172 0.606897 0.125862 0.237931
3 0.397759 0.558621 0.098276 0.206897
4 0.308965 0.585345 0.065517 0.205172
4 0.672759 0.730172 0.172414 0.246552
5 0.581379 0.531034 0.124138 0.179310
5 0.319310 0.378448 0.110345 0.218966
14 0.581379 0.531034 0.110345 0.165517
14 0.321897 0.375862 0.101724 0.193103