9 0.415209 0.193205 0.096967 0.034996
11 0.417760 0.219452 0.097696 0.014582
1 0.412292 0.211432 0.110090 0.081656
17 0.416302 0.324074 0.158938 0.131963
2 0.417396 0.324439 0.187372 0.150190
3 0.331365 0.301108 0.059055 0.065617
4 0.324439 0.364173 0.045203 0.053223
11 0.333552 0.413021 0.044474 0.028434
3 0.509259 0.295640 0.037183 0.069262
4 0.522018 0.360163 0.033537 0.048119
13 0.523476 0.406824 0.036454 0.032079
6 0.459682 0.432342 0.076553 0.064159
6 0.384587 0.431613 0.066346 0.059784
7 0.371099 0.502333 0.058326 0.074366
7 0.458224 0.501239 0.061971 0.067804
15 0.472805 0.536964 0.064888 0.073637
15 0.373287 0.531861 0.072908 0.080927
5 0.332094 0.415938 0.060513 0.041557
5 0.526757 0.409376 0.048848 0.035725