0 0.502931 0.505172 0.512069 0.768966
1 0.491724 0.287069 0.286207 0.325862
9 0.480517 0.203448 0.246552 0.162069
12 0.493448 0.318103 0.158621 0.053448
2 0.507241 0.680172 0.389655 0.422414
17 0.508965 0.677586 0.379310 0.437931
3 0.710690 0.629310 0.055172 0.265517
3 0.293448 0.613793 0.086207 0.227586
4 0.367586 0.694828 0.144828 0.268966
4 0.607241 0.669828 0.155172 0.274138
5 0.423621 0.488793 0.077586 0.125862
5 0.555517 0.469828 0.089655 0.101724
14 0.423621 0.491379 0.087931 0.134483
14 0.557241 0.461207 0.086207 0.125862