0 0.220172 0.531897 0.291379 0.563793
0 0.453793 0.583621 0.231034 0.450000
0 0.715862 0.529310 0.506897 0.568966
0 0.560690 0.600862 0.127586 0.463793
0 0.650345 0.602586 0.106897 0.398276
1 0.233965 0.353448 0.150000 0.175862
1 0.726207 0.355172 0.175862 0.189655
1 0.499483 0.428448 0.105172 0.105172
1 0.576207 0.430172 0.048276 0.101724
1 0.674483 0.452586 0.055172 0.074138
9 0.720172 0.303448 0.146552 0.082759
9 0.239138 0.306034 0.132759 0.081034
9 0.496034 0.403448 0.094828 0.048276
9 0.581379 0.410345 0.058621 0.037931
9 0.661552 0.425000 0.046552 0.012069
11 0.677069 0.366379 0.043103 0.018966
12 0.277069 0.362931 0.043103 0.022414
12 0.473621 0.425000 0.032759 0.015517
12 0.572759 0.432759 0.041379 0.017241
2 0.801207 0.614655 0.256897 0.391379
2 0.218448 0.578448 0.225862 0.367241
2 0.465000 0.583621 0.101724 0.239655
2 0.576207 0.557759 0.075862 0.163793
18 0.799483 0.628448 0.222414 0.381034
17 0.208965 0.573276 0.217241 0.360345
17 0.473621 0.585345 0.084483 0.246552
17 0.566724 0.556897 0.084483 0.162069
3 0.130517 0.544828 0.098276 0.182759
3 0.635690 0.564655 0.053448 0.105172
3 0.387414 0.509483 0.056897 0.101724
4 0.202069 0.636207 0.141379 0.051724
4 0.559828 0.606897 0.067241 0.068966
5 0.501207 0.625000 0.029310 0.050000
5 0.333965 0.653448 0.084483 0.062069
14 0.318448 0.659483 0.115517 0.060345
14 0.498621 0.625000 0.068966 0.050000
6 0.403793 0.751724 0.058621 0.110345
9 0.406379 0.621552 0.150000 0.091379
6 0.223621 0.787069 0.167241 0.056897
6 0.559828 0.744828 0.029310 0.110345
6 0.633965 0.724138 0.039655 0.179310