0 0.310690 0.548276 0.258621 0.903448
0 0.579655 0.550000 0.262069 0.893103
0 0.810690 0.504310 0.224138 0.991379
1 0.336552 0.207759 0.120690 0.184483
1 0.552069 0.217241 0.096552 0.148276
1 0.768448 0.128448 0.118966 0.225862
9 0.337414 0.163793 0.112069 0.086207
9 0.559828 0.186207 0.084483 0.082759
9 0.766724 0.074138 0.132759 0.113793
12 0.366647 0.201367 0.023187 0.026754
12 0.536385 0.217122 0.035672 0.030916
12 0.730499 0.151427 0.029132 0.027943
2 0.320690 0.487069 0.172414 0.391379
2 0.575000 0.460345 0.201724 0.372414
2 0.806897 0.440517 0.175862 0.453448
17 0.318103 0.478448 0.153448 0.363793
17 0.586207 0.457759 0.189655 0.367241
18 0.804310 0.446552 0.167241 0.451724
3 0.237069 0.398276 0.067241 0.200000
3 0.665517 0.374138 0.048276 0.165517
3 0.793103 0.332759 0.086207 0.203448
4 0.631034 0.456034 0.065517 0.091379
4 0.765517 0.488793 0.096552 0.108621
4 0.240517 0.580172 0.074138 0.153448
4 0.502586 0.501724 0.036207 0.075862
5 0.270690 0.699138 0.055172 0.091379
5 0.552984 0.419960 0.081565 0.084218
5 0.460809 0.488263 0.032493 0.064324
13 0.553448 0.422414 0.082759 0.089655
13 0.459483 0.484483 0.032759 0.058621
14 0.269828 0.699138 0.050000 0.091379
6 0.286207 0.766379 0.086207 0.215517
6 0.367241 0.769828 0.082759 0.212069
6 0.556034 0.761207 0.067241 0.236207
6 0.644828 0.758621 0.065517 0.220690
6 0.806034 0.781897 0.115517 0.212069
7 0.276724 0.941379 0.070690 0.117241
7 0.366379 0.944828 0.094828 0.110344
7 0.553448 0.940517 0.062069 0.115517
7 0.675000 0.937069 0.063793 0.122414
7 0.835345 0.938793 0.125862 0.112069