0 0.478448 0.452586 0.470690 0.732759
6 0.407759 0.568966 0.098276 0.100000
6 0.556897 0.488793 0.120690 0.101724
1 0.379310 0.199138 0.134483 0.194828
9 0.387931 0.153448 0.103448 0.079310
12 0.394828 0.200862 0.058621 0.018966
2 0.376724 0.376724 0.170690 0.256897
18 0.376724 0.381897 0.143103 0.215517
3 0.297414 0.357759 0.070690 0.153448
3 0.479310 0.352586 0.051724 0.084483
4 0.491379 0.451724 0.048276 0.089655
4 0.308621 0.475862 0.089655 0.082759
5 0.365517 0.541379 0.044828 0.048276
5 0.493103 0.538793 0.058621 0.077586
13 0.494828 0.537931 0.062069 0.096552
13 0.356034 0.529310 0.063793 0.065517
7 0.506034 0.664655 0.125862 0.143103
8 0.604310 0.748276 0.160345 0.062069
15 0.605172 0.744828 0.186207 0.110345