6 0.243212 0.803150 0.155878 0.286089
6 0.387604 0.811024 0.096808 0.267717
6 0.100460 0.895013 0.093527 0.165354
6 0.023567 0.897638 0.047134 0.144357
6 0.883132 0.860236 0.218229 0.279528
6 0.725613 0.862861 0.103372 0.266404
12 0.794527 0.241470 0.136188 0.026247
12 0.445853 0.129265 0.144392 0.043307
11 0.075027 0.505249 0.091886 0.031496
10 0.811756 0.194882 0.180490 0.059055
10 0.433547 0.075459 0.172286 0.069554
10 0.071746 0.475722 0.088604 0.030184
1 0.072566 0.508530 0.132906 0.137795
1 0.422881 0.131890 0.223152 0.229659
1 0.804372 0.238189 0.205103 0.187664
14 0.660800 0.484908 0.091886 0.051181
14 0.568094 0.485564 0.093527 0.073491
14 0.538559 0.567585 0.096808 0.087927
14 0.027444 0.673228 0.039380 0.052493
5 0.663262 0.484252 0.116498 0.070866
5 0.565633 0.481627 0.121421 0.094488
5 0.541021 0.570866 0.131266 0.104987
5 0.032591 0.675197 0.065182 0.074803
3 0.268644 0.361549 0.134547 0.261155
3 0.929075 0.429134 0.096808 0.149606
4 0.372836 0.501312 0.274017 0.144357
4 0.838829 0.496719 0.251046 0.106299
18 0.829805 0.534121 0.311756 0.346457
18 0.080995 0.701444 0.161990 0.224409
18 0.363812 0.437008 0.259250 0.446194
2 0.362991 0.441601 0.316678 0.481627
2 0.814217 0.526903 0.333087 0.408136
2 0.091661 0.700131 0.183322 0.250656
0 0.358069 0.501969 0.487324 0.993438
0 0.781176 0.553806 0.437648 0.892388
0 0.090020 0.703412 0.180040 0.593176