0 0.533965 0.627586 0.284483 0.741379
1 0.529655 0.358621 0.151724 0.206897
9 0.528793 0.334483 0.118966 0.144828
2 0.576207 0.599138 0.172414 0.360345
17 0.575345 0.595690 0.139655 0.336207
3 0.561552 0.618103 0.063793 0.167241
4 0.538276 0.762931 0.068966 0.112069
5 0.512414 0.859483 0.058621 0.112069
6 0.566724 0.844828 0.118966 0.200000
6 0.467586 0.841379 0.086207 0.179310
7 0.513276 0.973276 0.060345 0.053448
7 0.452069 0.965517 0.068966 0.068966
5 0.488276 0.677586 0.044828 0.093103
13 0.482241 0.680172 0.032759 0.077586
13 0.514138 0.862069 0.048276 0.096552