9 0.402887 0.313648 0.107612 0.115486
9 0.685696 0.412730 0.124672 0.143045
12 0.399876 0.374016 0.033966 0.044002
1 0.386753 0.325768 0.151305 0.171376
1 0.679327 0.411842 0.155936 0.181411
17 0.218465 0.485950 0.192991 0.328084
17 0.843755 0.528408 0.196078 0.332716
2 0.232747 0.499460 0.181411 0.318048
2 0.854948 0.519531 0.220009 0.347383
3 0.261695 0.436159 0.069477 0.163656
4 0.289872 0.581288 0.135093 0.109619
3 0.878493 0.524548 0.162112 0.125830
4 0.895476 0.631079 0.108075 0.068705
6 0.189517 0.726803 0.158252 0.101127
13 0.352015 0.678169 0.050950 0.067161
5 0.353559 0.678169 0.064845 0.073336
6 0.895476 0.743400 0.109619 0.115794
0 0.278114 0.511306 0.427014 0.594589
0 0.786392 0.543105 0.407834 0.537048