0 0.225491 0.512467 0.450982 0.975066
0 0.476804 0.503281 0.247715 0.757218
0 0.642239 0.436352 0.175939 0.479003
0 0.723206 0.525591 0.504183 0.948818
10 0.768285 0.135171 0.184692 0.091864
10 0.622107 0.244094 0.125170 0.076115
10 0.506565 0.210630 0.109415 0.080052
10 0.227338 0.092520 0.188193 0.124672
12 0.260601 0.202756 0.139176 0.072178
12 0.508753 0.268373 0.077028 0.038058
12 0.712702 0.213255 0.077028 0.059055
11 0.585781 0.308399 0.059522 0.044619
1 0.500875 0.267060 0.131298 0.250656
1 0.757781 0.216535 0.196947 0.346457
1 0.619919 0.324803 0.120794 0.276903
1 0.210707 0.238845 0.256468 0.409449
18 0.117924 0.691601 0.186443 0.616798
18 0.484682 0.589895 0.125170 0.400262
18 0.724081 0.702756 0.332621 0.541995
2 0.134117 0.683071 0.232835 0.623360
2 0.706137 0.705381 0.379013 0.589238
2 0.479430 0.614173 0.137425 0.461942
14 0.530198 0.791339 0.093659 0.154856
14 0.679440 0.809711 0.117293 0.125984
14 0.390148 0.773622 0.081405 0.114173
5 0.387522 0.776247 0.104163 0.148294
5 0.672438 0.808399 0.134799 0.144357
5 0.525384 0.790682 0.108539 0.177165
4 0.275481 0.889764 0.254717 0.215223
4 0.858880 0.841864 0.220580 0.182415
4 0.384896 0.649606 0.039389 0.125984
3 0.216397 0.597113 0.189069 0.341207
3 0.395837 0.499344 0.042015 0.187664
3 0.903522 0.589895 0.112041 0.337270