10 0.693416 0.100394 0.089423 0.059055
12 0.673823 0.150919 0.052247 0.026247
1 0.689899 0.141732 0.104495 0.160105
18 0.730089 0.306430 0.140666 0.208661
2 0.729587 0.322835 0.157747 0.233596
3 0.828556 0.291995 0.074352 0.169291
4 0.832072 0.434383 0.051243 0.139108
3 0.635642 0.267717 0.074352 0.094488
4 0.558276 0.295276 0.090428 0.065617
14 0.481914 0.301837 0.054257 0.057743
14 0.818508 0.541339 0.044209 0.064304
5 0.819513 0.545932 0.058276 0.083990
5 0.477895 0.301837 0.066314 0.073491
6 0.705975 0.550525 0.054257 0.195538
6 0.664278 0.491470 0.057271 0.127297
6 0.762744 0.547900 0.065309 0.198163
7 0.674325 0.611549 0.031147 0.104987
7 0.782337 0.757218 0.078371 0.212598
7 0.714516 0.750656 0.057271 0.181102
15 0.659756 0.690945 0.056266 0.038058
15 0.777815 0.913386 0.099471 0.073491
15 0.698440 0.867454 0.093442 0.047244
8 0.691909 0.867454 0.110523 0.065617
8 0.781332 0.909449 0.122580 0.104987
8 0.655235 0.687008 0.065309 0.051181
14 0.608011 0.180446 0.023109 0.030184
5 0.606002 0.180446 0.041195 0.045932
0 0.663775 0.505906 0.464198 0.938320