0 0.483834 0.500000 0.381062 0.995381
1 0.563510 0.129330 0.170901 0.235566
2 0.504619 0.442263 0.242494 0.367206
3 0.457275 0.391455 0.096998 0.228637
4 0.419169 0.556582 0.071594 0.092379
5 0.362587 0.653613 0.060046 0.096931
6 0.405312 0.721709 0.080831 0.145497
6 0.473441 0.702079 0.046189 0.115473
7 0.367206 0.900693 0.055427 0.180139
7 0.438799 0.825635 0.041570 0.094688
8 0.431871 0.928406 0.064665 0.078522
9 0.566975 0.096998 0.127021 0.133949
11 0.539261 0.183603 0.076212 0.043880
13 0.371691 0.657362 0.041169 0.074305
15 0.424909 0.921277 0.053218 0.053218
17 0.520802 0.446330 0.188774 0.360478