0 0.676207 0.418103 0.275862 0.350000
0 0.107241 0.473276 0.179310 0.329310
0 0.205517 0.480172 0.113793 0.315517
0 0.252069 0.506897 0.055172 0.268966
0 0.790000 0.531897 0.075862 0.074138
0 0.593448 0.598276 0.727586 0.131034
0 0.143448 0.375862 0.044828 0.072414
1 0.825345 0.607759 0.229310 0.122414
1 0.800345 0.527586 0.055172 0.072414
1 0.653793 0.318966 0.106897 0.134483
1 0.090862 0.357328 0.079310 0.092241
1 0.144310 0.375431 0.041379 0.071552
1 0.220603 0.371552 0.075000 0.081034
1 0.254224 0.407759 0.040517 0.065517
10 0.095603 0.337500 0.066379 0.049138
10 0.230948 0.350000 0.052586 0.037931
10 0.805172 0.499569 0.024138 0.023276
10 0.652155 0.287931 0.081897 0.058621
11 0.643103 0.353017 0.067241 0.031897
11 0.794397 0.534914 0.016379 0.019828
11 0.259741 0.411466 0.021552 0.019828
12 0.104138 0.360172 0.036207 0.012069
12 0.139052 0.383879 0.035345 0.012931
12 0.228707 0.379569 0.035345 0.019828
12 0.785259 0.586897 0.016379 0.036207
9 0.866293 0.598966 0.152586 0.141379
9 0.145000 0.358793 0.034483 0.034483
9 0.260086 0.385086 0.030172 0.025000
2 0.673448 0.472759 0.148276 0.220690
2 0.561810 0.615862 0.262931 0.079310
2 0.096293 0.499914 0.142241 0.157759
2 0.205345 0.488276 0.086207 0.158621
2 0.262672 0.523621 0.014655 0.100000
17 0.101897 0.509397 0.148276 0.185345
17 0.204483 0.484397 0.082759 0.164655
18 0.675603 0.481379 0.143966 0.186207
18 0.562241 0.616724 0.250000 0.077586
3 0.055345 0.467241 0.055172 0.079310
3 0.172586 0.461638 0.025862 0.071552
3 0.249310 0.476293 0.024138 0.042241
3 0.269138 0.494397 0.013793 0.056034
3 0.576724 0.447414 0.041379 0.094828
3 0.773276 0.437069 0.048276 0.108621
4 0.565603 0.506638 0.023276 0.026724
4 0.755144 0.522155 0.094195 0.035345
4 0.138707 0.523448 0.078448 0.034483
4 0.108966 0.505345 0.070690 0.020690
4 0.215326 0.503496 0.048851 0.027299
4 0.204071 0.518103 0.033046 0.022031
5 0.064464 0.529598 0.035441 0.025862
5 0.674761 0.536159 0.063697 0.049330
5 0.565805 0.536877 0.036398 0.041188
13 0.687213 0.534483 0.084770 0.047893
13 0.566762 0.540709 0.038314 0.045019
14 0.065709 0.529215 0.033525 0.022031
6 0.332305 0.614247 0.174229 0.044465
6 0.108621 0.602904 0.057169 0.025408
6 0.203902 0.602450 0.040835 0.051724
6 0.245191 0.596552 0.014519 0.029038