0 0.468448 0.504310 0.377586 0.950000
1 0.340862 0.134483 0.101724 0.193103
9 0.336552 0.093103 0.096552 0.089655
12 0.321034 0.159483 0.034483 0.015517
2 0.452931 0.376724 0.170690 0.339655
17 0.447759 0.377586 0.143103 0.306897
3 0.411552 0.319828 0.091379 0.167241
4 0.427069 0.462931 0.067241 0.129310
5 0.459828 0.575000 0.060345 0.091379
14 0.456379 0.573276 0.050000 0.074138
6 0.512414 0.646552 0.093103 0.203448
7 0.562414 0.814655 0.103448 0.136207
7 0.573621 0.734483 0.036207 0.144828
8 0.586552 0.926724 0.110345 0.087931
8 0.594310 0.799138 0.018966 0.039655
15 0.596034 0.796552 0.029310 0.041379
15 0.583103 0.931897 0.089655 0.084483