0 0.449192 0.577367 0.270208 0.845266
1 0.416859 0.250577 0.122402 0.191686
2 0.431871 0.520785 0.138568 0.325635
3 0.512702 0.443418 0.060046 0.147806
4 0.502309 0.561008 0.031755 0.072171
3 0.357246 0.446257 0.059180 0.154446
4 0.357968 0.579773 0.060624 0.101039
5 0.480658 0.640637 0.051963 0.088048
6 0.496536 0.775982 0.083141 0.161663
6 0.419169 0.784065 0.062356 0.187067
7 0.502309 0.916859 0.053118 0.138568
7 0.436490 0.930716 0.046189 0.092379
10 0.405312 0.204388 0.099307 0.076212
11 0.415704 0.272517 0.060046 0.036952
14 0.474724 0.638440 0.027714 0.064665
17 0.437644 0.509238 0.145497 0.297921