12 0.707185 0.221785 0.125000 0.047244
12 0.245079 0.242126 0.112205 0.038058
10 0.720472 0.141076 0.149606 0.108924
10 0.248524 0.181759 0.119094 0.077428
1 0.718996 0.210630 0.172244 0.282152
1 0.248031 0.240814 0.143701 0.229659
14 0.530020 0.645013 0.079724 0.090551
14 0.547244 0.604331 0.084646 0.045932
5 0.528543 0.641732 0.100394 0.102362
5 0.547736 0.601706 0.107283 0.066929
18 0.800689 0.667979 0.221457 0.632546
18 0.252461 0.470472 0.217520 0.219160
2 0.801181 0.666667 0.255906 0.666666
4 0.664862 0.716535 0.176181 0.152231
3 0.770177 0.542651 0.103346 0.313648
3 0.370079 0.464567 0.055118 0.212598
3 0.141732 0.406168 0.047244 0.069554
0 0.713091 0.511155 0.534449 0.977690
0 0.238189 0.355643 0.344488 0.622047