0 0.483268 0.528871 0.381890 0.708661
11 0.450720 0.320844 0.040049 0.016291
10 0.449362 0.297086 0.052946 0.027604
1 0.449023 0.321522 0.060413 0.087338
18 0.457677 0.467011 0.117092 0.189157
2 0.457847 0.465879 0.121504 0.201376
14 0.370961 0.371753 0.023758 0.027604
14 0.520466 0.529686 0.022061 0.047516
5 0.520635 0.531496 0.031225 0.059281
5 0.371301 0.372658 0.031903 0.033940
4 0.363494 0.419495 0.023758 0.066974
4 0.535399 0.471762 0.026134 0.084623
3 0.526235 0.398226 0.043782 0.091411
3 0.390646 0.411576 0.041406 0.081003
6 0.508926 0.625396 0.062788 0.121278
6 0.447665 0.629469 0.059734 0.132139
7 0.516902 0.729025 0.048873 0.085981
7 0.453265 0.737397 0.051249 0.081908
15 0.466501 0.802109 0.027491 0.047516
15 0.549314 0.796000 0.060073 0.043443
8 0.549654 0.797810 0.069576 0.052493
8 0.467011 0.802561 0.040728 0.054756