0 0.496536 0.450346 0.438799 0.785219
1 0.420323 0.147806 0.244804 0.152425
2 0.481524 0.376443 0.265589 0.286374
3 0.515012 0.303695 0.110855 0.131640
4 0.505774 0.423788 0.078522 0.080831
5 0.461894 0.536952 0.133949 0.122402
6 0.565820 0.548499 0.060046 0.085450
7 0.575058 0.632794 0.110855 0.055427
8 0.558891 0.743649 0.189376 0.147806
8 0.443418 0.692841 0.161663 0.129330
15 0.558891 0.752887 0.161663 0.129330
15 0.448037 0.692841 0.133949 0.092379
13 0.474596 0.541570 0.066975 0.066975
9 0.418014 0.123557 0.193995 0.090069
11 0.370670 0.181293 0.071594 0.025404
17 0.491917 0.368360 0.230947 0.251732