11 0.486877 0.183727 0.236220 0.078740
10 0.497375 0.093176 0.243220 0.110236
1 0.477253 0.182415 0.304462 0.309711
18 0.473753 0.648950 0.447944 0.649606
2 0.470254 0.650919 0.482940 0.679790
3 0.751094 0.463255 0.204724 0.301837
3 0.184164 0.483596 0.127734 0.334646
14 0.223535 0.716535 0.150481 0.146982
14 0.750219 0.686352 0.111986 0.149606
5 0.750219 0.687008 0.153981 0.174541
5 0.219160 0.709974 0.183727 0.165354
4 0.819335 0.652887 0.117235 0.082677
4 0.164042 0.687008 0.136483 0.077428
0 0.483377 0.505906 0.838145 0.988188