0 0.495172 0.425000 0.486207 0.829310
1 0.453793 0.094828 0.196552 0.172414
9 0.457241 0.053448 0.179310 0.093103
11 0.462414 0.105172 0.182759 0.051724
2 0.490000 0.331897 0.296552 0.318966
17 0.494310 0.327586 0.294828 0.286207
3 0.319310 0.300000 0.065517 0.172414
3 0.668448 0.240517 0.067241 0.129310
4 0.677931 0.366379 0.082759 0.108621
4 0.324483 0.437069 0.068966 0.098276
5 0.356379 0.527586 0.084483 0.089655
5 0.685690 0.472414 0.074138 0.103448
13 0.363276 0.535345 0.087931 0.077586
13 0.681379 0.482759 0.065517 0.089655
6 0.452931 0.542241 0.122414 0.115517
6 0.602931 0.537069 0.132759 0.087931
7 0.617586 0.647414 0.103448 0.115517
7 0.462414 0.662931 0.117241 0.125862
8 0.471897 0.782759 0.101724 0.117241
8 0.650345 0.754310 0.124138 0.087931
15 0.640862 0.719828 0.139655 0.163793
15 0.473621 0.750000 0.101724 0.168966