0 0.366724 0.538793 0.632759 0.922414
4 0.386552 0.575862 0.100000 0.158621
4 0.576207 0.700862 0.075862 0.146552
1 0.552069 0.214655 0.155172 0.263793
9 0.549483 0.156897 0.122414 0.158621
11 0.577069 0.238793 0.050000 0.063793
2 0.357241 0.396552 0.320690 0.393103
18 0.375345 0.379310 0.243103 0.317241
3 0.352069 0.381034 0.082759 0.265517
3 0.533965 0.537069 0.074138 0.170690
5 0.425345 0.681897 0.091379 0.112069
5 0.611552 0.834483 0.050000 0.110345
13 0.610690 0.820690 0.062069 0.134483
13 0.428793 0.664655 0.094828 0.132759
6 0.339138 0.787931 0.208621 0.334483
7 0.296034 0.868966 0.205172 0.193103
8 0.133103 0.816379 0.120690 0.215517
15 0.137414 0.805172 0.115517 0.237931