9 0.608778 0.080563 0.209974 0.085302
11 0.588728 0.137066 0.158209 0.026247
1 0.600758 0.115923 0.199767 0.172062
3 0.749490 0.293817 0.112278 0.154564
3 0.465879 0.275591 0.064159 0.126859
4 0.439997 0.393336 0.076553 0.117381
4 0.741834 0.437810 0.070720 0.113007
17 0.584719 0.340478 0.234762 0.278507
2 0.592374 0.339385 0.251531 0.299650
13 0.420312 0.487022 0.054681 0.064159
13 0.709026 0.538787 0.105716 0.074366
5 0.710849 0.536235 0.129775 0.076553
5 0.422499 0.489939 0.064888 0.072908
6 0.499781 0.550817 0.129046 0.114465
6 0.638670 0.552275 0.132692 0.118839
7 0.638670 0.670385 0.118110 0.110090
7 0.476451 0.661272 0.095509 0.094780
15 0.436352 0.695903 0.203412 0.129046
15 0.596748 0.731992 0.178624 0.128317
8 0.418125 0.730898 0.193205 0.050306
8 0.579615 0.754593 0.160397 0.064159
0 0.566273 0.425853 0.510499 0.817585