17 0.486502 0.527278 0.080615 0.169666
17 0.188414 0.291526 0.059993 0.093738
17 0.689239 0.185302 0.019948 0.036745
17 0.868954 0.187164 0.025622 0.036870
2 0.191273 0.285761 0.061024 0.099081
2 0.490814 0.521654 0.074803 0.178478
2 0.689599 0.183150 0.031564 0.050027
2 0.868766 0.187664 0.036745 0.044619
10 0.530184 0.411417 0.062992 0.035433
10 0.217848 0.235236 0.028871 0.022966
10 0.047572 0.454068 0.064961 0.035433
1 0.524606 0.417979 0.066273 0.076115
1 0.048228 0.458333 0.068898 0.061024
1 0.217192 0.234908 0.044619 0.039370
3 0.077100 0.529856 0.066273 0.055774
3 0.541667 0.510827 0.038714 0.071522
3 0.442913 0.485892 0.026247 0.063648
3 0.223753 0.291010 0.018373 0.036089
3 0.161417 0.257546 0.032808 0.024278
3 0.668839 0.177165 0.015386 0.019459
4 0.667255 0.196624 0.011313 0.014028
4 0.538963 0.583990 0.022626 0.060186
4 0.438727 0.541904 0.022174 0.041180
4 0.123541 0.559100 0.040728 0.033035
6 0.029188 0.644855 0.058376 0.060639
6 0.178297 0.357951 0.030772 0.028962
6 0.209747 0.357272 0.030319 0.030319
6 0.677663 0.220608 0.016744 0.020364
6 0.693502 0.220834 0.018554 0.019911
6 0.857996 0.218572 0.014481 0.013576
6 0.869762 0.219703 0.014481 0.015839
6 0.503439 0.638519 0.037560 0.052493
6 0.458865 0.640103 0.042538 0.056566
7 0.450720 0.696443 0.036202 0.050683
7 0.494841 0.692144 0.036655 0.050231
7 0.028736 0.701873 0.042990 0.040728
7 0.183048 0.386460 0.023984 0.024437
7 0.220382 0.382388 0.030772 0.019006
7 0.671101 0.243235 0.013576 0.022174
7 0.690560 0.243235 0.018101 0.019459
7 0.855281 0.236220 0.019006 0.019911
7 0.865463 0.236899 0.012218 0.016744