10 0.473438 0.221129 0.249878 0.101050
12 0.463600 0.297900 0.167241 0.044619
1 0.481308 0.278215 0.316774 0.254593
4 0.537383 0.653543 0.365963 0.128609
3 0.707576 0.494094 0.175111 0.198163
3 0.304229 0.494751 0.127890 0.230971
18 0.504919 0.495407 0.289229 0.213911
2 0.516724 0.486877 0.301034 0.249344
14 0.259960 0.741470 0.228235 0.094488
14 0.062222 0.625984 0.116085 0.086614
14 0.755781 0.923228 0.350223 0.153543
14 0.676095 0.727690 0.151501 0.106299
5 0.261927 0.743438 0.279391 0.106299
5 0.075872 0.619423 0.151744 0.094488
5 0.747910 0.921260 0.393509 0.157480
5 0.678063 0.730971 0.230203 0.125984
0 0.504919 0.471785 0.726023 0.786089