0 0.483834 0.552348 0.330254 0.893764
1 0.503464 0.210547 0.152425 0.196305
2 0.508083 0.485373 0.152425 0.334873
3 0.441109 0.402232 0.046189 0.163972
4 0.424942 0.515396 0.069284 0.043880
3 0.581986 0.399923 0.046189 0.159353
4 0.593533 0.531563 0.055427 0.071594
5 0.369900 0.586605 0.096228 0.109007
5 0.581986 0.623941 0.069284 0.099307
6 0.566975 0.739030 0.066975 0.143187
6 0.490762 0.743649 0.057737 0.152425
7 0.569284 0.874134 0.053118 0.103926
7 0.506928 0.883372 0.048499 0.094688
8 0.499615 0.968437 0.071132 0.062818
8 0.578137 0.969361 0.048961 0.057275
9 0.497306 0.163356 0.094226 0.096998
11 0.503772 0.231409 0.064665 0.032333
14 0.363818 0.584296 0.072979 0.095150
14 0.578599 0.618476 0.044342 0.061894
15 0.496844 0.965204 0.041570 0.054503
15 0.580908 0.979985 0.032333 0.039723
17 0.513010 0.480370 0.134873 0.315935