0 0.370670 0.502309 0.704388 0.990762
1 0.424942 0.084296 0.207852 0.154734
12 0.426097 0.053118 0.131640 0.069284
2 0.385681 0.412240 0.341801 0.542725
4 0.625866 0.341801 0.157044 0.180139
4 0.099307 0.249423 0.101617 0.161663
5 0.229792 0.118938 0.163972 0.122402
5 0.534642 0.189376 0.131640 0.133949
14 0.237875 0.123557 0.138568 0.108545
14 0.540416 0.188222 0.106236 0.099307
6 0.381062 0.785219 0.147806 0.235566
6 0.207852 0.742494 0.152425 0.270208
7 0.346420 0.946882 0.110855 0.069284
7 0.175520 0.911085 0.115473 0.076212
17 0.340647 0.368360 0.422633 0.473441