9 0.478346 0.097769 0.253281 0.098425
11 0.517717 0.159449 0.166667 0.035433
1 0.479003 0.147638 0.249344 0.203412
17 0.520341 0.395669 0.266404 0.297900
2 0.521654 0.401575 0.276903 0.312336
3 0.349081 0.364829 0.131234 0.183727
3 0.616142 0.325459 0.048556 0.125984
4 0.646325 0.456037 0.069554 0.137795
4 0.400919 0.523622 0.143045 0.133858
13 0.459318 0.629265 0.115486 0.069554
13 0.655512 0.553806 0.056430 0.076115
5 0.658136 0.557087 0.074803 0.082677
5 0.461942 0.628609 0.123360 0.099738
6 0.578084 0.621391 0.106299 0.137795
6 0.450787 0.707349 0.108924 0.060367
7 0.433071 0.809711 0.120735 0.131234
7 0.555118 0.747375 0.123360 0.122047
15 0.601050 0.803150 0.217848 0.131234
15 0.473097 0.858268 0.208661 0.165354
8 0.610892 0.826772 0.229659 0.094488
8 0.478346 0.895669 0.195538 0.114173
0 0.530840 0.488189 0.586614 0.952756