10 0.333870 0.167979 0.206540 0.120735
10 0.702692 0.316273 0.171903 0.081365
10 0.485889 0.392388 0.035920 0.034121
10 0.203659 0.337927 0.053880 0.017060
10 0.018286 0.406824 0.024374 0.020997
1 0.024059 0.411417 0.041052 0.035433
1 0.326173 0.271654 0.221935 0.391076
1 0.696919 0.404199 0.242460 0.275591
1 0.483964 0.393045 0.052597 0.061680
1 0.124764 0.387139 0.037203 0.049869
1 0.197887 0.354987 0.080820 0.053806
1 0.829695 0.402231 0.079537 0.030184
11 0.693070 0.402231 0.165489 0.040682
11 0.311420 0.263123 0.169337 0.077428
18 0.286404 0.709974 0.337392 0.580052
18 0.759138 0.773622 0.315583 0.452756
2 0.753365 0.761811 0.352786 0.476378
2 0.294742 0.711286 0.418212 0.577428
14 0.260747 0.843832 0.188580 0.128609
14 0.432008 0.874016 0.133417 0.118110
14 0.754648 0.895669 0.219369 0.132546
14 0.618665 0.878609 0.119306 0.143045
5 0.764269 0.900919 0.241178 0.161417
5 0.617382 0.877953 0.142397 0.165354
5 0.435857 0.877953 0.159075 0.141732
5 0.254332 0.845801 0.211672 0.156168
3 0.068475 0.604987 0.136950 0.314961
3 0.941146 0.688976 0.117708 0.246719
3 0.484606 0.637139 0.094932 0.292651
4 0.092208 0.816929 0.184416 0.145669
4 0.914847 0.893701 0.170305 0.152231
0 0.765394 0.593176 0.469211 0.813648
0 0.262829 0.528871 0.525657 0.942257
0 0.024858 0.443570 0.049716 0.133858
0 0.114501 0.397638 0.060294 0.099738
0 0.487171 0.419291 0.059012 0.174541
0 0.839958 0.451444 0.107760 0.170604