0 0.418014 0.524634 0.521940 0.806005
1 0.479215 0.219784 0.196305 0.187067
2 0.409931 0.439184 0.316397 0.302540
3 0.601617 0.413780 0.094688 0.154734
4 0.596998 0.548884 0.071594 0.101617
3 0.290993 0.338722 0.143187 0.096998
4 0.262125 0.425327 0.117783 0.062356
5 0.560046 0.642417 0.108545 0.085450
5 0.191686 0.516551 0.073903 0.120092
6 0.449192 0.648191 0.094688 0.096998
6 0.332564 0.650500 0.110855 0.101617
7 0.459584 0.742879 0.101617 0.073903
7 0.336028 0.740570 0.076212 0.060046
8 0.472286 0.839877 0.117783 0.110855
8 0.303695 0.831794 0.168591 0.103926
9 0.473441 0.182448 0.166282 0.101617
11 0.459584 0.229792 0.120092 0.066975
13 0.564751 0.635745 0.098794 0.068001
13 0.190103 0.514498 0.062869 0.089813
15 0.302369 0.833333 0.159097 0.080831
15 0.460825 0.832692 0.085964 0.087247
17 0.454409 0.436233 0.314344 0.300231