0 0.394919 0.503849 0.720554 0.653580
1 0.219400 0.345650 0.286374 0.277136
2 0.224018 0.641263 0.360277 0.300231
3 0.420323 0.419553 0.115473 0.101617
3 0.214781 0.642417 0.217090 0.117783
4 0.383372 0.705928 0.106236 0.101617
4 0.554273 0.440339 0.124711 0.115473
5 0.690531 0.434565 0.092379 0.145497
5 0.566975 0.668976 0.233256 0.147806
9 0.227483 0.313318 0.274827 0.198614
12 0.286374 0.413780 0.106236 0.057737
13 0.690531 0.428791 0.073903 0.120092
13 0.550808 0.659738 0.173210 0.110855
18 0.197460 0.637798 0.270208 0.288684