0 0.482679 0.482679 0.595843 0.914550
1 0.578522 0.125866 0.224018 0.182448
2 0.515012 0.366051 0.332564 0.321016
3 0.689376 0.345266 0.108545 0.154734
3 0.370670 0.271363 0.136259 0.191686
4 0.667436 0.497691 0.110855 0.122402
4 0.330254 0.414550 0.166282 0.090069
5 0.593533 0.608545 0.120092 0.085450
5 0.288684 0.502309 0.096998 0.076212
6 0.493072 0.606236 0.094688 0.140878
6 0.357968 0.572748 0.110855 0.092379
7 0.509238 0.717090 0.080831 0.053118
7 0.347575 0.674365 0.066975 0.050808
8 0.461894 0.826790 0.138568 0.161663
8 0.287529 0.775982 0.154734 0.115473
15 0.453811 0.814088 0.094688 0.122402
15 0.282910 0.777136 0.154734 0.071594
13 0.580831 0.605081 0.053118 0.050808
13 0.302540 0.494226 0.064665 0.036952
9 0.585450 0.077367 0.210162 0.071594
11 0.575058 0.142032 0.147806 0.080831
17 0.533487 0.367206 0.332564 0.323326