0 0.273621 0.593966 0.284483 0.812068
0 0.546897 0.541379 0.248276 0.917241
0 0.800345 0.531034 0.289655 0.937931
1 0.360690 0.314655 0.120690 0.229310
1 0.560690 0.250000 0.127586 0.279310
1 0.767586 0.190517 0.141379 0.225862
9 0.358103 0.267241 0.112069 0.144828
9 0.553793 0.183621 0.096552 0.087931
9 0.764138 0.142241 0.113793 0.108621
12 0.373960 0.341974 0.053508 0.033294
12 0.556005 0.265458 0.060642 0.024376
12 0.744768 0.214625 0.042212 0.036861
2 0.325000 0.643966 0.218966 0.481034
2 0.552586 0.608621 0.236207 0.544828
2 0.815517 0.579310 0.206897 0.575862
17 0.819828 0.582759 0.201724 0.558621
17 0.552586 0.610345 0.208621 0.531034
17 0.318103 0.637069 0.218966 0.418966
3 0.871552 0.388793 0.105172 0.181034
4 0.816379 0.518103 0.115517 0.132759
5 0.718154 0.553043 0.087830 0.100811
5 0.709229 0.413895 0.053753 0.130832
5 0.687830 0.706694 0.046653 0.073022
13 0.718966 0.551724 0.072414 0.096552
13 0.704310 0.407759 0.050000 0.125862
14 0.687931 0.703448 0.048276 0.072414
6 0.748276 0.934483 0.055172 0.131034
6 0.837931 0.930172 0.110345 0.125862
6 0.588793 0.942241 0.081034 0.115517
6 0.507759 0.940517 0.077586 0.115517
6 0.307759 0.943966 0.087931 0.112068
6 0.225862 0.940517 0.062069 0.115517