0 0.278871 0.500656 0.557742 0.998688
1 0.401137 0.161417 0.213473 0.322834
1 0.807087 0.415354 0.113736 0.161417
10 0.412948 0.044619 0.184602 0.089238
10 0.824147 0.408136 0.035871 0.094488
12 0.429134 0.131890 0.115486 0.082677
3 0.209536 0.433727 0.183727 0.355643
3 0.348644 0.463911 0.108486 0.258530
3 0.708224 0.475066 0.043745 0.186352
18 0.193788 0.368766 0.349956 0.377953
2 0.196413 0.376640 0.372703 0.430446
2 0.661855 0.414698 0.173228 0.141732
18 0.665354 0.416667 0.160980 0.116798
6 0.601925 0.507874 0.123360 0.167979
6 0.105643 0.643701 0.211286 0.190289
4 0.143920 0.797244 0.089239 0.318898
6 0.265529 0.657480 0.129484 0.152231
7 0.280840 0.845801 0.126859 0.216535
7 0.682415 0.605643 0.046369 0.108924
0 0.709974 0.553150 0.342957 0.528871
14 0.322835 0.894357 0.044619 0.087927
5 0.321960 0.894357 0.063867 0.095801