0 0.588915 0.438799 0.471132 0.817552
1 0.688222 0.131640 0.221709 0.189376
2 0.642032 0.404157 0.281755 0.332564
3 0.700924 0.306005 0.154734 0.140878
4 0.629330 0.437644 0.177829 0.085450
5 0.548499 0.540416 0.085450 0.096998
6 0.614319 0.565820 0.106236 0.147806
7 0.587760 0.677829 0.103926 0.076212
8 0.519630 0.771363 0.193995 0.115473
8 0.465358 0.682448 0.136259 0.136259
15 0.516166 0.770208 0.187067 0.103926
15 0.468822 0.692841 0.120092 0.096998
13 0.554273 0.531178 0.078522 0.060046
9 0.693995 0.103926 0.196305 0.120092
11 0.638568 0.122402 0.076212 0.073903
17 0.640878 0.379908 0.260970 0.288684