1 0.795131 0.218504 0.220365 0.143045
12 0.750862 0.208661 0.084604 0.031496
10 0.803002 0.170604 0.161339 0.044619
3 0.720365 0.368766 0.255781 0.086614
18 0.720365 0.369423 0.216430 0.200787
2 0.727251 0.375328 0.265618 0.225722
3 0.641663 0.317585 0.169209 0.065617
4 0.538367 0.379921 0.139696 0.074803
4 0.521643 0.322835 0.082637 0.076115
14 0.424250 0.314304 0.092475 0.066929
14 0.440974 0.290026 0.070832 0.041995
5 0.426217 0.312992 0.112150 0.087927
5 0.444909 0.289370 0.086572 0.066929
6 0.721349 0.573491 0.147566 0.196850
6 0.645598 0.576772 0.086572 0.208661
7 0.769553 0.745407 0.141663 0.144357
7 0.682982 0.757218 0.078702 0.160105
16 0.806937 0.858924 0.125923 0.098425
16 0.642647 0.865486 0.163306 0.051181
8 0.811856 0.865486 0.147566 0.119423
8 0.636744 0.860892 0.182982 0.078740
0 0.637728 0.526903 0.606003 0.833333