0 0.406467 0.497691 0.812933 0.995381
1 0.508083 0.124711 0.212471 0.217090
2 0.359122 0.434180 0.348730 0.411085
3 0.629330 0.286374 0.159353 0.115473
4 0.741339 0.211316 0.101617 0.187067
3 0.311778 0.165127 0.175520 0.127021
4 0.324480 0.051963 0.187067 0.080831
5 0.685912 0.049654 0.110855 0.094688
13 0.683603 0.050808 0.078522 0.073903
10 0.540416 0.081986 0.152425 0.108545
12 0.533487 0.152425 0.110855 0.069284
6 0.322171 0.725173 0.168591 0.217090
7 0.236721 0.889145 0.131640 0.092379
6 0.167436 0.643187 0.140878 0.228637
7 0.072748 0.834873 0.099307 0.163972
17 0.397229 0.351039 0.461894 0.424942