0 0.478060 0.533487 0.655889 0.933025
1 0.547344 0.292148 0.258661 0.441109
18 0.517321 0.713626 0.512702 0.498845
3 0.307159 0.532333 0.147806 0.103926
4 0.243649 0.703233 0.177829 0.177829
5 0.453811 0.595843 0.233256 0.161663
4 0.721709 0.840647 0.131640 0.300231
5 0.648961 0.566975 0.166282 0.200924
9 0.539261 0.184758 0.228637 0.212471
11 0.543880 0.333718 0.177829 0.085450
13 0.460739 0.607390 0.205543 0.106236
13 0.647806 0.560046 0.150115 0.177829
0 0.824480 0.409931 0.341801 0.782910
1 0.763279 0.154734 0.163972 0.258661
4 0.931871 0.519630 0.057737 0.157044
5 0.956120 0.332564 0.060046 0.166282
18 0.789838 0.479215 0.226328 0.330254
9 0.762125 0.095843 0.143187 0.131640
11 0.771363 0.192841 0.092379 0.062356
13 0.954965 0.329099 0.053118 0.136259