0 0.636207 0.494828 0.320690 0.496552
1 0.584483 0.340517 0.172414 0.160345
9 0.576724 0.304310 0.143103 0.081034
11 0.550000 0.324138 0.065517 0.041379
2 0.637069 0.522414 0.205172 0.341379
17 0.626724 0.518966 0.170690 0.313793
3 0.722414 0.462931 0.093103 0.143103
4 0.528448 0.555172 0.036207 0.062069
6 0.640517 0.707759 0.153448 0.046552
4 0.700000 0.563793 0.079310 0.058621
5 0.640517 0.643966 0.074138 0.091379
5 0.517241 0.634483 0.051724 0.089655
13 0.643966 0.641379 0.081034 0.100000
13 0.519828 0.635345 0.070690 0.094828