0 0.577367 0.428406 0.452656 0.810624
1 0.564665 0.113164 0.205543 0.175520
2 0.571594 0.340647 0.321016 0.274827
3 0.737875 0.285219 0.094688 0.163972
4 0.723569 0.414229 0.067873 0.094047
5 0.695150 0.523095 0.101617 0.090069
3 0.404157 0.280600 0.073903 0.150115
4 0.411085 0.408776 0.069284 0.096998
5 0.424942 0.503464 0.087760 0.096998
6 0.629330 0.557737 0.108545 0.145497
6 0.491917 0.547344 0.110855 0.129330
8 0.642032 0.720554 0.115473 0.157044
8 0.481524 0.706697 0.131640 0.143187
9 0.559933 0.077435 0.169814 0.086945
11 0.553820 0.139247 0.119549 0.028529
13 0.411855 0.493819 0.061133 0.072001
13 0.697822 0.515555 0.078794 0.063850
15 0.640764 0.726577 0.092379 0.134493
15 0.488611 0.706199 0.097813 0.120907
17 0.561650 0.335194 0.267513 0.240570