0 0.371189 0.658366 0.076313 0.166683
1 0.367172 0.594103 0.026107 0.032132
2 0.365164 0.637280 0.044181 0.058239
6 0.372193 0.691000 0.012049 0.037152
6 0.352110 0.685979 0.010041 0.031128
7 0.369180 0.722629 0.016066 0.022091
7 0.353114 0.717107 0.010041 0.021086
3 0.387576 0.612404 0.026648 0.012436
9 0.365666 0.589309 0.018357 0.019542
17 0.363889 0.635795 0.042044 0.052111
0 0.698743 0.673338 0.095458 0.186297
1 0.714416 0.594432 0.035858 0.030023
2 0.714139 0.641776 0.055427 0.070824
6 0.696048 0.695278 0.020785 0.031563
6 0.726071 0.697203 0.020785 0.040031
7 0.679023 0.721956 0.020134 0.030201
8 0.718403 0.749196 0.013620 0.017173
8 0.665492 0.741765 0.019448 0.020056
9 0.714112 0.592561 0.031603 0.021879
17 0.718366 0.638750 0.043758 0.055913
0 0.727179 0.474859 0.069892 0.172602
1 0.718974 0.405879 0.031603 0.027349
2 0.738118 0.439609 0.030996 0.054698
6 0.722317 0.485495 0.020056 0.037073
6 0.742069 0.488230 0.014586 0.037681
7 0.711073 0.521049 0.013371 0.026741
7 0.731433 0.516490 0.016409 0.020056
8 0.727787 0.539889 0.015194 0.024310
8 0.704388 0.547182 0.009724 0.019448
3 0.722621 0.442952 0.012155 0.035858
9 0.720673 0.405835 0.022503 0.020134
15 0.727187 0.541738 0.005922 0.007698
15 0.704684 0.539666 0.005922 0.008290
17 0.739030 0.441365 0.029609 0.050927
0 0.426067 0.484298 0.065731 0.142713
1 0.417185 0.427745 0.030201 0.023687
2 0.415112 0.473046 0.033162 0.059809
5 0.447682 0.459130 0.015396 0.022503
6 0.421330 0.519532 0.011251 0.022503
6 0.406230 0.513906 0.015396 0.019542
7 0.417185 0.538185 0.013620 0.015989
7 0.405045 0.539370 0.010659 0.017173
3 0.428732 0.458834 0.015396 0.019542
9 0.414816 0.423008 0.023095 0.014212
17 0.413632 0.468901 0.021910 0.046782
14 0.449458 0.455873 0.014212 0.015989
0 0.468408 0.311482 0.068692 0.158702
1 0.471072 0.248416 0.027832 0.026648
2 0.465743 0.280097 0.030201 0.042636
3 0.478475 0.272991 0.016581 0.023687
6 0.473145 0.319773 0.016581 0.034346
6 0.456860 0.321845 0.012436 0.032569
7 0.470480 0.349381 0.017173 0.024871
7 0.452715 0.349677 0.008883 0.021910
8 0.444129 0.379878 0.017765 0.027832
8 0.461302 0.375437 0.014212 0.022503
5 0.488245 0.260852 0.013620 0.012436
4 0.491206 0.289276 0.006514 0.011251
9 0.472553 0.243975 0.021318 0.013028
15 0.442648 0.380174 0.008883 0.015396
15 0.458933 0.374548 0.007106 0.013620
17 0.466039 0.278913 0.026056 0.037899
0 0.768441 0.262332 0.075798 0.163439
1 0.753045 0.201338 0.030793 0.027240
2 0.768145 0.230651 0.044413 0.045597
3 0.778508 0.211997 0.015396 0.023687
3 0.749492 0.243382 0.010659 0.035530
4 0.792128 0.222360 0.013028 0.019542
4 0.751564 0.269142 0.008883 0.013620
6 0.781469 0.274175 0.011843 0.037899
6 0.765776 0.273879 0.017173 0.036122
7 0.776436 0.308225 0.015989 0.023095
7 0.758374 0.304672 0.016581 0.024279
8 0.770218 0.329840 0.022503 0.018949
9 0.748900 0.195417 0.022503 0.011843
15 0.767849 0.326879 0.013028 0.010659
17 0.768441 0.232723 0.037899 0.040268