11 0.326687 0.226378 0.154056 0.072178
11 0.668499 0.181759 0.172438 0.040682
10 0.661496 0.084646 0.177690 0.124672
10 0.282921 0.106955 0.217079 0.158793
1 0.654494 0.190945 0.210952 0.381890
1 0.282484 0.204068 0.235460 0.408136
18 0.275919 0.603675 0.302860 0.496063
18 0.656244 0.536089 0.319491 0.387139
2 0.658433 0.538714 0.334371 0.442257
2 0.276356 0.603675 0.322992 0.522310
3 0.124051 0.584646 0.107664 0.339895
3 0.464987 0.557087 0.145303 0.276903
3 0.506565 0.490814 0.095410 0.215223
0 0.268478 0.446850 0.478799 0.893700
0 0.802860 0.714567 0.091033 0.200787
0 0.654931 0.451444 0.437659 0.902887