0 0.193862 0.578740 0.351306 0.813648
0 0.469888 0.426509 0.228121 0.674541
0 0.855869 0.609580 0.215346 0.707349
0 0.714890 0.481627 0.196184 0.721785
10 0.861344 0.272310 0.080299 0.038058
10 0.785151 0.198163 0.073911 0.041995
10 0.437495 0.213911 0.075736 0.052493
10 0.228080 0.212598 0.096723 0.062992
12 0.241767 0.267060 0.072999 0.035433
12 0.838988 0.313648 0.048362 0.026247
11 0.771008 0.240814 0.058399 0.022310
11 0.440689 0.256562 0.056574 0.024934
1 0.432020 0.240814 0.083036 0.153543
1 0.231274 0.248031 0.143260 0.160105
1 0.779220 0.222441 0.076649 0.150919
1 0.866818 0.290026 0.118623 0.133858
18 0.141394 0.437664 0.127748 0.250656
18 0.435670 0.390420 0.117710 0.190289
18 0.833513 0.498688 0.072086 0.244094
18 0.771008 0.390420 0.082124 0.219160
2 0.140938 0.435696 0.143260 0.293963
2 0.438407 0.389764 0.132310 0.228346
2 0.771464 0.397638 0.101286 0.259843
2 0.833513 0.501312 0.088511 0.272966
3 0.919742 0.452100 0.082124 0.153543
3 0.730402 0.337927 0.064786 0.124672
3 0.376815 0.393045 0.058399 0.187664
3 0.510037 0.368766 0.078474 0.136483
3 0.161012 0.423885 0.130485 0.186352
4 0.250436 0.447507 0.077561 0.173228
4 0.394608 0.494094 0.059311 0.074803
4 0.522356 0.448819 0.042887 0.057743
4 0.774201 0.445538 0.039237 0.082677
4 0.678847 0.375984 0.045624 0.056430
4 0.906968 0.551181 0.074824 0.078740
14 0.882787 0.612861 0.035587 0.034121
14 0.779676 0.371391 0.035587 0.041995
14 0.635960 0.369423 0.031024 0.056430
14 0.540149 0.501312 0.051099 0.052493
14 0.458482 0.536745 0.052012 0.070866
14 0.305641 0.615486 0.052924 0.076115
14 0.226711 0.314961 0.068436 0.083990
5 0.226711 0.312336 0.088511 0.110236
5 0.309291 0.616142 0.067524 0.087927
5 0.457570 0.536745 0.061136 0.097113
5 0.542430 0.502625 0.073911 0.068241
5 0.634135 0.370079 0.049274 0.070866
5 0.781045 0.370079 0.041974 0.062992
5 0.884156 0.615486 0.060224 0.049869
6 0.869556 0.696194 0.062049 0.119423
6 0.814351 0.687008 0.046537 0.145669
6 0.765533 0.575459 0.045624 0.143045
6 0.514600 0.526903 0.054749 0.087927
6 0.423808 0.565617 0.046537 0.081365
6 0.213936 0.632546 0.139610 0.118110
7 0.265035 0.767060 0.101286 0.177165
7 0.425176 0.655512 0.049274 0.101050
7 0.533306 0.636483 0.083036 0.133858
7 0.868643 0.822835 0.058399 0.136483
7 0.821650 0.809711 0.039237 0.107612
7 0.782870 0.725722 0.034674 0.141732
15 0.868187 0.929134 0.072086 0.052493
15 0.805226 0.889108 0.083036 0.053806
15 0.772833 0.825459 0.052924 0.041995
15 0.505019 0.721129 0.079386 0.072178
15 0.430651 0.743438 0.051099 0.077428
15 0.238573 0.914698 0.104936 0.091864
15 0.281460 0.828740 0.026462 0.024934
8 0.239486 0.916010 0.130485 0.123360
8 0.430651 0.747375 0.052924 0.098425
8 0.505019 0.719816 0.095811 0.085302
8 0.775570 0.824147 0.080299 0.062992
8 0.872750 0.926509 0.097636 0.076115
8 0.807963 0.885827 0.101286 0.083990