0 0.527136 0.570054 0.181293 0.369515
10 0.535797 0.477675 0.080831 0.087760
17 0.499423 0.421671 0.058891 0.026559
6 0.520208 0.567744 0.042725 0.078522
6 0.561778 0.552733 0.019630 0.057737
7 0.519630 0.621440 0.020785 0.028868
7 0.554273 0.602964 0.016166 0.038106
8 0.513857 0.661855 0.050808 0.047344
8 0.547344 0.647998 0.018476 0.042725
15 0.504619 0.654927 0.027714 0.038106
0 0.286374 0.590262 0.221709 0.331409
17 0.263279 0.515781 0.122402 0.099307
1 0.357390 0.499038 0.049654 0.068129
6 0.223441 0.600077 0.042725 0.073903
7 0.221132 0.667629 0.040416 0.056582
6 0.271940 0.598922 0.035797 0.039261
7 0.280023 0.640493 0.033487 0.036952
8 0.238453 0.721324 0.077367 0.043880
8 0.296189 0.678599 0.061201 0.036952
3 0.277714 0.490377 0.077367 0.025404
4 0.247113 0.516359 0.025404 0.031178
5 0.249423 0.552156 0.034642 0.033487
10 0.362009 0.495574 0.045035 0.056582
15 0.235566 0.724211 0.060046 0.026559
15 0.294457 0.681486 0.050808 0.019630
0 0.740502 0.528461 0.063171 0.096454
1 0.738464 0.486007 0.019698 0.014264
2 0.742879 0.509102 0.023095 0.033284
3 0.754766 0.505026 0.014264 0.018340
6 0.745596 0.541027 0.013585 0.025132
6 0.729973 0.538989 0.013585 0.019698
7 0.747294 0.562084 0.016981 0.014264
7 0.728275 0.559367 0.007472 0.011547
3 0.724539 0.506385 0.014944 0.014264