0 0.526207 0.476724 0.558621 0.950000
1 0.467586 0.089655 0.265517 0.179310
9 0.449483 0.045690 0.232759 0.087931
11 0.521034 0.083621 0.144828 0.056897
2 0.529655 0.354310 0.341379 0.360345
17 0.538276 0.356897 0.289655 0.320690
3 0.353793 0.330172 0.151724 0.194828
3 0.652931 0.263793 0.056897 0.155172
4 0.691724 0.399138 0.068966 0.125862
4 0.411552 0.497414 0.139655 0.129310
5 0.710690 0.505172 0.082759 0.110345
5 0.478793 0.600000 0.122414 0.103448
13 0.477931 0.594828 0.103448 0.096552
13 0.711552 0.508621 0.070690 0.086207
6 0.483103 0.612931 0.148276 0.170690
6 0.624483 0.597414 0.131034 0.132759
7 0.488276 0.775862 0.141379 0.151724
7 0.628793 0.723276 0.146552 0.108621
8 0.682241 0.821552 0.215517 0.081034
8 0.555517 0.902586 0.193103 0.084483
15 0.673621 0.784483 0.239655 0.165517
15 0.540862 0.865517 0.201724 0.158621