0 0.595045 0.527329 0.181336 0.409717
1 0.598894 0.366521 0.060730 0.079548
2 0.593762 0.532889 0.134291 0.225815
3 0.527044 0.489265 0.033359 0.100932
3 0.661335 0.474296 0.029938 0.082970
4 0.525761 0.583355 0.032504 0.082114
4 0.669461 0.543153 0.020529 0.049611
5 0.526616 0.657771 0.047900 0.063297
6 0.571522 0.686853 0.038491 0.065007
10 0.599321 0.339150 0.056454 0.028227
11 0.596328 0.365238 0.048755 0.023950
14 0.529610 0.656488 0.028227 0.050466
17 0.601460 0.530180 0.137713 0.201009
0 0.651926 0.650358 0.313917 0.369515
1 0.725487 0.521199 0.103498 0.097511
2 0.692556 0.658056 0.136857 0.165940
3 0.765689 0.647792 0.069284 0.106064
4 0.696832 0.698686 0.073561 0.033359
3 0.622416 0.632395 0.058164 0.104354
4 0.617284 0.692698 0.059875 0.017963
6 0.651498 0.763265 0.107775 0.044479
6 0.556553 0.748296 0.080404 0.040202
7 0.539446 0.809027 0.065007 0.055598
7 0.593334 0.807744 0.023950 0.034214
10 0.716078 0.486699 0.059020 0.023950
11 0.707952 0.513215 0.047900 0.020529
17 0.701964 0.653494 0.128304 0.145411
0 0.846549 0.550937 0.238645 0.576341
1 0.830382 0.320503 0.092379 0.103156
3 0.915063 0.449833 0.073903 0.109315
4 0.927380 0.534514 0.055427 0.066205
5 0.893508 0.616885 0.080062 0.083141
6 0.885040 0.710547 0.093918 0.087760
7 0.897357 0.797537 0.069284 0.058507
10 0.830382 0.290223 0.070824 0.041570
11 0.821914 0.327175 0.075443 0.026174
14 0.892738 0.621247 0.063125 0.066205
17 0.829613 0.511932 0.164742 0.260200
0 0.168335 0.495766 0.335643 0.686682
16 0.108288 0.357198 0.181678 0.387991
3 0.125225 0.242494 0.095458 0.170901
4 0.143700 0.355658 0.138568 0.055427
5 0.260713 0.363356 0.083141 0.095458
14 0.248396 0.360277 0.046189 0.058507
6 0.181422 0.687452 0.173980 0.247883
6 0.059020 0.682833 0.067744 0.241724