0 0.561201 0.434565 0.628176 0.487298
1 0.329099 0.328329 0.163972 0.196305
2 0.561385 0.320246 0.286006 0.235566
3 0.488453 0.428791 0.113164 0.129330
4 0.475751 0.553503 0.069284 0.110855
4 0.403002 0.470362 0.048499 0.064665
5 0.392777 0.538876 0.041169 0.060247
5 0.397798 0.629247 0.109449 0.062255
6 0.547913 0.495699 0.072296 0.094387
8 0.728654 0.498209 0.088362 0.161663
8 0.749741 0.389263 0.082338 0.124510
9 0.322991 0.329518 0.136560 0.181745
14 0.400308 0.628745 0.096395 0.051210
14 0.395287 0.539880 0.030124 0.048198
15 0.731164 0.491683 0.063259 0.142585
15 0.753255 0.375205 0.059243 0.072296
17 0.566590 0.316782 0.281755 0.224018