0 0.526559 0.322556 0.318707 0.545035
1 0.511547 0.105466 0.140878 0.092379
2 0.526559 0.239415 0.240185 0.175520
3 0.617997 0.193739 0.056454 0.082114
3 0.439013 0.212984 0.055171 0.107775
4 0.624412 0.275853 0.038491 0.056454
4 0.439013 0.291250 0.052605 0.035925
5 0.616714 0.331665 0.053888 0.055171
5 0.440937 0.338081 0.076982 0.062869
13 0.439654 0.337439 0.053888 0.046189
13 0.616714 0.332307 0.043623 0.043623
6 0.576298 0.362458 0.039774 0.062869
6 0.510863 0.364383 0.050038 0.064152
7 0.600034 0.411214 0.061586 0.026944
7 0.501240 0.424686 0.053888 0.041057
8 0.599393 0.474083 0.088530 0.098794
8 0.481353 0.506800 0.124455 0.115473
15 0.483278 0.498460 0.100077 0.088530
15 0.596827 0.473441 0.052605 0.087247
9 0.505089 0.082114 0.100077 0.043623
11 0.503806 0.111624 0.071850 0.030793
17 0.521769 0.240570 0.192456 0.162946