0 0.425862 0.657759 0.172414 0.491379
15 0.439655 0.862069 0.089655 0.055172
1 0.442241 0.467241 0.094828 0.086207
9 0.429310 0.453448 0.079310 0.041379
2 0.429310 0.589655 0.134483 0.172414
17 0.431034 0.593103 0.100000 0.155172
3 0.414655 0.568103 0.046552 0.063793
4 0.419828 0.634483 0.036207 0.075862
5 0.425862 0.700000 0.048276 0.048276
13 0.425000 0.693966 0.050000 0.060345
6 0.383621 0.710345 0.050000 0.068966
6 0.442241 0.712069 0.056897 0.072414
7 0.406034 0.785345 0.101724 0.084483
7 0.451724 0.787931 0.051724 0.086207
8 0.443103 0.863793 0.082759 0.048276