0 0.531948 0.419169 0.637413 0.829099
1 0.695920 0.114319 0.244804 0.210162
2 0.587375 0.290993 0.443418 0.351039
3 0.453426 0.161663 0.129330 0.161663
3 0.784834 0.324480 0.080831 0.154734
4 0.391070 0.279985 0.124711 0.102694
4 0.715550 0.426867 0.076212 0.110085
5 0.348576 0.389992 0.084988 0.108083
5 0.653426 0.520494 0.086836 0.087264
6 0.565666 0.519784 0.153349 0.099769
6 0.395227 0.476828 0.095150 0.124711
7 0.514858 0.608930 0.090531 0.085912
7 0.353657 0.546574 0.078522 0.048037
8 0.464973 0.715627 0.097921 0.168129
8 0.286682 0.629253 0.114550 0.161663
9 0.695834 0.072705 0.189890 0.120606
11 0.691985 0.116329 0.136002 0.079548
13 0.354546 0.388974 0.051322 0.068001
13 0.647720 0.521769 0.057737 0.064152
15 0.465529 0.718715 0.083397 0.129587
15 0.288470 0.644299 0.093662 0.127021
17 0.595116 0.284193 0.360534 0.352836