0 0.695690 0.503448 0.608620 0.993103
5 0.463793 0.368103 0.106897 0.087931
1 0.606897 0.143103 0.244828 0.262069
9 0.614655 0.100000 0.246552 0.172414
11 0.547414 0.199138 0.081034 0.053448
2 0.637069 0.456034 0.270690 0.408621
17 0.639655 0.472414 0.227586 0.365517
3 0.719828 0.472414 0.122414 0.217241
4 0.596552 0.584483 0.179310 0.103448
13 0.462069 0.368966 0.093103 0.075862
6 0.740517 0.751724 0.181034 0.382759
6 0.532759 0.678448 0.227586 0.167241
7 0.531034 0.752586 0.189655 0.218966
7 0.791379 0.887069 0.155172 0.215517
8 0.921552 0.853448 0.115517 0.206897
8 0.556897 0.903448 0.189655 0.137931
15 0.561207 0.902586 0.191379 0.156897
15 0.923276 0.854310 0.118966 0.205172