0 0.531948 0.416859 0.434180 0.833718
1 0.466128 0.086605 0.219400 0.163972
2 0.514627 0.302540 0.302540 0.341801
3 0.603541 0.221709 0.147806 0.170901
4 0.628945 0.364896 0.073903 0.106236
5 0.589684 0.482679 0.087760 0.110855
13 0.581601 0.483834 0.080831 0.076212
5 0.404927 0.478060 0.106236 0.101617
13 0.416474 0.468822 0.073903 0.083141
6 0.513472 0.520785 0.055427 0.085450
7 0.639338 0.592379 0.099307 0.080831
7 0.540031 0.592379 0.071594 0.053118
8 0.640493 0.729792 0.143187 0.180139
8 0.525019 0.709007 0.143187 0.157044
15 0.656659 0.722864 0.110855 0.157044
15 0.535412 0.707852 0.131640 0.140878
9 0.462664 0.036952 0.193995 0.050808
11 0.416474 0.092379 0.083141 0.032333
17 0.499615 0.318707 0.240185 0.337182