0 0.533103 0.536207 0.541379 0.927586
1 0.611552 0.234483 0.170690 0.324138
9 0.615000 0.208621 0.146552 0.251724
11 0.604655 0.337931 0.101724 0.041379
2 0.615862 0.671552 0.272414 0.656896
17 0.621034 0.685345 0.234483 0.612069
3 0.740862 0.565517 0.070690 0.282759
3 0.459828 0.515517 0.077586 0.268966
4 0.758103 0.771552 0.060345 0.177586
4 0.385690 0.606897 0.063793 0.217241
5 0.312414 0.678448 0.072414 0.122414
5 0.752069 0.923276 0.048276 0.118966
13 0.315000 0.685345 0.074138 0.101724
13 0.754655 0.921552 0.036207 0.101724