0 0.508621 0.492241 0.265517 0.239655
0 0.707759 0.431897 0.291379 0.225862
0 0.562931 0.504310 0.077586 0.160345
0 0.369828 0.568966 0.063793 0.089655
0 0.243966 0.506897 0.122414 0.165517
1 0.273830 0.447906 0.043719 0.048030
1 0.360345 0.555357 0.029557 0.042488
1 0.509975 0.424200 0.065271 0.080665
1 0.561700 0.460222 0.039409 0.046798
1 0.606342 0.373399 0.078202 0.075123
9 0.594335 0.371244 0.052956 0.063424
9 0.563855 0.450062 0.035099 0.028941
9 0.512131 0.405111 0.057266 0.035099
9 0.360037 0.546429 0.027709 0.020936
9 0.276601 0.442365 0.035714 0.024631
11 0.529988 0.432512 0.024015 0.029557
12 0.565086 0.461145 0.016626 0.010468
11 0.614963 0.394643 0.027709 0.031404
11 0.354187 0.555665 0.012315 0.012315
12 0.274828 0.454187 0.012315 0.007882
2 0.689901 0.393268 0.168309 0.116585
2 0.565928 0.514778 0.055008 0.078818
2 0.453448 0.485632 0.133826 0.092775
2 0.378633 0.577094 0.030172 0.023399
2 0.231158 0.496429 0.088670 0.091133
17 0.229926 0.493350 0.081281 0.078818
17 0.382328 0.576170 0.031404 0.026478
17 0.457451 0.485961 0.131158 0.089901
17 0.564594 0.509975 0.049877 0.070197
17 0.689470 0.391133 0.166872 0.108374
3 0.680542 0.360037 0.059113 0.056034
3 0.628818 0.455788 0.033251 0.052956
3 0.588793 0.511207 0.009852 0.035714
3 0.486884 0.482574 0.088054 0.068350
3 0.205973 0.470197 0.026478 0.041872
3 0.269397 0.497291 0.014163 0.029557
3 0.377155 0.581342 0.031404 0.014163
4 0.193658 0.501293 0.017857 0.025246
4 0.262931 0.525308 0.012315 0.024015
4 0.560468 0.531281 0.062808 0.056650
4 0.629865 0.499569 0.016626 0.038793
4 0.697599 0.398030 0.037562 0.034483
5 0.684113 0.424877 0.047537 0.043596
5 0.621429 0.530727 0.025862 0.025246
5 0.613424 0.570751 0.040640 0.044951
5 0.260899 0.542426 0.020320 0.016626
14 0.260899 0.543350 0.019089 0.014778
14 0.611207 0.569335 0.041872 0.048030
14 0.684791 0.425246 0.041256 0.045567
14 0.622906 0.530234 0.028325 0.025246
6 0.787315 0.463424 0.051724 0.102217
6 0.446983 0.545936 0.097906 0.072660
6 0.220135 0.559606 0.041256 0.029557
6 0.761700 0.477278 0.024631 0.048645
7 0.802648 0.535222 0.033867 0.053695
7 0.468103 0.566564 0.072906 0.085591
7 0.542857 0.564717 0.028325 0.056034
7 0.211145 0.585037 0.038793 0.019089