0 0.598276 0.519828 0.393103 0.625862
0 0.393103 0.568966 0.244828 0.531034
0 0.305172 0.626724 0.158621 0.425862
0 0.202586 0.615517 0.194828 0.448276
0 0.921552 0.582759 0.156896 0.531034
0 0.750000 0.587931 0.148276 0.493103
0 0.891379 0.600000 0.089655 0.455172
1 0.611207 0.318103 0.160345 0.232759
1 0.969828 0.421552 0.060344 0.177586
1 0.918966 0.438793 0.055172 0.112069
1 0.714655 0.390517 0.091379 0.118966
1 0.399138 0.386207 0.125862 0.151724
1 0.314655 0.465517 0.098276 0.103448
1 0.231897 0.464655 0.087931 0.105172
9 0.234542 0.435137 0.079073 0.046968
9 0.326100 0.448216 0.088585 0.061237
9 0.401308 0.348930 0.112961 0.070749
9 0.603329 0.275208 0.148633 0.109988
9 0.712128 0.378062 0.071344 0.074316
9 0.964090 0.380440 0.065398 0.093341
9 0.916825 0.407194 0.035077 0.036266
9 0.885315 0.463674 0.044590 0.025565
9 0.792568 0.458145 0.044590 0.039239
12 0.973187 0.441736 0.042212 0.024970
12 0.919084 0.440250 0.025565 0.007729
12 0.872711 0.488109 0.011296 0.010702
11 0.217658 0.465517 0.027943 0.014269
11 0.375208 0.395660 0.044590 0.026754
11 0.565458 0.357907 0.061237 0.035672
2 0.953508 0.676754 0.092984 0.319025
2 0.898395 0.524078 0.046968 0.039834
2 0.800535 0.582521 0.047444 0.231629
2 0.638585 0.636623 0.228894 0.402854
2 0.427527 0.641736 0.136147 0.338882
2 0.299108 0.645719 0.129013 0.231272
2 0.226486 0.610226 0.104697 0.200238
17 0.947414 0.677586 0.077586 0.279310
17 0.633621 0.643966 0.177586 0.381034
17 0.417241 0.624138 0.127586 0.289655
17 0.204310 0.599138 0.060345 0.198276
17 0.300000 0.641379 0.093103 0.220690
17 0.795690 0.581034 0.053448 0.241379
3 0.743966 0.572414 0.070690 0.213793
4 0.671552 0.668966 0.153448 0.100000
5 0.568966 0.630172 0.120690 0.087931
5 0.864655 0.628448 0.060345 0.056897
5 0.435345 0.628448 0.060345 0.043103
5 0.377586 0.602586 0.062069 0.053448
5 0.297414 0.595690 0.056897 0.043103
5 0.246552 0.603448 0.037931 0.051724
5 0.175000 0.569828 0.050000 0.050000
5 0.131897 0.569828 0.039655 0.046552
14 0.135345 0.569828 0.029310 0.046552
14 0.181034 0.575862 0.041379 0.048276
14 0.243966 0.605172 0.032759 0.044828
14 0.304310 0.593103 0.053448 0.055172
14 0.378448 0.603448 0.063793 0.062069
14 0.437069 0.629310 0.053448 0.041379
14 0.567241 0.631897 0.120690 0.101724
14 0.856897 0.631034 0.055172 0.062069
6 0.191379 0.768966 0.034483 0.103448
6 0.239655 0.788793 0.048276 0.108621