6 0.444226 0.874672 0.082677 0.119423
6 0.375328 0.873360 0.070866 0.122047
18 0.401575 0.669291 0.115486 0.238845
2 0.404856 0.672572 0.137795 0.269029
14 0.368766 0.606299 0.047244 0.057743
14 0.231627 0.601050 0.080052 0.060367
5 0.232283 0.606955 0.094488 0.095801
5 0.375328 0.608924 0.062992 0.068241
12 0.387795 0.484908 0.053806 0.030184
10 0.397638 0.457349 0.081365 0.030184
1 0.409449 0.481627 0.144357 0.110236
3 0.490814 0.614173 0.057743 0.146982
3 0.328084 0.642388 0.036745 0.090551
4 0.290682 0.648950 0.032808 0.066929
4 0.437664 0.660105 0.124672 0.076115
0 0.352362 0.688976 0.484252 0.622047