0 0.306005 0.535797 0.348730 0.923788
1 0.307159 0.221709 0.184758 0.281755
2 0.310624 0.605081 0.265589 0.475751
3 0.422633 0.512702 0.092379 0.235566
3 0.182448 0.497691 0.083141 0.233256
4 0.397229 0.698614 0.087760 0.127021
4 0.193995 0.693995 0.078522 0.136259
5 0.336028 0.848730 0.103926 0.168591
5 0.212471 0.861432 0.106236 0.175520
9 0.308314 0.152425 0.154734 0.124711
11 0.310624 0.255196 0.131640 0.053118
17 0.316397 0.581986 0.249423 0.411085
14 0.214781 0.852194 0.092379 0.147806
14 0.334873 0.852194 0.083141 0.120092
0 0.704388 0.526559 0.351039 0.937644
1 0.697460 0.187067 0.166282 0.258661
2 0.682448 0.662818 0.311778 0.628176
3 0.571594 0.473441 0.080831 0.221709
3 0.815242 0.480370 0.110855 0.207852
4 0.605081 0.635104 0.133949 0.096998
5 0.762125 0.659353 0.152425 0.145497
17 0.696305 0.660508 0.247113 0.568129
9 0.700924 0.120092 0.140878 0.106236
11 0.704388 0.217090 0.110855 0.069284
14 0.755196 0.655889 0.124711 0.110855