0 0.595843 0.523480 0.808314 0.642032
1 0.532333 0.317937 0.214781 0.212471
2 0.733256 0.541955 0.362587 0.240185
3 0.808314 0.391840 0.152425 0.129330
4 0.918014 0.474981 0.043880 0.129330
3 0.565820 0.540801 0.129330 0.159353
4 0.443418 0.622787 0.129330 0.110855
5 0.272517 0.660893 0.170901 0.080831
5 0.819861 0.540801 0.138568 0.136259
6 0.839492 0.750962 0.145497 0.150115
6 0.958430 0.698999 0.073903 0.235566
9 0.535797 0.278676 0.170901 0.096998
12 0.501155 0.353734 0.064665 0.043880
14 0.281755 0.663202 0.161663 0.062356
14 0.823326 0.548884 0.113164 0.092379
17 0.683603 0.540801 0.180139 0.284065