3 0.063120 0.729003 0.126239 0.541994
3 0.574402 0.806430 0.129547 0.387139
12 0.289486 0.196850 0.237211 0.104987
10 0.281608 0.070210 0.237211 0.140420
1 0.288611 0.251969 0.282728 0.503937
14 0.368702 0.552493 0.224081 0.246719
14 0.817303 0.830709 0.165435 0.283465
5 0.819929 0.832021 0.196947 0.309711
5 0.362575 0.557743 0.252092 0.272966
4 0.213771 0.828084 0.168061 0.328084
4 0.690382 0.925853 0.102412 0.148294
18 0.300865 0.741470 0.461292 0.517060
2 0.303491 0.731627 0.482300 0.536745
0 0.466641 0.502625 0.933282 0.994750