0 0.530023 0.433410 0.496536 0.808314
1 0.618938 0.130870 0.207852 0.161663
2 0.586605 0.344496 0.272517 0.293303
3 0.453811 0.246343 0.094688 0.096998
3 0.718245 0.339877 0.101617 0.127021
4 0.419169 0.336413 0.090069 0.064665
4 0.682448 0.457660 0.090069 0.090069
5 0.615473 0.538491 0.117783 0.076212
5 0.392610 0.419553 0.110855 0.083141
6 0.547344 0.583526 0.092379 0.133949
6 0.441109 0.531563 0.115473 0.094688
7 0.538106 0.686297 0.083141 0.066975
8 0.494226 0.768283 0.124711 0.078522
7 0.430716 0.608930 0.085450 0.055427
8 0.381062 0.680523 0.166282 0.073903
9 0.631072 0.114374 0.161663 0.120972
11 0.611826 0.140768 0.105576 0.043990
13 0.385828 0.421203 0.078082 0.070384
13 0.611826 0.541625 0.083581 0.060486
15 0.491404 0.767074 0.113274 0.078082
15 0.376480 0.680194 0.140768 0.071484
17 0.593130 0.337072 0.235346 0.282635