0 0.394685 0.509186 0.529528 0.981627
14 0.433563 0.554462 0.097441 0.111549
14 0.523622 0.469160 0.082677 0.061680
5 0.524114 0.471129 0.109252 0.091864
5 0.428642 0.555774 0.107283 0.114173
4 0.290846 0.524934 0.180118 0.089239
4 0.461614 0.441601 0.064961 0.087927
3 0.276575 0.374672 0.122047 0.237533
6 0.376476 0.797244 0.317913 0.269029
6 0.303642 0.862205 0.119094 0.115486
7 0.459646 0.957349 0.112205 0.085302
10 0.437008 0.114829 0.177165 0.114173
11 0.464075 0.213911 0.083661 0.065617
1 0.431594 0.168635 0.223425 0.250656
18 0.348425 0.430446 0.188976 0.419948
2 0.352854 0.440945 0.217520 0.454068