0 0.563186 0.515579 0.177464 0.431506
1 0.579596 0.343584 0.071715 0.070500
2 0.599229 0.439609 0.101259 0.126413
3 0.577165 0.394028 0.083870 0.044974
4 0.522467 0.429278 0.040112 0.037681
5 0.478101 0.444471 0.031603 0.024310
4 0.523372 0.471194 0.035870 0.019410
5 0.493902 0.478563 0.029172 0.021993
6 0.572910 0.556298 0.060775 0.106965
7 0.546169 0.649893 0.038896 0.080224
7 0.580811 0.644423 0.018233 0.059560
8 0.519428 0.708845 0.080224 0.044974
9 0.580495 0.329099 0.063510 0.033199
12 0.569308 0.354359 0.038251 0.012991
13 0.475125 0.445535 0.025982 0.015878
13 0.489198 0.477290 0.016599 0.015878
15 0.517963 0.710547 0.074673 0.033872
17 0.599339 0.434469 0.095266 0.108737