0 0.523864 0.448037 0.496536 0.882217
1 0.550423 0.112009 0.203233 0.196305
2 0.545804 0.342956 0.360277 0.284065
3 0.357583 0.258661 0.099307 0.161663
3 0.695920 0.331409 0.106236 0.187067
4 0.355273 0.387991 0.076212 0.092379
4 0.661278 0.463048 0.060046 0.080831
5 0.638183 0.555427 0.138568 0.085450
5 0.343726 0.489607 0.090069 0.106236
13 0.334488 0.483834 0.053118 0.076212
13 0.625481 0.556582 0.094688 0.083141
6 0.531948 0.562356 0.083141 0.131640
6 0.431486 0.545035 0.076212 0.106236
7 0.540031 0.657044 0.062356 0.057737
7 0.393379 0.623557 0.083141 0.060046
8 0.523864 0.765589 0.127021 0.168591
8 0.363356 0.741339 0.133949 0.180139
15 0.365666 0.730947 0.101617 0.140878
15 0.534257 0.766744 0.087760 0.152425
17 0.533102 0.362587 0.270208 0.286374
9 0.565435 0.079677 0.150115 0.099307
11 0.563125 0.139723 0.122402 0.057737