0 0.176724 0.583621 0.253448 0.546552
0 0.461207 0.588793 0.232759 0.470690
0 0.757759 0.530172 0.229310 0.484483
1 0.199138 0.384483 0.091379 0.117241
1 0.491379 0.410345 0.079310 0.117241
1 0.761207 0.350000 0.094828 0.100000
9 0.192241 0.356897 0.070690 0.065517
9 0.490517 0.386207 0.081034 0.058621
9 0.751724 0.331034 0.072414 0.058621
12 0.193966 0.384483 0.039655 0.020690
12 0.492504 0.416717 0.047976 0.014243
12 0.758246 0.352624 0.042729 0.013493
2 0.750345 0.506897 0.158621 0.206897
2 0.477069 0.538793 0.167241 0.191379
2 0.184828 0.527586 0.175862 0.200000
17 0.177069 0.528448 0.132759 0.184483
17 0.465862 0.548276 0.124138 0.186207
17 0.753793 0.509483 0.137931 0.184483
3 0.831379 0.487931 0.037931 0.082759
3 0.546034 0.543103 0.036207 0.072414
3 0.401207 0.475862 0.036207 0.024138
3 0.263793 0.513362 0.032759 0.069828
3 0.106466 0.493103 0.035345 0.062069
4 0.091810 0.562069 0.050862 0.081034
4 0.271121 0.590086 0.033621 0.075000
4 0.368534 0.471552 0.018103 0.056897
4 0.544397 0.616810 0.025000 0.068103
4 0.682328 0.502586 0.033621 0.039655
4 0.833621 0.560776 0.022414 0.059483
5 0.831466 0.621121 0.037069 0.045690
5 0.703017 0.462500 0.042241 0.040517
5 0.546552 0.669569 0.031034 0.045690
5 0.387931 0.438103 0.031034 0.039655
5 0.266379 0.653190 0.036207 0.043966
5 0.081897 0.622586 0.036207 0.036207
13 0.086207 0.615259 0.046552 0.054310
13 0.265517 0.652328 0.039655 0.049138
13 0.829655 0.620603 0.039655 0.045690
13 0.700776 0.465000 0.047414 0.056897
14 0.543448 0.662845 0.029310 0.047414
14 0.386983 0.438707 0.031897 0.047414
6 0.785259 0.665431 0.056034 0.102586
6 0.721983 0.667155 0.064655 0.099138
6 0.488793 0.687845 0.058621 0.088793
6 0.430172 0.690000 0.051724 0.086207
6 0.193966 0.686466 0.062069 0.097414
6 0.138362 0.681293 0.042241 0.095690