0 0.503793 0.455172 0.468966 0.855172
1 0.508103 0.132759 0.225862 0.186207
9 0.506379 0.086207 0.212069 0.089655
11 0.560690 0.143966 0.127586 0.029310
2 0.516724 0.363793 0.315517 0.313793
17 0.535690 0.365517 0.260345 0.275862
3 0.358103 0.315517 0.132759 0.162069
3 0.658965 0.315517 0.048276 0.134483
4 0.679655 0.437069 0.048276 0.101724
4 0.392586 0.470690 0.125862 0.134483
5 0.432241 0.560345 0.108621 0.075862
5 0.681379 0.521552 0.072414 0.105172
13 0.434828 0.567241 0.089655 0.058621
13 0.683965 0.521552 0.053448 0.077586
6 0.447759 0.586207 0.112069 0.137931
6 0.583965 0.587931 0.153448 0.113793
7 0.562414 0.684483 0.117241 0.096552
7 0.421034 0.706897 0.100000 0.120690
8 0.603793 0.781034 0.203448 0.093103
8 0.463276 0.820690 0.153448 0.096552
15 0.602931 0.749138 0.187931 0.146552
15 0.455517 0.787069 0.151724 0.163793