0 0.505172 0.472414 0.341379 0.775862
1 0.467241 0.178448 0.210345 0.167241
9 0.472414 0.132759 0.186207 0.079310
11 0.412931 0.184483 0.087931 0.031034
2 0.500000 0.389655 0.241379 0.293103
17 0.500862 0.391379 0.222414 0.231034
3 0.562069 0.331034 0.110345 0.137931
4 0.535345 0.469828 0.115517 0.125862
5 0.497414 0.566379 0.098276 0.067241
13 0.498276 0.568103 0.089655 0.053448
6 0.543103 0.575000 0.186207 0.091379
6 0.460345 0.590517 0.103448 0.091379
7 0.583621 0.685345 0.115517 0.129310
7 0.505172 0.677586 0.082759 0.110345
8 0.566379 0.812069 0.208621 0.096552
8 0.469828 0.775862 0.184483 0.075862
15 0.565517 0.764655 0.193103 0.181034
15 0.476724 0.743103 0.167241 0.144828