0 0.480040 0.568203 0.150665 0.252942
1 0.462444 0.465376 0.040691 0.047289
2 0.488838 0.509916 0.075883 0.070384
3 0.457495 0.503867 0.041790 0.025294
4 0.432201 0.528062 0.017596 0.029693
5 0.416254 0.535210 0.025294 0.024194
6 0.500385 0.575901 0.043990 0.061586
7 0.512482 0.628139 0.037391 0.042890
8 0.525129 0.669379 0.031893 0.032992
9 0.458595 0.457128 0.030793 0.026394
15 0.525679 0.668830 0.024194 0.020895
17 0.483889 0.509366 0.065985 0.060486
0 0.662598 0.519814 0.086880 0.244144
1 0.654899 0.424686 0.042890 0.051688
2 0.664247 0.491220 0.063785 0.076982
3 0.656549 0.479673 0.035192 0.056087
4 0.642802 0.523663 0.020895 0.031893
5 0.641153 0.556105 0.021995 0.026394
6 0.657649 0.558305 0.019795 0.035192
7 0.652700 0.596246 0.023095 0.029693
8 0.650500 0.626489 0.051688 0.026394
6 0.680963 0.551963 0.021115 0.040251
7 0.677004 0.589574 0.017156 0.031013
8 0.680633 0.616298 0.016496 0.017156
15 0.646981 0.625866 0.031013 0.019136
14 0.642692 0.557572 0.009238 0.018476
9 0.654569 0.419663 0.038271 0.035632
17 0.668756 0.490927 0.050808 0.069944