0 0.583141 0.469207 0.459584 0.870670
1 0.493072 0.132025 0.140878 0.177829
2 0.551963 0.357198 0.221709 0.263279
3 0.472309 0.304306 0.065209 0.138568
3 0.605443 0.255400 0.070643 0.122266
4 0.488611 0.410270 0.048906 0.046189
4 0.629896 0.353213 0.038038 0.057057
5 0.673369 0.407553 0.043472 0.062492
5 0.508989 0.470724 0.062492 0.058416
6 0.590499 0.561065 0.084228 0.116832
6 0.663180 0.555631 0.055699 0.124983
7 0.628538 0.694199 0.051623 0.127700
7 0.681520 0.680614 0.040755 0.092379
8 0.676086 0.825295 0.065209 0.120907
8 0.717520 0.753294 0.093737 0.052982
9 0.477743 0.081511 0.105964 0.084228
11 0.503555 0.135851 0.076077 0.046189
13 0.508685 0.470795 0.049798 0.041859
13 0.669626 0.407284 0.029590 0.047633
15 0.682977 0.830687 0.049076 0.095266
15 0.716176 0.753103 0.083718 0.036807
17 0.542966 0.351472 0.150115 0.243938