10 0.429537 0.131890 0.097160 0.069554
12 0.455796 0.179134 0.055145 0.024934
1 0.428662 0.171916 0.121669 0.217848
3 0.387522 0.324803 0.098911 0.106299
4 0.352509 0.404856 0.072651 0.093176
4 0.517506 0.412073 0.028010 0.073491
14 0.548580 0.362205 0.055145 0.044619
14 0.386646 0.497375 0.062148 0.078740
5 0.552957 0.366798 0.074402 0.056430
5 0.388397 0.501969 0.076153 0.093176
18 0.457109 0.429790 0.105038 0.282152
2 0.457985 0.433727 0.124295 0.311024
6 0.513567 0.702100 0.165435 0.209974
6 0.390585 0.709974 0.075277 0.241470
7 0.554707 0.900919 0.069150 0.185039
7 0.286422 0.887795 0.162809 0.169291
15 0.184886 0.961286 0.064774 0.077428
8 0.182260 0.956693 0.084031 0.086614
0 0.419471 0.511811 0.598717 0.976378