0 0.444573 0.607390 0.782910 0.785219
1 0.603926 0.359122 0.288684 0.251732
2 0.560046 0.745958 0.515012 0.489607
3 0.732102 0.645497 0.147806 0.205543
4 0.683603 0.800231 0.263279 0.094688
5 0.431871 0.742494 0.212471 0.140878
3 0.463048 0.483834 0.094688 0.127021
4 0.337182 0.394919 0.143187 0.184758
5 0.152425 0.295612 0.198614 0.143187
9 0.599307 0.301386 0.274827 0.127021
12 0.560046 0.379908 0.122402 0.043880
14 0.146651 0.285219 0.168591 0.117783
14 0.429561 0.733256 0.170901 0.099307
17 0.566975 0.727483 0.348730 0.480370