0 0.627931 0.568966 0.737931 0.855172
1 0.369310 0.280172 0.200000 0.267241
10 0.342586 0.219828 0.150000 0.146552
11 0.367586 0.283621 0.086207 0.067241
2 0.543448 0.552586 0.379310 0.439655
17 0.552069 0.573276 0.344828 0.370690
3 0.408103 0.520690 0.077586 0.162069
3 0.622759 0.442241 0.148276 0.150000
4 0.752069 0.576724 0.141379 0.156897
4 0.428793 0.672414 0.067241 0.127586
5 0.445172 0.794828 0.075862 0.113793
5 0.854655 0.684483 0.091379 0.093103
14 0.856379 0.691379 0.074138 0.072414
14 0.449483 0.805172 0.056897 0.100000
9 0.901207 0.799138 0.184483 0.215517
6 0.661552 0.827586 0.187931 0.165517
6 0.778793 0.818103 0.194828 0.208621
7 0.732241 0.955172 0.125862 0.089655
7 0.874483 0.946552 0.100000 0.089655