6 0.623360 0.633202 0.159230 0.190289
6 0.282152 0.578740 0.208224 0.154856
7 0.164042 0.751969 0.185477 0.359580
7 0.604112 0.845144 0.176728 0.236220
15 0.140420 0.963911 0.229221 0.072178
8 0.144794 0.952756 0.272966 0.094488
14 0.472878 0.323491 0.127734 0.051181
14 0.476378 0.381890 0.110236 0.065617
5 0.465004 0.323491 0.160980 0.074803
5 0.483377 0.392388 0.134733 0.065617
4 0.646107 0.397638 0.204724 0.125984
4 0.396763 0.406168 0.104987 0.093176
3 0.815836 0.324147 0.124234 0.228346
3 0.462380 0.257874 0.124234 0.127297
18 0.620735 0.284121 0.311461 0.190289
2 0.629484 0.305774 0.314961 0.249344
12 0.575241 0.129921 0.125984 0.047244
10 0.592738 0.066929 0.300962 0.083990
1 0.587489 0.103018 0.356955 0.190289
0 0.453631 0.487533 0.894138 0.975066