0 0.495381 0.575443 0.256351 0.722864
1 0.437644 0.308699 0.103926 0.175520
2 0.520785 0.450731 0.154734 0.256351
3 0.498845 0.438029 0.050808 0.157044
4 0.482679 0.560431 0.055427 0.078522
5 0.463048 0.643572 0.034642 0.078522
6 0.564665 0.643572 0.048499 0.133949
6 0.520785 0.636644 0.030023 0.101617
7 0.565820 0.772902 0.046189 0.106236
7 0.521940 0.722094 0.023095 0.060046
8 0.550808 0.877983 0.076212 0.090069
8 0.487298 0.801771 0.073903 0.080831
15 0.544457 0.877213 0.056582 0.083141
15 0.495958 0.808507 0.058891 0.049654
9 0.421478 0.257506 0.078522 0.073903
11 0.423788 0.322171 0.043880 0.036952
13 0.468822 0.648961 0.030023 0.060046
17 0.519630 0.441493 0.113164 0.217090