0 0.658621 0.568966 0.396552 0.862068
1 0.643103 0.272414 0.134483 0.255172
10 0.642241 0.226724 0.101724 0.129310
12 0.654310 0.274138 0.053448 0.037931
14 0.776724 0.922414 0.053448 0.131034
14 0.508621 0.908621 0.044828 0.113793
2 0.641379 0.628448 0.210345 0.470690
17 0.645690 0.630172 0.174138 0.432759
3 0.750862 0.538793 0.039655 0.170690
3 0.534483 0.564655 0.044828 0.160345
4 0.764655 0.746552 0.046552 0.244828
4 0.518103 0.756034 0.039655 0.198276
5 0.770690 0.930172 0.037931 0.112069
5 0.511207 0.908621 0.039655 0.100000