12 0.428224 0.243438 0.182066 0.059055
10 0.426036 0.154199 0.196947 0.114173
1 0.436539 0.263123 0.265221 0.395013
14 0.507878 0.868766 0.134799 0.146982
14 0.424723 0.895669 0.091033 0.124672
5 0.510941 0.873360 0.151430 0.169291
5 0.423847 0.900919 0.105038 0.145669
18 0.464550 0.690289 0.386015 0.475066
2 0.470677 0.707349 0.443786 0.585302
3 0.729333 0.619423 0.218829 0.480315
3 0.274606 0.708005 0.116417 0.347769
4 0.714015 0.862861 0.252967 0.132546
4 0.313557 0.911417 0.154056 0.093176
0 0.516631 0.516404 0.693252 0.967192