0 0.663587 0.502694 0.254042 0.822171
1 0.687837 0.180523 0.122402 0.168591
3 0.739800 0.365281 0.064665 0.168591
2 0.663587 0.429946 0.087760 0.284065
4 0.734026 0.516551 0.034642 0.110855
5 0.702848 0.612394 0.073903 0.080831
6 0.634719 0.659738 0.053118 0.157044
7 0.698229 0.705928 0.036952 0.092379
7 0.641647 0.787914 0.057737 0.094688
7 0.695920 0.790223 0.018476 0.071594
8 0.638183 0.873364 0.101617 0.062356
9 0.671670 0.152810 0.094688 0.113164
13 0.705158 0.618168 0.050808 0.060046
15 0.632409 0.872209 0.066975 0.055427
17 0.687797 0.421279 0.114677 0.278198