10 0.647994 0.109908 0.119704 0.053150
10 0.469749 0.245079 0.093492 0.030840
10 0.883471 0.284121 0.085628 0.024934
10 0.253495 0.656168 0.061163 0.026247
10 0.166993 0.660433 0.052425 0.013780
10 0.065638 0.649934 0.061163 0.013780
10 0.168304 0.567913 0.051551 0.017717
12 0.649305 0.153871 0.113588 0.026903
12 0.862064 0.305118 0.041066 0.015748
12 0.475428 0.269685 0.071648 0.017060
12 0.255243 0.678806 0.050678 0.015092
12 0.157819 0.674213 0.042814 0.011155
12 0.163935 0.580052 0.037571 0.009186
11 0.070881 0.663058 0.048930 0.012467
1 0.068696 0.666010 0.070774 0.051181
1 0.167867 0.675197 0.085628 0.060367
1 0.169178 0.581037 0.063784 0.053150
1 0.258301 0.669948 0.084754 0.072178
1 0.649305 0.150591 0.146790 0.158136
1 0.474555 0.267388 0.110093 0.087270
1 0.878228 0.309055 0.094365 0.091864
18 0.673333 0.360892 0.208827 0.241470
18 0.263543 0.735892 0.048056 0.038714
18 0.163062 0.626312 0.069026 0.043963
18 0.480671 0.419619 0.101355 0.194882
18 0.884345 0.446194 0.101355 0.185039
2 0.886966 0.443898 0.127568 0.202756
2 0.670712 0.361549 0.226302 0.259843
2 0.485913 0.420604 0.122325 0.208661
2 0.164809 0.626312 0.089997 0.045276
14 0.629209 0.500656 0.097860 0.056430
14 0.395917 0.240814 0.068153 0.057743
14 0.412081 0.472769 0.058541 0.041339
14 0.935896 0.413714 0.069900 0.055774
14 0.135975 0.721129 0.037571 0.026247
5 0.135538 0.724081 0.054173 0.033465
5 0.632267 0.499016 0.123199 0.068898
5 0.413829 0.475066 0.067279 0.051181
5 0.391548 0.241470 0.076890 0.073491
5 0.936333 0.416010 0.091744 0.072178
4 0.761582 0.438320 0.170382 0.087927
4 0.380626 0.447507 0.065531 0.057743
4 0.980617 0.447835 0.038765 0.043963
4 0.160877 0.749016 0.045435 0.037402
3 0.388053 0.372047 0.071648 0.104987
14 0.496398 0.431102 0.047183 0.030184
5 0.495088 0.432415 0.060289 0.047244
3 0.795659 0.318241 0.098734 0.158793
3 0.967511 0.387139 0.064978 0.087927
3 0.533533 0.342520 0.062036 0.077428
6 0.728817 0.610892 0.118830 0.225722
6 0.572415 0.608596 0.167761 0.176509
6 0.449216 0.605971 0.099608 0.158136
6 0.923664 0.623688 0.085628 0.131890
7 0.915363 0.747703 0.069026 0.096457
7 0.755466 0.777559 0.110967 0.103675
7 0.517805 0.777559 0.112714 0.171916
15 0.405528 0.898622 0.185236 0.100394
8 0.404217 0.902559 0.219312 0.114829
3 0.200196 0.735892 0.061163 0.047900
0 0.603103 0.517060 0.576677 0.960630
0 0.472914 0.506562 0.284843 0.666667
0 0.883684 0.541995 0.232632 0.737533
0 0.172564 0.721094 0.151757 0.153336
0 0.271436 0.722475 0.123245 0.183727
0 0.072772 0.674472 0.088295 0.097389
0 0.162446 0.590551 0.140720 0.117420