1 0.456735 0.205381 0.173933 0.318898
12 0.436632 0.190945 0.093522 0.040682
10 0.452802 0.095801 0.138098 0.086614
18 0.516170 0.688976 0.282314 0.587927
2 0.486452 0.670604 0.275321 0.658792
4 0.645527 0.720472 0.151208 0.204724
4 0.224242 0.501312 0.121491 0.244094
14 0.107558 0.364173 0.115373 0.140420
5 0.106247 0.367454 0.131979 0.162730
14 0.541954 0.906168 0.110129 0.187664
5 0.541517 0.898950 0.131979 0.202100
3 0.341799 0.482283 0.111877 0.253281
3 0.664319 0.468504 0.145090 0.288714
0 0.419152 0.509843 0.777018 0.980314