0 0.431379 0.531897 0.351724 0.891379
1 0.535690 0.183621 0.139655 0.184483
9 0.540862 0.135345 0.115517 0.091379
12 0.548621 0.207759 0.048276 0.022414
2 0.443448 0.398276 0.220690 0.331034
17 0.446034 0.393966 0.174138 0.287931
3 0.400345 0.300862 0.082759 0.118966
3 0.518448 0.374138 0.070690 0.141379
4 0.350345 0.416379 0.058621 0.077586
5 0.328793 0.487931 0.053448 0.072414
13 0.332241 0.488793 0.039655 0.056897
6 0.396897 0.678448 0.075862 0.187931
6 0.341724 0.650000 0.055172 0.165517
7 0.340000 0.823276 0.093103 0.105172
7 0.321034 0.777586 0.048276 0.086207
8 0.317586 0.918966 0.110345 0.068966
15 0.318448 0.913793 0.094828 0.086207