0 0.478357 0.511155 0.672900 0.814961
12 0.404574 0.193570 0.108215 0.032808
10 0.408509 0.152231 0.135760 0.047244
1 0.404574 0.190945 0.202657 0.140420
14 0.236349 0.306430 0.066896 0.064304
14 0.709543 0.518373 0.060994 0.028871
5 0.719381 0.517060 0.096410 0.041995
5 0.233398 0.305118 0.104280 0.082677
18 0.467536 0.384514 0.324645 0.217848
2 0.476389 0.391076 0.334482 0.254593
2 0.639696 0.347113 0.141663 0.119423
2 0.310132 0.349081 0.096410 0.149606
4 0.273733 0.396982 0.137728 0.093176
4 0.688884 0.458005 0.086572 0.099738
6 0.587556 0.578084 0.135760 0.148294
6 0.437039 0.580052 0.165274 0.160105
7 0.603296 0.738189 0.143631 0.166667
7 0.406542 0.744094 0.127890 0.157480
15 0.397688 0.854987 0.165274 0.056430
15 0.632809 0.849081 0.076734 0.041995
8 0.635760 0.846457 0.118053 0.060367
8 0.407525 0.859580 0.220365 0.081365