0 0.485758 0.532333 0.369515 0.926097
1 0.381832 0.166282 0.138568 0.189376
2 0.454580 0.412240 0.242494 0.293303
3 0.373749 0.403002 0.066975 0.210162
3 0.494996 0.351039 0.087760 0.161663
4 0.409546 0.560046 0.078522 0.090069
4 0.544650 0.504619 0.062356 0.099307
5 0.579292 0.617783 0.080831 0.103926
5 0.439569 0.667436 0.092379 0.110855
13 0.436105 0.673210 0.085450 0.103926
13 0.575828 0.615473 0.069284 0.090069
6 0.553888 0.711316 0.053118 0.073903
6 0.503079 0.724018 0.034642 0.131640
7 0.568899 0.796767 0.046189 0.083141
7 0.528483 0.852194 0.062356 0.101617
8 0.600077 0.883372 0.076212 0.071594
8 0.552989 0.956024 0.051963 0.085643
15 0.556839 0.958911 0.036567 0.070246
15 0.596773 0.878079 0.062548 0.058699
9 0.381704 0.125577 0.082756 0.101039
11 0.391808 0.184758 0.060624 0.036567
17 0.449063 0.435431 0.196305 0.326212