9 0.515748 0.132546 0.178478 0.062992
11 0.510499 0.180446 0.141732 0.038058
1 0.514436 0.164042 0.183727 0.152231
17 0.505906 0.372703 0.282152 0.254593
2 0.503937 0.371391 0.299213 0.278215
3 0.675853 0.322835 0.070866 0.146982
4 0.673885 0.447507 0.072178 0.118110
4 0.346457 0.448819 0.076115 0.107612
3 0.349081 0.326772 0.070866 0.136483
13 0.377297 0.541339 0.077428 0.064304
13 0.654199 0.536089 0.066929 0.053806
5 0.660105 0.541995 0.076115 0.065617
5 0.376640 0.545932 0.104987 0.078740
6 0.443570 0.576772 0.141732 0.124672
6 0.578740 0.576115 0.120735 0.123360
7 0.581365 0.690289 0.104987 0.094488
7 0.434383 0.686352 0.089239 0.091864
15 0.424541 0.730971 0.114173 0.141732
15 0.583990 0.740157 0.133858 0.141732
8 0.595144 0.771654 0.143045 0.062992
8 0.421916 0.767060 0.140420 0.064304
0 0.495407 0.438320 0.447507 0.792651