0 0.557737 0.638953 0.242494 0.540416
1 0.625866 0.424172 0.101617 0.101617
2 0.600462 0.571978 0.147806 0.189376
3 0.612009 0.530408 0.055427 0.087760
4 0.591224 0.607775 0.050808 0.066975
5 0.572748 0.682833 0.087760 0.073903
6 0.616628 0.708237 0.069284 0.078522
6 0.527714 0.703618 0.062356 0.083141
7 0.583141 0.790223 0.103926 0.076212
7 0.500000 0.780985 0.053118 0.043880
8 0.522100 0.851905 0.096677 0.077560
9 0.628176 0.413780 0.087760 0.066975
13 0.569027 0.678567 0.055812 0.066397
15 0.524281 0.849692 0.089492 0.061586
17 0.591714 0.566520 0.115473 0.157464