0 0.435345 0.485345 0.746552 0.625862
1 0.671552 0.356897 0.281034 0.279310
9 0.671552 0.337931 0.256897 0.227586
12 0.614655 0.362931 0.098276 0.050000
2 0.612069 0.644828 0.337931 0.310345
17 0.604310 0.666379 0.305172 0.270690
3 0.601724 0.694828 0.375862 0.217241
3 0.410345 0.584483 0.113793 0.093103
4 0.268103 0.587931 0.284483 0.427586
4 0.308621 0.534483 0.065517 0.158621
5 0.263793 0.383621 0.086207 0.163793
5 0.146552 0.297414 0.148276 0.250000
14 0.147414 0.300862 0.136207 0.253448
14 0.258621 0.387931 0.106897 0.168966