0 0.546034 0.541379 0.329310 0.682759
1 0.533965 0.283621 0.118966 0.125862
9 0.538276 0.258621 0.096552 0.062069
2 0.543448 0.472414 0.203448 0.251724
17 0.545172 0.461207 0.162069 0.236207
8 0.558965 0.843103 0.051724 0.041379
15 0.556379 0.835345 0.077586 0.063793
3 0.642586 0.412069 0.039655 0.106897
3 0.432241 0.414655 0.032759 0.098276
4 0.422759 0.511207 0.034483 0.084483
4 0.658965 0.496552 0.031034 0.068966
5 0.664138 0.553448 0.044828 0.055172
5 0.417586 0.592241 0.034483 0.060345
13 0.420172 0.584483 0.050000 0.079310
13 0.663276 0.546552 0.053448 0.062069
6 0.575345 0.630172 0.084483 0.098276
6 0.503793 0.627586 0.068966 0.103448
7 0.560690 0.740517 0.065517 0.118966
7 0.499483 0.738793 0.056897 0.118966