0 0.513342 0.501312 0.973316 0.997375
14 0.200787 0.815617 0.101487 0.150919
14 0.923885 0.717192 0.133858 0.106299
5 0.201662 0.816273 0.127734 0.165354
5 0.923010 0.717192 0.147857 0.122047
18 0.405949 0.618110 0.263342 0.585302
2 0.404637 0.618766 0.271216 0.683727
12 0.566492 0.161417 0.134733 0.086614
10 0.528434 0.060367 0.237095 0.112861
1 0.512686 0.187664 0.259843 0.375328
3 0.165792 0.412073 0.260717 0.204724
3 0.612861 0.524934 0.171479 0.293963
4 0.774278 0.686352 0.210849 0.149606
4 0.125109 0.625328 0.179353 0.229659