12 0.515740 0.135827 0.121988 0.035433
0 0.526562 0.513123 0.722088 0.973753
10 0.532464 0.095801 0.190852 0.070866
1 0.529513 0.129921 0.208560 0.165354
18 0.519675 0.336614 0.251846 0.245407
2 0.523611 0.337270 0.299067 0.272966
14 0.610182 0.372047 0.082637 0.059055
14 0.294392 0.487533 0.072799 0.066929
5 0.291440 0.487533 0.110182 0.082677
5 0.610182 0.373360 0.106247 0.072178
4 0.719381 0.389108 0.120020 0.051181
4 0.327840 0.392388 0.092475 0.123360
3 0.363256 0.266404 0.084604 0.118110
3 0.699706 0.284121 0.167241 0.148294
6 0.576734 0.595144 0.137728 0.269029
6 0.429168 0.581365 0.141663 0.238845
7 0.594442 0.808399 0.121988 0.154856
7 0.416379 0.774934 0.104280 0.150919
15 0.428185 0.902887 0.147566 0.091864
15 0.599361 0.916667 0.104280 0.045932
8 0.600345 0.914698 0.129858 0.068241
8 0.423266 0.905512 0.188884 0.118110