0 0.581986 0.408391 0.591224 0.816782
1 0.469977 0.092764 0.270208 0.168591
2 0.534642 0.329484 0.399538 0.314088
3 0.706697 0.159738 0.184758 0.150115
4 0.745958 0.301771 0.101617 0.115473
3 0.366051 0.267129 0.127021 0.166282
4 0.394919 0.398768 0.092379 0.083141
5 0.755196 0.411470 0.087760 0.094688
5 0.437644 0.498075 0.131640 0.083141
6 0.721709 0.474981 0.154734 0.138568
6 0.568129 0.528099 0.133949 0.083141
7 0.760970 0.573133 0.103926 0.043880
7 0.579677 0.597383 0.120092 0.041570
8 0.771363 0.689761 0.133949 0.170901
8 0.594534 0.709392 0.186759 0.163972
9 0.442263 0.036952 0.210162 0.050808
11 0.451501 0.088915 0.168591 0.034642
13 0.434950 0.494534 0.100693 0.060970
13 0.754427 0.413703 0.068360 0.065589
15 0.592764 0.707005 0.140416 0.145958
15 0.773826 0.682987 0.114550 0.144111
17 0.550269 0.252964 0.426790 0.322402