0 0.511162 0.452656 0.517321 0.826790
1 0.545804 0.129330 0.184758 0.166282
2 0.512317 0.357968 0.441109 0.323326
3 0.333333 0.278291 0.147806 0.159353
3 0.698229 0.307159 0.110855 0.166282
4 0.320631 0.412240 0.085450 0.090069
4 0.670516 0.449192 0.078522 0.085450
5 0.652040 0.547344 0.092379 0.101617
5 0.313703 0.517321 0.085450 0.106236
13 0.646266 0.549654 0.080831 0.078522
13 0.318322 0.513857 0.066975 0.080831
6 0.543495 0.585450 0.124711 0.108545
6 0.395689 0.580831 0.133949 0.094688
7 0.530793 0.666282 0.103926 0.043880
7 0.367975 0.660508 0.087760 0.055427
8 0.538876 0.777136 0.143187 0.163972
8 0.347190 0.771363 0.161663 0.143187
15 0.340262 0.770208 0.115473 0.127021
15 0.535412 0.771363 0.117783 0.143187
9 0.552733 0.085450 0.161663 0.073903
11 0.545804 0.140878 0.147806 0.046189
17 0.515781 0.348730 0.337182 0.304850