0 0.631255 0.452656 0.535797 0.882217
1 0.537721 0.120092 0.247113 0.189376
2 0.586220 0.353349 0.288684 0.263279
3 0.654349 0.296767 0.143187 0.145497
4 0.647421 0.427252 0.115473 0.110855
5 0.586220 0.551963 0.131640 0.129330
13 0.588530 0.548499 0.099307 0.090069
5 0.464973 0.508083 0.115473 0.115473
13 0.463818 0.505774 0.066975 0.073903
6 0.678599 0.548499 0.048499 0.108545
7 0.634719 0.657044 0.099307 0.071594
8 0.596613 0.779446 0.184758 0.131640
8 0.791763 0.680139 0.177829 0.187067
15 0.781370 0.665127 0.138568 0.124711
15 0.603541 0.779446 0.161663 0.103926
9 0.525019 0.091224 0.198614 0.103926
11 0.491532 0.157044 0.103926 0.032333
17 0.578137 0.360277 0.249423 0.258661