10 0.186324 0.276903 0.192898 0.167979
10 0.261919 0.127953 0.099056 0.085302
10 0.413543 0.135171 0.059955 0.078740
10 0.887534 0.261155 0.205063 0.149606
10 0.954874 0.054462 0.025198 0.019685
10 0.766755 0.052493 0.024329 0.013123
11 0.863204 0.389108 0.159879 0.080052
12 0.227162 0.402231 0.154666 0.069554
12 0.277994 0.203412 0.079071 0.031496
12 0.422667 0.185696 0.046921 0.019685
12 0.956612 0.074147 0.021723 0.019685
1 0.413978 0.164042 0.109483 0.186352
1 0.266263 0.183071 0.128599 0.232283
1 0.191971 0.370735 0.233737 0.458005
1 0.884927 0.341864 0.217227 0.408136
1 0.949661 0.074803 0.046052 0.073491
1 0.760673 0.060367 0.038232 0.047244
18 0.069890 0.703412 0.119910 0.593176
18 0.948546 0.780840 0.102908 0.438320
18 0.430922 0.327428 0.096449 0.177165
18 0.913601 0.102362 0.019116 0.049869
2 0.913167 0.102362 0.033887 0.068241
2 0.076406 0.697507 0.146846 0.604986
2 0.432659 0.333333 0.122516 0.194226
2 0.938553 0.788058 0.122893 0.423884
14 0.699415 0.715879 0.108614 0.106299
14 0.711145 0.598425 0.125123 0.118110
14 0.393124 0.515748 0.078202 0.097113
14 0.467416 0.406824 0.040839 0.036745
5 0.397469 0.513123 0.092104 0.131234
5 0.702890 0.720472 0.150321 0.128609
5 0.714621 0.593832 0.147715 0.132546
5 0.464809 0.404199 0.053004 0.044619
3 0.911183 0.780840 0.177634 0.438320
3 0.184151 0.814304 0.148584 0.371391
3 0.368360 0.330709 0.051266 0.162730
3 0.332300 0.381890 0.043445 0.196850
4 0.301020 0.555774 0.130336 0.095801
4 0.756328 0.881234 0.170306 0.213911
4 0.828014 0.661417 0.113827 0.160105
4 0.407027 0.387139 0.071251 0.065617
0 0.437873 0.274934 0.214621 0.431759
0 0.282773 0.333990 0.238081 0.552493
0 0.142690 0.585302 0.285379 0.829396
0 0.804741 0.566273 0.390517 0.867454
0 0.754156 0.074147 0.061693 0.090551
0 0.840178 0.086614 0.049528 0.115486
0 0.934021 0.089239 0.110352 0.125984