0 0.450970 0.376022 0.264526 0.374830
1 0.399538 0.232487 0.120092 0.092379
2 0.442263 0.337567 0.173210 0.099307
3 0.363741 0.330639 0.062356 0.066975
3 0.484988 0.291378 0.046189 0.085450
4 0.379908 0.390685 0.048499 0.039261
4 0.524682 0.328738 0.028868 0.036807
5 0.388279 0.426169 0.049076 0.029590
5 0.539838 0.365546 0.036085 0.039694
13 0.389001 0.424365 0.034642 0.024538
13 0.541282 0.365906 0.027425 0.033199
6 0.439160 0.424726 0.046911 0.071449
6 0.510609 0.412457 0.049798 0.057015
7 0.455759 0.482823 0.054128 0.037529
7 0.516383 0.458285 0.046911 0.028868
8 0.473080 0.529013 0.071449 0.054850
8 0.527930 0.499423 0.059902 0.047633
15 0.474163 0.527930 0.054850 0.051241
15 0.525765 0.497979 0.055572 0.044746
9 0.402353 0.220482 0.085883 0.039694
10 0.417509 0.246824 0.054128 0.036085
17 0.445655 0.321882 0.156611 0.140012