9 0.557743 0.195538 0.114173 0.041995
11 0.565289 0.227690 0.117454 0.017060
1 0.558727 0.219816 0.129265 0.094488
17 0.544948 0.354987 0.185696 0.169291
3 0.655840 0.330381 0.042651 0.097769
4 0.667323 0.391404 0.051181 0.067585
13 0.669619 0.456037 0.050525 0.044619
5 0.671588 0.454724 0.062336 0.052493
3 0.439633 0.326115 0.065617 0.102362
4 0.436024 0.412402 0.049213 0.058399
13 0.437664 0.465223 0.040682 0.035433
5 0.437664 0.467192 0.061680 0.039370
6 0.492454 0.494423 0.092520 0.101706
6 0.581365 0.493766 0.095801 0.092520
7 0.557087 0.582349 0.068241 0.064961
7 0.469816 0.587927 0.062992 0.073491
15 0.468176 0.614829 0.072835 0.097113
15 0.561680 0.607612 0.072178 0.089239
0 0.539464 0.415729 0.345894 0.518373