0 0.569882 0.574147 0.240157 0.846457
0 0.395669 0.524278 0.234252 0.951444
0 0.224902 0.432415 0.180118 0.728346
0 0.064469 0.405512 0.128937 0.716535
0 0.857776 0.366142 0.101378 0.388451
12 0.571902 0.260740 0.054911 0.028319
12 0.430481 0.203412 0.027973 0.026937
12 0.229227 0.173712 0.044032 0.013123
12 0.042737 0.133306 0.045068 0.022103
12 0.862516 0.228968 0.022793 0.011742
10 0.864070 0.212737 0.029010 0.019340
10 0.577860 0.222406 0.069934 0.037298
10 0.401471 0.149883 0.087029 0.067689
10 0.222493 0.135032 0.060609 0.057328
10 0.030823 0.101188 0.052321 0.036607
1 0.578248 0.253281 0.101378 0.133858
1 0.398622 0.189633 0.112205 0.171916
1 0.223917 0.160761 0.081693 0.129921
1 0.041339 0.131890 0.082677 0.106299
1 0.861220 0.227690 0.045276 0.061680
14 0.838091 0.392388 0.018701 0.028871
14 0.652067 0.641076 0.034449 0.069554
14 0.575295 0.449475 0.040354 0.069554
14 0.564961 0.357612 0.059055 0.051181
14 0.528543 0.374016 0.053150 0.091864
14 0.245079 0.458661 0.033465 0.056430
14 0.224902 0.451444 0.040354 0.049869
14 0.092520 0.176509 0.033465 0.040682
14 0.043799 0.177165 0.048228 0.044619
5 0.654528 0.645013 0.051181 0.085302
14 0.869587 0.399606 0.008858 0.032808
5 0.841535 0.395013 0.027559 0.026247
5 0.871555 0.402231 0.022638 0.048556
5 0.579724 0.450787 0.057087 0.085302
5 0.527559 0.372047 0.068898 0.103675
5 0.570866 0.356955 0.084646 0.062992
5 0.249508 0.459974 0.048228 0.080052
5 0.221457 0.446850 0.053150 0.061680
5 0.094488 0.177822 0.047244 0.053806
5 0.044291 0.175197 0.066929 0.066929
3 0.170276 0.302493 0.039370 0.122047
3 0.658465 0.420604 0.049213 0.140420
3 0.453248 0.424541 0.081693 0.182415
3 0.284449 0.304462 0.031496 0.120735
3 0.103346 0.246063 0.029528 0.059055
3 0.826280 0.290682 0.016732 0.064304
3 0.871555 0.302493 0.010827 0.059055
18 0.575295 0.446850 0.144685 0.269029
18 0.355315 0.428478 0.153543 0.292651
18 0.224902 0.346457 0.105315 0.217848
18 0.049705 0.299869 0.099409 0.224409
18 0.852362 0.316273 0.066929 0.097113
2 0.853839 0.319554 0.089567 0.111549
2 0.574803 0.457349 0.155512 0.276903
2 0.356299 0.427165 0.173228 0.324147
2 0.226378 0.340551 0.127953 0.250656
2 0.057579 0.296588 0.115157 0.249344
4 0.665846 0.545276 0.062008 0.101050
4 0.511319 0.474409 0.067913 0.129921
4 0.183071 0.407480 0.068898 0.059055
4 0.270669 0.402231 0.021654 0.066929
4 0.015748 0.248031 0.031496 0.099738
4 0.123524 0.253937 0.063976 0.082677
4 0.830217 0.349738 0.026575 0.043307
4 0.872539 0.351706 0.018701 0.034121
6 0.365157 0.717848 0.125984 0.254593
6 0.527559 0.661417 0.062992 0.139108
6 0.605807 0.673228 0.069882 0.144357
6 0.232776 0.555118 0.042323 0.112861
6 0.178150 0.536089 0.059055 0.132546
6 0.075787 0.494751 0.057087 0.131234
6 0.022146 0.496719 0.044291 0.145669
7 0.085138 0.624016 0.063976 0.111549
6 0.825295 0.414042 0.032480 0.072178
6 0.852362 0.424541 0.021654 0.066929
7 0.011811 0.633202 0.023622 0.098425
7 0.160925 0.660761 0.040354 0.132546
7 0.223917 0.665354 0.054134 0.120735
7 0.366634 0.918635 0.115157 0.139108
7 0.517717 0.801181 0.080709 0.150919
7 0.622539 0.824147 0.069882 0.154856
7 0.822835 0.481627 0.031496 0.052493
7 0.842028 0.480971 0.022638 0.051181
15 0.843504 0.530184 0.029528 0.031496
15 0.816437 0.532152 0.022638 0.040682
15 0.628937 0.955381 0.078740 0.065617
15 0.482776 0.927165 0.071850 0.061680
15 0.234744 0.746719 0.052165 0.028871
15 0.149606 0.760499 0.053150 0.035433
15 0.102362 0.704068 0.039370 0.035433
15 0.010827 0.730315 0.021654 0.027559
8 0.018701 0.732283 0.037402 0.041995
8 0.100394 0.706037 0.055118 0.047244
8 0.152067 0.760499 0.083661 0.048556
8 0.238189 0.744751 0.068898 0.053806
8 0.488189 0.927165 0.096457 0.095801
8 0.627953 0.949475 0.094488 0.080052
8 0.816437 0.534121 0.034449 0.060367
8 0.851870 0.529528 0.032480 0.043307
0 0.574803 0.575459 0.279528 0.849081