0 0.569284 0.401078 0.556582 0.720554
1 0.712471 0.143572 0.200924 0.168591
2 0.616628 0.315627 0.387991 0.290993
3 0.498845 0.205928 0.120092 0.122402
3 0.766744 0.344496 0.129330 0.140878
4 0.727483 0.441493 0.092379 0.043880
4 0.428406 0.306390 0.090069 0.073903
5 0.397229 0.394149 0.087760 0.101617
5 0.685912 0.515396 0.101617 0.099307
13 0.675520 0.506159 0.062356 0.076212
13 0.393764 0.401078 0.057737 0.083141
6 0.587760 0.509623 0.090069 0.087760
6 0.441109 0.485373 0.110855 0.043880
7 0.577367 0.580062 0.078522 0.048499
7 0.435335 0.531563 0.090069 0.039261
8 0.526559 0.672440 0.115473 0.140878
8 0.376443 0.615858 0.147806 0.115473
15 0.369515 0.606620 0.096998 0.087760
15 0.526559 0.670131 0.096998 0.127021
9 0.718245 0.123557 0.157044 0.090069
11 0.698614 0.169746 0.113164 0.076212
17 0.632794 0.296767 0.337182 0.302540