0 0.461894 0.293687 0.281755 0.431871
1 0.428406 0.137798 0.103926 0.092379
2 0.437644 0.250962 0.200924 0.161663
3 0.520785 0.202463 0.062356 0.078522
3 0.372979 0.231332 0.085450 0.076212
4 0.370798 0.296221 0.040416 0.047152
4 0.540640 0.265429 0.049076 0.047152
5 0.560367 0.319797 0.046189 0.046189
13 0.556999 0.313061 0.035604 0.032717
6 0.512253 0.369355 0.048114 0.070246
6 0.427572 0.366468 0.057737 0.074095
8 0.519470 0.460290 0.072171 0.065435
8 0.442969 0.459809 0.065435 0.072171
15 0.521395 0.461252 0.058699 0.053888
15 0.448743 0.465101 0.050038 0.055812
7 0.508885 0.413138 0.043303 0.017321
9 0.425167 0.113870 0.077945 0.034642
11 0.438158 0.137927 0.051963 0.028868
17 0.437676 0.252438 0.170323 0.148191