0 0.453793 0.449138 0.451724 0.881034
1 0.431379 0.123276 0.227586 0.198276
9 0.433965 0.076724 0.208621 0.081034
11 0.377931 0.134483 0.127586 0.041379
2 0.436552 0.369828 0.306897 0.325862
17 0.428793 0.370690 0.263793 0.289655
3 0.601207 0.300862 0.105172 0.150000
3 0.286552 0.331034 0.055172 0.151724
4 0.270172 0.455172 0.039655 0.096552
4 0.594310 0.442241 0.084483 0.139655
5 0.552931 0.554310 0.101724 0.091379
5 0.271897 0.537069 0.081034 0.084483
13 0.552931 0.561207 0.070690 0.067241
13 0.274483 0.542241 0.051724 0.074138
6 0.383965 0.591379 0.163793 0.127586
6 0.548621 0.593966 0.168966 0.108621
7 0.407241 0.681034 0.137931 0.117241
7 0.557241 0.706897 0.120690 0.103448
8 0.536552 0.823276 0.162069 0.115517
8 0.372759 0.800000 0.193103 0.110345
15 0.378793 0.765517 0.181034 0.148276
15 0.540000 0.787069 0.141379 0.187931