9 0.470472 0.166010 0.174541 0.064304
11 0.490157 0.209318 0.150919 0.030184
1 0.477690 0.188976 0.170604 0.154856
17 0.463255 0.383858 0.228346 0.229659
2 0.462598 0.379921 0.248031 0.248031
3 0.333990 0.353675 0.103675 0.137795
3 0.582021 0.339895 0.043307 0.112861
4 0.602362 0.434383 0.070866 0.076115
4 0.337270 0.473097 0.078740 0.090551
13 0.615486 0.508530 0.041995 0.061680
13 0.356955 0.550525 0.081365 0.061680
5 0.359580 0.553806 0.112861 0.076115
5 0.616798 0.512467 0.068241 0.072178
15 0.430446 0.752625 0.146982 0.124672
15 0.493438 0.701444 0.102362 0.122047
8 0.437008 0.792651 0.173228 0.052493
8 0.501969 0.740814 0.124672 0.061680
6 0.513123 0.559055 0.091864 0.099738
6 0.422572 0.565617 0.089239 0.112861
7 0.400919 0.690289 0.077428 0.131234
7 0.474409 0.663386 0.069554 0.103675
0 0.458005 0.470472 0.419948 0.765092