0 0.184828 0.416379 0.272414 0.501724
0 0.321897 0.428448 0.177586 0.384483
0 0.350407 0.601254 0.303323 0.705956
0 0.439138 0.518966 0.125862 0.320690
0 0.485690 0.574138 0.150000 0.382759
0 0.615862 0.670402 0.251724 0.468391
9 0.276207 0.233621 0.068966 0.046552
9 0.383103 0.297414 0.041379 0.046552
9 0.463276 0.307389 0.063793 0.063054
9 0.469310 0.408621 0.051724 0.024138
9 0.676334 0.489580 0.055427 0.041529
1 0.669310 0.520690 0.055172 0.089655
1 0.470172 0.424138 0.056897 0.065517
1 0.451207 0.335345 0.084483 0.108621
1 0.375345 0.306897 0.039655 0.079310
1 0.272759 0.261207 0.062069 0.081034
2 0.598621 0.629310 0.124138 0.158621
2 0.533103 0.517241 0.089655 0.106897
2 0.450345 0.500862 0.058621 0.112069
2 0.350345 0.528448 0.179310 0.229310
2 0.343448 0.391379 0.079310 0.134483
2 0.230517 0.362931 0.146552 0.150000
17 0.604655 0.625862 0.105172 0.141379
17 0.525345 0.518103 0.063793 0.094828
17 0.441724 0.501724 0.034483 0.103448
17 0.346034 0.516379 0.125862 0.215517
17 0.328793 0.406034 0.056897 0.084483
17 0.214138 0.364655 0.086207 0.150000
12 0.669655 0.518103 0.017931 0.015517
12 0.465517 0.424425 0.017241 0.016667
11 0.449469 0.332294 0.038462 0.048408
12 0.264655 0.261946 0.028325 0.023399
4 0.693227 0.548892 0.030788 0.055419
4 0.624877 0.496552 0.049261 0.068966
4 0.403520 0.579526 0.059626 0.114224
4 0.302945 0.519181 0.042385 0.082615
4 0.542529 0.497270 0.033046 0.030172
4 0.503376 0.485417 0.029454 0.058190
4 0.492229 0.426592 0.032469 0.056366
4 0.334828 0.278879 0.043103 0.047414
4 0.365000 0.335345 0.034483 0.044828
4 0.388707 0.369397 0.018103 0.012931
4 0.227490 0.251341 0.050766 0.038314
13 0.705939 0.497510 0.026820 0.040230
13 0.662461 0.461285 0.039969 0.032915
13 0.535502 0.454624 0.016458 0.052508
13 0.520475 0.450041 0.019320 0.055404
13 0.370027 0.240584 0.037135 0.055703
13 0.261273 0.238594 0.026525 0.025199
13 0.361406 0.664987 0.035809 0.055703
13 0.261273 0.596021 0.023873 0.068966
5 0.704048 0.498051 0.022489 0.038981
5 0.663568 0.460570 0.038981 0.031484
5 0.535382 0.455697 0.014993 0.048726
5 0.522264 0.452324 0.021739 0.044978
5 0.367466 0.662219 0.026987 0.052474
5 0.261019 0.598876 0.023988 0.056222
5 0.370690 0.241523 0.031609 0.044540
5 0.261494 0.234339 0.020115 0.015805
6 0.590517 0.741523 0.034483 0.081897
6 0.541667 0.737213 0.060345 0.070402
6 0.493534 0.615805 0.070402 0.089080
6 0.454741 0.605029 0.044540 0.061782
6 0.303879 0.707040 0.084770 0.110632
6 0.232759 0.697701 0.083333 0.126437
6 0.137931 0.480747 0.060345 0.077586
6 0.184626 0.473563 0.064655 0.077586
6 0.298851 0.496552 0.031609 0.077586
6 0.271552 0.494397 0.045977 0.061782
6 0.408046 0.554023 0.031609 0.074713
7 0.577586 0.818391 0.043103 0.068966
7 0.506322 0.804023 0.067816 0.068966
7 0.462644 0.683333 0.031609 0.074713
7 0.426724 0.667529 0.034483 0.066092
7 0.378762 0.622335 0.028997 0.061912
7 0.259483 0.823276 0.050000 0.115517
7 0.185345 0.799138 0.053448 0.087931
7 0.164655 0.572414 0.060345 0.110345
7 0.099138 0.568103 0.067241 0.091379
7 0.226724 0.570690 0.060345 0.096552
8 0.557759 0.871552 0.046552 0.046552
8 0.474138 0.875862 0.075862 0.065517
8 0.445623 0.759151 0.039788 0.066313
8 0.409814 0.725332 0.055703 0.043767
8 0.057748 0.629797 0.043656 0.041202
8 0.129973 0.647082 0.029178 0.033156
8 0.204907 0.615915 0.027851 0.045093
8 0.399735 0.649072 0.009284 0.035809
8 0.143783 0.863480 0.069174 0.100627
8 0.232445 0.907210 0.051724 0.068966
15 0.559626 0.874425 0.035920 0.040230
15 0.473420 0.876580 0.050287 0.056034
15 0.443966 0.760201 0.034483 0.056034
15 0.403736 0.728592 0.037356 0.035920
15 0.062500 0.632184 0.035920 0.034483
15 0.133621 0.647270 0.022989 0.033046
15 0.201868 0.614943 0.021552 0.045977
15 0.239224 0.903736 0.064655 0.060345
15 0.148707 0.859914 0.067529 0.093391