0 0.548621 0.557759 0.586207 0.884482
1 0.339138 0.226724 0.153448 0.208621
9 0.333103 0.182759 0.113793 0.137931
11 0.366724 0.256897 0.077586 0.037931
2 0.445172 0.474138 0.268966 0.341379
17 0.440862 0.481897 0.229310 0.301724
3 0.468448 0.326724 0.046552 0.060345
3 0.332241 0.398276 0.046552 0.093103
4 0.465000 0.283621 0.129310 0.153448
4 0.298621 0.379310 0.044828 0.168966
5 0.392586 0.200000 0.084483 0.082759
5 0.307241 0.248276 0.048276 0.110345
14 0.393448 0.197414 0.068966 0.070690
14 0.308103 0.245690 0.036207 0.084483
6 0.546897 0.738793 0.148276 0.187931
6 0.622759 0.702586 0.141379 0.187931
7 0.621897 0.855172 0.122414 0.117241
7 0.696034 0.840517 0.122414 0.122414
8 0.662414 0.955172 0.075862 0.089655
8 0.754655 0.951724 0.105172 0.096552
15 0.756379 0.950862 0.091379 0.098276
15 0.664138 0.955172 0.082759 0.089655