0 0.455517 0.585345 0.368966 0.760345
15 0.415862 0.906897 0.072414 0.086207
15 0.495172 0.898276 0.065517 0.093103
1 0.435690 0.289655 0.094828 0.148276
10 0.435690 0.250862 0.081034 0.067241
11 0.434828 0.281034 0.051724 0.031034
2 0.443448 0.488793 0.144828 0.301724
17 0.435690 0.493966 0.115517 0.253448
4 0.551207 0.406034 0.039655 0.108621
4 0.321897 0.425000 0.043103 0.084483
5 0.336552 0.330172 0.048276 0.081034
5 0.546897 0.318966 0.051724 0.079310
13 0.543448 0.328448 0.068966 0.101724
13 0.334828 0.337069 0.048276 0.098276
6 0.416724 0.692241 0.067241 0.115517
6 0.484828 0.686207 0.058621 0.100000
7 0.490000 0.799138 0.041379 0.112069
7 0.424483 0.806034 0.051724 0.118966
8 0.420172 0.914655 0.050000 0.046552
8 0.492586 0.914655 0.050000 0.046552