9 0.496719 0.160761 0.187664 0.119423
12 0.512467 0.242782 0.177165 0.036745
1 0.504593 0.223753 0.221785 0.198163
2 0.518373 0.539370 0.246719 0.388451
17 0.523622 0.599081 0.228346 0.471129
3 0.675853 0.491470 0.070866 0.216535
4 0.683071 0.715879 0.093176 0.206037
14 0.645669 0.853675 0.102362 0.080052
5 0.654856 0.862205 0.136483 0.089239
14 0.386483 0.856299 0.069554 0.095801
5 0.383202 0.853675 0.097113 0.106299
4 0.374016 0.696850 0.078740 0.194226
3 0.384514 0.492126 0.073491 0.209974
0 0.533465 0.528215 0.434383 0.883202