0 0.316379 0.548276 0.350000 0.500000
0 0.503448 0.582759 0.151724 0.420690
0 0.659483 0.558621 0.184483 0.455172
1 0.609483 0.382759 0.081034 0.100000
1 0.354207 0.376552 0.106207 0.129655
1 0.476621 0.424828 0.072414 0.097931
9 0.612483 0.372759 0.062759 0.053103
9 0.474897 0.397931 0.063448 0.035862
9 0.359724 0.338276 0.097931 0.047586
11 0.377655 0.367241 0.056552 0.031034
11 0.496966 0.416897 0.024828 0.013103
11 0.625241 0.377241 0.040000 0.012414
2 0.637655 0.498759 0.102069 0.147862
2 0.488759 0.536897 0.102207 0.155172
2 0.374414 0.603655 0.237931 0.381103
18 0.373034 0.606552 0.210345 0.364828
18 0.485103 0.537862 0.097931 0.148276
18 0.635862 0.501655 0.097931 0.143448
3 0.703034 0.488897 0.046069 0.073793
3 0.582759 0.522345 0.031724 0.091034
3 0.435172 0.508552 0.033103 0.077241
3 0.212966 0.574069 0.114483 0.245517
4 0.208828 0.744759 0.095172 0.091724
4 0.555724 0.554414 0.034483 0.051724
4 0.710897 0.552000 0.027586 0.046897
6 0.625034 0.653379 0.058621 0.148966
6 0.699172 0.653724 0.063448 0.148276
6 0.532621 0.676828 0.031034 0.117241
6 0.498138 0.678552 0.033793 0.119310
7 0.499172 0.766138 0.034483 0.054483
7 0.531586 0.764759 0.024828 0.054483
7 0.632621 0.757517 0.050345 0.055172
7 0.709862 0.759931 0.055862 0.061379