10 0.203842 0.104987 0.173607 0.058669
10 0.492608 0.106145 0.188653 0.050178
10 0.804522 0.132392 0.173607 0.053265
10 0.644803 0.164042 0.041666 0.019299
12 0.208472 0.149761 0.145830 0.024703
12 0.480456 0.149761 0.162033 0.033966
12 0.803364 0.175621 0.122682 0.033194
1 0.204421 0.145515 0.216430 0.150533
1 0.484506 0.148217 0.195597 0.148217
1 0.645961 0.169832 0.050925 0.038598
1 0.819567 0.164814 0.194440 0.145901
18 0.515756 0.363594 0.163190 0.257835
18 0.836928 0.375946 0.178236 0.213062
18 0.220624 0.366296 0.181708 0.241624
18 0.652905 0.221939 0.060184 0.050178
14 0.141344 0.262467 0.150459 0.104987
14 0.512862 0.554655 0.081016 0.045546
14 0.941092 0.254748 0.076387 0.075652
14 0.706144 0.570866 0.083331 0.027019
5 0.514020 0.555041 0.099535 0.063301
5 0.710774 0.568164 0.097220 0.044774
5 0.939356 0.252046 0.093748 0.093407
5 0.143658 0.262467 0.194440 0.118882
2 0.209255 0.357612 0.250862 0.275591
2 0.516683 0.362533 0.219709 0.270122
2 0.836409 0.376203 0.219709 0.238408
2 0.653752 0.225284 0.069957 0.063673
3 0.378224 0.320116 0.092756 0.171541
3 0.704976 0.348238 0.091350 0.149044
4 0.426007 0.469629 0.177079 0.123735
4 0.704976 0.482283 0.094161 0.102175
4 0.045060 0.325741 0.090119 0.064679
4 0.945298 0.354799 0.085729 0.109674
6 0.740111 0.621016 0.091350 0.132171
6 0.838488 0.572272 0.105404 0.177165
6 0.456925 0.592426 0.134917 0.131234
6 0.561627 0.585864 0.071675 0.146232
6 0.230658 0.620547 0.213619 0.215598
7 0.239793 0.808961 0.175674 0.157480
7 0.462547 0.734439 0.078702 0.152793
7 0.379629 0.727878 0.084323 0.107799
7 0.736598 0.757405 0.084323 0.131234
7 0.811786 0.740532 0.057621 0.159355
15 0.831461 0.856299 0.085729 0.066554
15 0.740814 0.867079 0.070269 0.084364
15 0.515952 0.844582 0.185511 0.058118
16 0.271414 0.891920 0.095566 0.057180
16 0.151254 0.924728 0.051999 0.077803
8 0.146335 0.919104 0.106809 0.096550
8 0.279847 0.895201 0.126485 0.078740
8 0.508222 0.850675 0.231889 0.083427
8 0.742922 0.872235 0.088539 0.098425
8 0.834272 0.858643 0.136323 0.101237
0 0.199950 0.519029 0.375801 0.917323
0 0.455730 0.504593 0.348255 0.880577
0 0.793164 0.478346 0.310872 0.877953