0 0.570172 0.506897 0.374138 0.655172
1 0.602069 0.267241 0.141379 0.131034
9 0.605517 0.237931 0.134483 0.062069
11 0.615000 0.275000 0.094828 0.025862
2 0.587414 0.432759 0.232759 0.244828
17 0.588276 0.434483 0.193103 0.220690
3 0.712414 0.408621 0.055172 0.096552
3 0.458103 0.376724 0.063793 0.101724
4 0.442586 0.479310 0.050000 0.100000
4 0.710690 0.501724 0.058621 0.113793
5 0.717586 0.580172 0.058621 0.056897
5 0.433965 0.558621 0.070690 0.062069
13 0.433103 0.551724 0.065517 0.068966
13 0.720172 0.575000 0.056897 0.060345
6 0.518448 0.580172 0.125862 0.112069
6 0.636552 0.606034 0.134483 0.115517
7 0.616724 0.681897 0.143103 0.050000
7 0.503793 0.700862 0.096552 0.132759
8 0.578793 0.745690 0.108621 0.098276
8 0.502069 0.793103 0.075862 0.048276
15 0.588276 0.727586 0.103448 0.124138
15 0.500345 0.756034 0.089655 0.139655