9 0.524524 0.089403 0.209154 0.077100
11 0.551591 0.146818 0.164862 0.031168
1 0.526575 0.124262 0.226378 0.168143
17 0.559383 0.370325 0.280512 0.284613
2 0.557743 0.369505 0.298556 0.296096
3 0.363353 0.333415 0.109908 0.168143
3 0.695948 0.308809 0.066437 0.138615
4 0.717274 0.435121 0.068077 0.104167
4 0.395341 0.478182 0.111549 0.119751
13 0.447014 0.574147 0.106627 0.072178
13 0.727116 0.531086 0.059875 0.076280
5 0.730807 0.531086 0.080381 0.082841
5 0.448245 0.572507 0.118930 0.088583
6 0.492126 0.599163 0.132874 0.161581
6 0.624590 0.593832 0.133694 0.152559
7 0.618438 0.716453 0.113189 0.094324
7 0.469980 0.731217 0.104987 0.100886
15 0.486795 0.793143 0.128773 0.162402
15 0.653707 0.757054 0.187008 0.149278
8 0.656988 0.782890 0.196850 0.091043
8 0.497867 0.828002 0.127953 0.086122
0 0.538714 0.463911 0.526247 0.888451