0 0.386836 0.594688 0.718245 0.792148
1 0.323326 0.282910 0.180139 0.177829
2 0.389145 0.475751 0.302540 0.309469
3 0.296767 0.435335 0.071594 0.108545
3 0.480370 0.381062 0.078522 0.101617
4 0.570439 0.310624 0.055427 0.057737
4 0.222864 0.457275 0.076212 0.060046
5 0.117783 0.450346 0.129330 0.096998
5 0.635104 0.249423 0.092379 0.087760
6 0.450346 0.715935 0.083141 0.133949
6 0.570439 0.696305 0.110855 0.117783
7 0.511547 0.829099 0.090069 0.101617
7 0.625866 0.799076 0.092379 0.083141
8 0.570439 0.939954 0.073903 0.096998
8 0.659353 0.912240 0.094688 0.120092
9 0.310404 0.234246 0.120422 0.075883
13 0.627956 0.235896 0.069284 0.065985
13 0.109150 0.442923 0.107225 0.077532
12 0.331849 0.279611 0.080831 0.034642
15 0.571044 0.954031 0.057737 0.065985
15 0.665897 0.926812 0.075883 0.067634
17 0.404432 0.473991 0.252392 0.287034