0 0.293495 0.484507 0.557159 0.470554
1 0.476809 0.330062 0.135681 0.147229
2 0.292052 0.396459 0.236721 0.204965
3 0.399586 0.475125 0.125577 0.134238
4 0.446497 0.583381 0.077945 0.067841
5 0.493408 0.655552 0.082275 0.062067
6 0.199673 0.572556 0.051963 0.144342
6 0.274009 0.583381 0.062067 0.140012
7 0.227819 0.668543 0.096709 0.038972
8 0.089973 0.630293 0.132794 0.132794
9 0.494130 0.316349 0.095266 0.108256
13 0.485470 0.651222 0.057737 0.044746
15 0.084199 0.631736 0.109700 0.115473
18 0.302155 0.378416 0.222286 0.157333
0 0.130389 0.336798 0.259815 0.259815
1 0.209055 0.253079 0.085162 0.083718
2 0.100799 0.312981 0.134238 0.148672
3 0.166474 0.292773 0.043303 0.062067
4 0.196064 0.355562 0.027425 0.066397
5 0.237202 0.321642 0.043303 0.053406
6 0.091416 0.387317 0.106813 0.075058
7 0.110181 0.440002 0.063510 0.018764
8 0.023576 0.415464 0.043303 0.076501
9 0.221324 0.252358 0.066397 0.070727
15 0.027184 0.428455 0.024538 0.056293
18 0.107294 0.302156 0.103926 0.112587