10 0.361220 0.385171 0.064961 0.051181
1 0.658881 0.419443 0.009464 0.012114
1 0.607208 0.406067 0.012871 0.016657
1 0.521275 0.380577 0.013628 0.021199
1 0.408465 0.464113 0.032556 0.044922
2 0.605315 0.423228 0.011357 0.020695
2 0.662477 0.441652 0.011357 0.022209
2 0.523168 0.404300 0.012871 0.021199
11 0.371801 0.426837 0.054626 0.020341
1 0.352362 0.421588 0.084646 0.139764
18 0.309383 0.631671 0.108268 0.300962
18 0.408793 0.537183 0.035433 0.087489
2 0.412073 0.540245 0.051181 0.116360
2 0.309711 0.631671 0.122047 0.314961
3 0.370079 0.589676 0.051181 0.160980
3 0.243110 0.583115 0.037402 0.144357
4 0.384514 0.739720 0.051181 0.146107
4 0.246063 0.689414 0.020997 0.075241
6 0.352690 0.853456 0.078084 0.123360
6 0.301837 0.856518 0.052493 0.127734
7 0.375984 0.954943 0.060367 0.088364
7 0.314304 0.963692 0.061680 0.072616
14 0.403215 0.826772 0.033465 0.034996
5 0.402887 0.830271 0.045932 0.052493
6 0.425853 0.630796 0.020997 0.055993
6 0.400919 0.628609 0.013123 0.056868
7 0.424869 0.693351 0.013780 0.058618
0 0.338583 0.671916 0.254593 0.656168
0 0.421260 0.592301 0.064304 0.321960
0 0.527559 0.409449 0.049869 0.094488
0 0.598753 0.433508 0.041339 0.090114
0 0.664370 0.450569 0.046588 0.083990