0 0.469977 0.561201 0.450346 0.877598
1 0.464826 0.216265 0.236812 0.181788
2 0.490762 0.463048 0.367206 0.302540
3 0.609700 0.421478 0.133949 0.187067
4 0.614319 0.569284 0.060046 0.108545
3 0.333718 0.386836 0.085450 0.140878
4 0.302540 0.494226 0.073903 0.060046
5 0.299076 0.594688 0.080831 0.113164
5 0.603926 0.685912 0.136259 0.110855
13 0.605081 0.684758 0.106236 0.066975
13 0.295649 0.587082 0.064885 0.071484
6 0.491404 0.692841 0.086880 0.151765
6 0.374281 0.660398 0.092379 0.084681
7 0.511749 0.805015 0.094578 0.063785
7 0.358884 0.739580 0.131970 0.062686
8 0.454562 0.918839 0.186957 0.157264
15 0.460061 0.916089 0.169361 0.145167
9 0.485905 0.457495 0.320026 0.283735
11 0.462260 0.188057 0.211151 0.101177
17 0.408373 0.239195 0.103376 0.040691