0 0.533621 0.535345 0.546552 0.929310
1 0.612069 0.239655 0.172414 0.324138
9 0.609483 0.212931 0.153448 0.236207
11 0.596552 0.340517 0.100000 0.036207
2 0.618966 0.672414 0.268966 0.655172
3 0.469828 0.503448 0.056897 0.241379
3 0.742241 0.555172 0.070690 0.248276
4 0.750000 0.775862 0.075862 0.182759
4 0.397414 0.600000 0.101724 0.220690
5 0.746552 0.925862 0.058621 0.120690
5 0.316379 0.681034 0.074138 0.124138
13 0.749138 0.921552 0.053448 0.115517
13 0.314655 0.685345 0.063793 0.094828
17 0.618966 0.667241 0.213793 0.582759