0 0.764648 0.559711 0.332031 0.880577
0 0.503906 0.525591 0.273438 0.948818
0 0.264160 0.574803 0.407227 0.850394
0 0.144531 0.239501 0.164063 0.287402
0 0.538411 0.139983 0.067708 0.216973
0 0.541341 0.113298 0.085286 0.226596
0 0.599609 0.113736 0.070312 0.227472
0 0.693034 0.076553 0.168620 0.153106
10 0.244629 0.192913 0.143555 0.097113
10 0.475098 0.074803 0.118164 0.070866
10 0.719238 0.146325 0.104492 0.074803
10 0.161133 0.148950 0.099609 0.074803
10 0.525333 0.043423 0.039062 0.021229
10 0.525908 0.005404 0.035616 0.010807
10 0.595416 0.002316 0.035616 0.004632
12 0.469971 0.149825 0.103353 0.041557
12 0.711263 0.215989 0.094401 0.036089
12 0.246175 0.274497 0.124512 0.054681
12 0.153809 0.216535 0.076497 0.032808
12 0.518799 0.060513 0.025228 0.012394
12 0.521918 0.018409 0.024957 0.012759
12 0.592584 0.012030 0.020345 0.013852
1 0.474121 0.156824 0.137695 0.234908
1 0.249023 0.289370 0.138672 0.261155
1 0.161133 0.216535 0.117188 0.241470
1 0.711914 0.224409 0.125000 0.207349
1 0.657281 0.015311 0.066732 0.030621
1 0.597602 0.021872 0.039605 0.043744
1 0.530056 0.064888 0.052083 0.059784
1 0.531955 0.022601 0.060221 0.045202
18 0.250488 0.561680 0.223633 0.291339
18 0.485840 0.449475 0.161133 0.311024
18 0.746094 0.474409 0.175781 0.266404
2 0.750977 0.473097 0.199219 0.308399
18 0.679118 0.090497 0.065104 0.083661
18 0.599365 0.089676 0.017904 0.076553
2 0.489746 0.447507 0.180664 0.338583
2 0.257324 0.561680 0.245117 0.317585
2 0.600364 0.087688 0.028853 0.082319
2 0.678489 0.088284 0.076793 0.095443
3 0.144043 0.552493 0.059570 0.212598
3 0.397949 0.381234 0.040039 0.185039
3 0.635742 0.435039 0.050781 0.182415
3 0.590820 0.362861 0.058594 0.179790
3 0.848145 0.368110 0.063477 0.166667
3 0.625732 0.081693 0.011230 0.058399
3 0.724365 0.076115 0.044434 0.076115
3 0.544434 0.128937 0.029297 0.058399
4 0.137207 0.725722 0.055664 0.146982
4 0.406738 0.609580 0.055664 0.114173
4 0.394531 0.514436 0.058594 0.076115
4 0.604492 0.530840 0.068359 0.124672
4 0.657227 0.559055 0.046875 0.060367
4 0.890137 0.501969 0.096680 0.095801
4 0.599312 0.144642 0.017408 0.029100
4 0.630095 0.150348 0.025476 0.038229
4 0.534986 0.170889 0.039062 0.017688
14 0.127930 0.862205 0.060547 0.107612
14 0.433594 0.687008 0.058594 0.085302
14 0.687012 0.605643 0.083008 0.093176
14 0.916992 0.566273 0.037109 0.040682
14 0.609375 0.116798 0.024219 0.029921
14 0.603983 0.180874 0.012313 0.026247
14 0.587424 0.160048 0.016559 0.022253
5 0.586787 0.157766 0.023777 0.026817
5 0.609715 0.115257 0.030571 0.036517
5 0.605893 0.182015 0.023777 0.027388
5 0.689538 0.604530 0.096807 0.099852
5 0.433297 0.684412 0.069209 0.091864
5 0.129616 0.857194 0.087003 0.122882
6 0.703569 0.798139 0.077237 0.169411
6 0.790572 0.787402 0.064808 0.169411
6 0.545987 0.780243 0.088778 0.121689
6 0.458540 0.807087 0.057706 0.144357
6 0.564616 0.217192 0.025065 0.061680
6 0.634277 0.220254 0.029622 0.069554
7 0.631185 0.287839 0.022135 0.061242
7 0.763184 0.921916 0.049805 0.132546
7 0.691895 0.936352 0.051758 0.127296
7 0.562012 0.922572 0.088867 0.152231
7 0.458496 0.933727 0.069336 0.111549
7 0.358887 0.959318 0.055664 0.081364