0 0.529638 0.579677 0.281755 0.840646
1 0.513472 0.270208 0.106236 0.212471
2 0.506543 0.493072 0.161663 0.265589
3 0.453426 0.418014 0.050808 0.120092
3 0.591994 0.411085 0.060046 0.133949
4 0.463818 0.508083 0.048499 0.036952
4 0.575828 0.517321 0.069284 0.069284
5 0.486160 0.565485 0.055226 0.073301
5 0.532851 0.604646 0.050206 0.095391
13 0.528835 0.605148 0.034140 0.084346
13 0.489172 0.566489 0.041169 0.061251
6 0.556448 0.709241 0.047193 0.129866
6 0.481139 0.698531 0.049202 0.132543
7 0.555946 0.825886 0.036148 0.095391
7 0.465576 0.824882 0.056231 0.113465
8 0.563477 0.935837 0.073301 0.110453
8 0.448506 0.940858 0.086354 0.108445
15 0.442481 0.941862 0.070288 0.088362
15 0.557452 0.931820 0.051210 0.092379
9 0.513271 0.218395 0.087358 0.105432
11 0.519798 0.296214 0.064263 0.032132
17 0.515279 0.483482 0.137564 0.280149