10 0.385335 0.142388 0.085630 0.032808
10 0.674213 0.110236 0.078740 0.049869
10 0.254368 0.397626 0.046137 0.026598
10 0.201464 0.312910 0.041216 0.023786
10 0.128260 0.369094 0.048597 0.024606
10 0.051673 0.332771 0.038667 0.024372
10 0.012655 0.390889 0.025309 0.026247
10 0.785292 0.386670 0.050619 0.021560
10 0.776856 0.345894 0.040776 0.016873
10 0.851729 0.360892 0.048510 0.022497
10 0.898130 0.347300 0.038667 0.015936
10 0.977714 0.395576 0.044572 0.026247
10 0.994938 0.343551 0.010124 0.017810
10 0.866845 0.396513 0.054837 0.031871
12 0.204935 0.332771 0.020388 0.014998
12 0.261530 0.424634 0.036558 0.013123
12 0.389834 0.172010 0.061164 0.021560
12 0.673510 0.150919 0.054837 0.026247
12 0.783183 0.413386 0.039370 0.018748
12 0.778614 0.367923 0.026012 0.012186
12 0.899184 0.365111 0.029528 0.014061
12 0.851729 0.378234 0.044291 0.008436
12 0.868251 0.424166 0.039370 0.014061
12 0.975112 0.416667 0.030934 0.012186
7 0.440804 0.819273 0.042182 0.140607
7 0.826420 0.738189 0.048510 0.089051
7 0.917463 0.741939 0.054837 0.115298
7 0.379289 0.822553 0.058352 0.145294
7 0.249930 0.762561 0.082255 0.143420
7 0.327264 0.736314 0.038667 0.165917
7 0.715692 0.823960 0.056243 0.179978
7 0.636249 0.822085 0.061867 0.181852
18 0.680188 0.366517 0.089286 0.245594
18 0.405652 0.416667 0.132171 0.302775
2 0.404949 0.421822 0.150450 0.339333
2 0.674213 0.378234 0.101237 0.284027
3 0.738892 0.336052 0.028121 0.165917
3 0.614103 0.278871 0.028825 0.049681
3 0.322343 0.363236 0.034449 0.167792
4 0.323046 0.504781 0.048510 0.109674
4 0.500562 0.488845 0.033746 0.105924
4 0.751195 0.473847 0.037261 0.111549
14 0.769474 0.559149 0.040073 0.060930
14 0.337458 0.580240 0.035152 0.046869
14 0.493532 0.559618 0.033746 0.039370
5 0.495641 0.564304 0.043588 0.054368
5 0.770529 0.563367 0.052025 0.069366
5 0.340270 0.581646 0.049213 0.045932
1 0.256960 0.417135 0.055540 0.088114
1 0.211263 0.324803 0.034449 0.055306
1 0.380695 0.174822 0.121625 0.145294
1 0.675619 0.162167 0.098425 0.155606
1 0.783535 0.351519 0.051322 0.052493
1 0.789159 0.405887 0.054134 0.050619
1 0.867899 0.404481 0.076631 0.045932
1 0.850675 0.359486 0.057649 0.049681
1 0.899536 0.359486 0.040073 0.051556
1 0.984744 0.357143 0.030512 0.067492
1 0.973496 0.403543 0.053008 0.051556
15 0.899888 0.813648 0.037964 0.050619
15 0.832747 0.809899 0.027418 0.050619
15 0.730104 0.929415 0.065382 0.055306
15 0.445022 0.906918 0.070304 0.062805
15 0.378585 0.918635 0.040073 0.093738
8 0.379640 0.933633 0.056243 0.074991
8 0.735025 0.935508 0.061164 0.074991
8 0.834857 0.815992 0.047103 0.074053
8 0.898833 0.816460 0.051322 0.063742
8 0.235166 0.847863 0.086474 0.049681
8 0.335700 0.850206 0.065382 0.048744
6 0.446077 0.666010 0.049916 0.143420
6 0.375422 0.672572 0.059055 0.135921
6 0.714637 0.626172 0.065382 0.189351
6 0.641873 0.632265 0.064679 0.210911
0 0.406004 0.510499 0.241142 0.913386
0 0.675197 0.523622 0.218504 0.926509
0 0.189961 0.327428 0.078740 0.158793
0 0.253937 0.500656 0.100394 0.311024
0 0.183563 0.606955 0.170276 0.536745
0 0.049705 0.637139 0.089567 0.583990
0 0.881890 0.602362 0.137795 0.598425