0 0.376058 0.428406 0.482679 0.856812
1 0.464973 0.092379 0.217090 0.184758
2 0.404927 0.317552 0.374134 0.307159
3 0.238645 0.230947 0.124711 0.180139
3 0.566590 0.285219 0.087760 0.150115
4 0.214396 0.371824 0.099307 0.078522
4 0.559661 0.406467 0.073903 0.092379
5 0.194765 0.460739 0.101617 0.094688
5 0.561971 0.503464 0.069284 0.096998
13 0.564280 0.505774 0.046189 0.064665
13 0.182063 0.456120 0.057737 0.066975
6 0.470747 0.540416 0.108545 0.115473
6 0.292918 0.518476 0.108545 0.076212
7 0.479985 0.636259 0.103926 0.066975
7 0.259430 0.591224 0.120092 0.087760
8 0.291763 0.727483 0.175520 0.175520
8 0.499615 0.754042 0.184758 0.168591
15 0.504234 0.747113 0.157044 0.150115
15 0.303310 0.713626 0.161663 0.147806
9 0.469592 0.054273 0.207852 0.094688
11 0.485758 0.112009 0.129330 0.039261
17 0.418784 0.306005 0.309469 0.316397