0 0.520785 0.481909 0.200924 0.826790
1 0.500000 0.160893 0.090069 0.184758
2 0.518476 0.404507 0.136259 0.293233
3 0.466513 0.309854 0.064665 0.085450
3 0.566975 0.309854 0.053118 0.099307
4 0.480370 0.387221 0.064665 0.055427
5 0.544329 0.392930 0.051963 0.059661
5 0.589964 0.398558 0.052488 0.050388
6 0.485513 0.622507 0.070334 0.132270
6 0.551123 0.615159 0.054587 0.123872
7 0.543775 0.710687 0.035692 0.062986
7 0.500735 0.744804 0.046189 0.099727
8 0.505459 0.842431 0.072433 0.085030
8 0.568444 0.781545 0.064035 0.068234
9 0.494961 0.117748 0.076632 0.089229
11 0.504934 0.178634 0.054587 0.024144
13 0.543775 0.391735 0.039891 0.049339
13 0.596263 0.399608 0.044090 0.039891
15 0.503884 0.845930 0.058786 0.066135
15 0.571069 0.783995 0.056687 0.049339
17 0.513985 0.403644 0.124711 0.290993