1 0.339239 0.196194 0.187664 0.187664
18 0.368110 0.432415 0.169291 0.271654
2 0.368766 0.438976 0.196850 0.292651
4 0.238845 0.524278 0.094488 0.161417
4 0.502625 0.475722 0.089239 0.053806
3 0.246063 0.360892 0.069554 0.167979
14 0.267717 0.632546 0.049869 0.039370
14 0.574147 0.513123 0.053806 0.028871
5 0.578740 0.515748 0.076115 0.041995
5 0.269685 0.633202 0.077428 0.051181
6 0.425197 0.671916 0.110236 0.175853
6 0.337270 0.685039 0.070866 0.173228
7 0.448819 0.847113 0.073491 0.169291
7 0.339895 0.862205 0.091864 0.167979
15 0.480971 0.967848 0.116798 0.064304
15 0.364173 0.967848 0.090551 0.064304
8 0.489501 0.963911 0.123360 0.072178
8 0.362205 0.961942 0.107612 0.076115
0 0.362861 0.530840 0.476378 0.938320
10 0.347769 0.143701 0.110236 0.043307
11 0.361549 0.192257 0.095801 0.043307