9 0.604061 0.083372 0.206114 0.080284
11 0.572410 0.140883 0.150533 0.020843
1 0.603675 0.119268 0.226957 0.165972
17 0.576656 0.350471 0.199166 0.277906
2 0.575112 0.350085 0.209974 0.289486
3 0.736066 0.303381 0.113478 0.179095
3 0.466265 0.315733 0.046318 0.103443
4 0.446580 0.411842 0.059441 0.084144
4 0.705960 0.450054 0.108847 0.114250
13 0.432299 0.487108 0.054037 0.064845
13 0.658098 0.541918 0.101127 0.075652
5 0.659642 0.541146 0.116566 0.084916
5 0.432299 0.489810 0.071021 0.065617
6 0.516057 0.545005 0.108847 0.097267
6 0.631079 0.556199 0.116566 0.118110
7 0.630307 0.675853 0.113478 0.110391
7 0.524162 0.646904 0.109619 0.091092
15 0.487880 0.685117 0.160568 0.108847
15 0.579358 0.737224 0.178323 0.118882
8 0.560445 0.765401 0.172920 0.076424
8 0.483248 0.707503 0.177551 0.067161
0 0.594379 0.421588 0.421041 0.795057