0 0.488068 0.480370 0.300231 0.840647
1 0.572363 0.155889 0.108545 0.177829
2 0.539576 0.401113 0.182658 0.289523
3 0.488663 0.302855 0.028343 0.091329
4 0.498635 0.376338 0.046189 0.045140
5 0.562671 0.397334 0.052488 0.061936
6 0.453496 0.618308 0.052488 0.125971
6 0.523830 0.619882 0.056687 0.135419
7 0.491287 0.724333 0.035692 0.065085
7 0.440899 0.742179 0.031493 0.100777
8 0.410980 0.841381 0.080831 0.089229
8 0.499160 0.797292 0.072433 0.066135
13 0.567394 0.398383 0.034642 0.038841
9 0.573168 0.111799 0.090279 0.080831
11 0.573693 0.174785 0.047239 0.026244
15 0.409406 0.841381 0.065085 0.066135
15 0.494436 0.796767 0.054587 0.046189
3 0.600462 0.314928 0.027294 0.094478
17 0.526454 0.393659 0.148016 0.281335