0 0.504234 0.450346 0.498845 0.886836
1 0.579292 0.085450 0.196305 0.152425
2 0.545804 0.294457 0.351039 0.265589
3 0.371440 0.199769 0.108545 0.191686
3 0.693610 0.299076 0.110855 0.168591
4 0.347190 0.340647 0.096998 0.066975
4 0.668206 0.438799 0.096998 0.101617
5 0.630100 0.536952 0.085450 0.103926
5 0.337952 0.428406 0.101617 0.103926
6 0.535412 0.512702 0.108545 0.157044
6 0.425712 0.500000 0.064665 0.113164
7 0.514627 0.636259 0.094688 0.066975
7 0.373749 0.570439 0.071594 0.073903
8 0.489222 0.759815 0.150115 0.184758
8 0.326405 0.682448 0.133949 0.168591
15 0.484603 0.759815 0.099307 0.157044
15 0.318322 0.680139 0.108545 0.127021
13 0.627791 0.527714 0.066975 0.071594
13 0.344881 0.431871 0.069284 0.083141
9 0.586220 0.053118 0.145497 0.073903
11 0.575828 0.091224 0.115473 0.085450
17 0.531948 0.286374 0.295612 0.337182