0 0.520400 0.359122 0.392610 0.676674
1 0.513472 0.108545 0.175520 0.157044
2 0.526174 0.285219 0.260970 0.210162
3 0.649731 0.244804 0.087760 0.124711
4 0.657814 0.352194 0.057737 0.076212
5 0.635874 0.421478 0.069284 0.062356
3 0.378368 0.239030 0.090069 0.108545
4 0.385296 0.340647 0.062356 0.085450
5 0.393379 0.424942 0.073903 0.069284
6 0.560816 0.443418 0.085450 0.087760
6 0.441878 0.443418 0.083141 0.092379
7 0.431486 0.520785 0.099307 0.043880
7 0.573518 0.517321 0.083141 0.050808
8 0.564280 0.608545 0.083141 0.127021
8 0.422248 0.603926 0.094688 0.122402
9 0.520815 0.083496 0.145082 0.085273
11 0.519038 0.140641 0.105999 0.026648
13 0.392906 0.419455 0.056256 0.052111
13 0.633327 0.420639 0.051519 0.052111
15 0.562760 0.602238 0.072245 0.116066
15 0.419455 0.605791 0.075798 0.120803
17 0.515166 0.290839 0.240185 0.209700