0 0.616628 0.523480 0.766744 0.937644
1 0.884527 0.201309 0.230946 0.260970
2 0.676674 0.498075 0.646651 0.517321
3 0.609700 0.298306 0.189376 0.127021
4 0.475751 0.421863 0.143187 0.143187
5 0.424942 0.600847 0.115473 0.168591
3 0.926097 0.505004 0.143187 0.235566
4 0.906467 0.701309 0.163972 0.120092
6 0.577367 0.859507 0.203233 0.182448
6 0.391455 0.816782 0.159353 0.101617
7 0.318707 0.924172 0.161663 0.108545
7 0.496536 0.966898 0.133949 0.041570
9 0.892610 0.147036 0.187067 0.138568
12 0.867206 0.229022 0.094688 0.094688
14 0.420323 0.603156 0.092379 0.136259