0 0.367206 0.362972 0.406467 0.588915
1 0.272517 0.134334 0.152425 0.127021
2 0.311778 0.282140 0.249423 0.214781
3 0.430716 0.224403 0.108545 0.122402
4 0.472286 0.309854 0.062356 0.034642
3 0.214781 0.279831 0.092379 0.122402
4 0.239030 0.375674 0.053118 0.050808
5 0.271363 0.454196 0.071594 0.087760
5 0.483834 0.375674 0.080831 0.083141
13 0.263279 0.447267 0.041570 0.060046
13 0.479215 0.380293 0.062356 0.050808
6 0.352194 0.449577 0.066975 0.106236
6 0.431871 0.434565 0.064665 0.080831
7 0.354503 0.525789 0.062356 0.036952
7 0.472286 0.491147 0.066975 0.041570
8 0.382217 0.597383 0.085450 0.101617
8 0.511547 0.573133 0.080831 0.099307
15 0.378753 0.595073 0.069284 0.083141
15 0.512702 0.578907 0.073903 0.096998
9 0.270721 0.111624 0.102276 0.073683
11 0.278419 0.139118 0.091279 0.038491
17 0.317460 0.277136 0.246343 0.204553