0 0.466724 0.545690 0.381034 0.608621
13 0.580517 0.587069 0.108621 0.094828
13 0.598621 0.528448 0.062069 0.101724
1 0.504655 0.329310 0.167241 0.162069
9 0.500345 0.318103 0.144828 0.143103
2 0.438276 0.477586 0.241379 0.337931
17 0.435690 0.485345 0.201724 0.284483
3 0.396034 0.467241 0.084483 0.193103
6 0.405517 0.757759 0.124138 0.167241
3 0.578793 0.412931 0.053448 0.056897
4 0.486552 0.540517 0.103448 0.087931
4 0.601207 0.468966 0.056897 0.068966
5 0.586552 0.577586 0.082759 0.072414
5 0.607241 0.515517 0.051724 0.062069