0 0.473056 0.504619 0.450346 0.806005
1 0.379523 0.188222 0.226328 0.163972
2 0.447652 0.435335 0.357968 0.311778
3 0.332179 0.382217 0.150115 0.187067
4 0.404927 0.518476 0.101617 0.076212
5 0.484603 0.602771 0.117783 0.101617
13 0.483449 0.596998 0.073903 0.066975
17 0.449961 0.422633 0.274827 0.267898
7 0.467282 0.713626 0.101617 0.083141
6 0.561971 0.608545 0.032333 0.094688
8 0.529638 0.829099 0.235566 0.120092
15 0.531948 0.825635 0.193995 0.108545
8 0.603541 0.744804 0.152425 0.127021
15 0.605851 0.745958 0.138568 0.101617
9 0.389915 0.151270 0.187067 0.080831
11 0.444188 0.187067 0.078522 0.055427