0 0.430716 0.378753 0.279446 0.355658
1 0.379908 0.255196 0.127021 0.080831
2 0.405312 0.346420 0.140878 0.078522
3 0.481524 0.296767 0.057737 0.057737
3 0.341801 0.340647 0.060046 0.057737
4 0.345266 0.394919 0.039261 0.023095
4 0.500000 0.347575 0.048499 0.025404
5 0.506928 0.387991 0.039261 0.041570
5 0.357689 0.426694 0.055985 0.042685
6 0.482679 0.418014 0.050808 0.078522
6 0.422075 0.428805 0.060524 0.067771
8 0.511547 0.494226 0.048499 0.078522
8 0.458430 0.498845 0.043880 0.060046
9 0.388761 0.240874 0.069284 0.044974
11 0.389368 0.262753 0.053482 0.027957
13 0.511667 0.381859 0.024687 0.027873
13 0.352393 0.426854 0.029466 0.030262
15 0.510870 0.500518 0.035837 0.061320
15 0.459505 0.495341 0.036633 0.043004
17 0.403759 0.337262 0.130604 0.125030