0 0.709007 0.468437 0.563510 0.936874
1 0.550808 0.127406 0.228637 0.247113
2 0.781755 0.444958 0.413395 0.466513
3 0.815187 0.300506 0.100627 0.200704
4 0.899538 0.479600 0.076212 0.124711
5 0.750577 0.522325 0.180139 0.136259
5 0.694765 0.648851 0.094028 0.062686
6 0.949632 0.803915 0.079182 0.168261
6 0.863026 0.805565 0.097328 0.174860
9 0.529803 0.097328 0.173210 0.178159
11 0.557022 0.178984 0.079182 0.087430
13 0.730232 0.532553 0.148466 0.090729
13 0.692291 0.650500 0.072583 0.046189
17 0.789618 0.428077 0.359617 0.473441
0 0.575268 0.544475 0.550073 0.860802
1 0.441948 0.236896 0.228847 0.241444
2 0.541675 0.575968 0.314928 0.419903
3 0.440899 0.479390 0.117573 0.193156
4 0.501785 0.665197 0.083981 0.165862
5 0.553223 0.837357 0.119672 0.153265
6 0.783120 0.871999 0.075583 0.167961
6 0.673945 0.881447 0.096578 0.140668
9 0.422003 0.201554 0.172160 0.159563
11 0.472391 0.288684 0.092379 0.035692
13 0.558472 0.846805 0.104976 0.113374
17 0.540626 0.578067 0.304430 0.407306
0 0.243544 0.616908 0.487088 0.741130
1 0.102876 0.401708 0.193156 0.264539
3 0.135419 0.711386 0.191056 0.300231
4 0.333823 0.926552 0.155364 0.146896
17 0.261390 0.761775 0.405207 0.447197
9 0.083981 0.335573 0.163762 0.123872
11 0.113374 0.413255 0.130170 0.031493
0 0.311778 0.622157 0.422003 0.739030
1 0.199454 0.378613 0.176359 0.243544
17 0.356918 0.688292 0.293932 0.354818
9 0.182658 0.310379 0.142767 0.115473
11 0.224648 0.389111 0.092379 0.037791