9 0.367454 0.547244 0.081365 0.057743
9 0.688082 0.315259 0.061441 0.054283
9 0.649010 0.279766 0.054880 0.027440
9 0.600692 0.311382 0.060845 0.046528
9 0.508828 0.308101 0.045335 0.031615
9 0.416368 0.298855 0.057266 0.032212
9 0.383560 0.317347 0.029826 0.025054
9 0.845264 0.314364 0.063231 0.063231
1 0.418158 0.320628 0.063231 0.063827
1 0.382665 0.332558 0.029229 0.049511
1 0.369840 0.571164 0.064424 0.093653
1 0.844071 0.323610 0.064424 0.109162
1 0.691064 0.333453 0.065020 0.081126
9 0.380279 0.464686 0.045932 0.031019
1 0.382069 0.475424 0.056669 0.071582
1 0.506741 0.314961 0.044739 0.058459
1 0.599499 0.322417 0.073968 0.070985
1 0.645431 0.294679 0.065617 0.068003
2 0.523145 0.402350 0.058459 0.099618
2 0.450370 0.419053 0.065617 0.121093
2 0.679134 0.470950 0.059055 0.172393
2 0.621868 0.431878 0.074565 0.127654
2 0.345681 0.706574 0.133023 0.131830
17 0.526127 0.402052 0.050107 0.103794
17 0.681222 0.467669 0.069196 0.182534
17 0.614114 0.428299 0.075758 0.128848
17 0.362384 0.703293 0.159270 0.116917