12 0.313795 0.242126 0.234481 0.077428
12 0.823150 0.210630 0.181279 0.043307
12 0.582758 0.093832 0.185220 0.032808
12 0.063795 0.066929 0.127589 0.036745
10 0.839899 0.091864 0.266008 0.165354
10 0.608374 0.034121 0.244333 0.068241
10 0.307883 0.125984 0.285712 0.125984
10 0.075617 0.021654 0.151234 0.043307
1 0.290149 0.198163 0.293594 0.293963
1 0.605418 0.117454 0.250244 0.234908
1 0.849507 0.161417 0.300986 0.307087
1 0.090395 0.085958 0.180790 0.171916
14 0.263549 0.774278 0.216747 0.091864
14 0.484237 0.819554 0.145812 0.090551
4 0.091381 0.674541 0.182761 0.223097
4 0.633004 0.719160 0.277830 0.238845
3 0.026356 0.416010 0.052712 0.293963
4 0.401479 0.564961 0.130048 0.234908
5 0.182761 0.616798 0.327091 0.740157
18 0.262563 0.774278 0.242363 0.120735
5 0.488177 0.817585 0.173398 0.107612
2 0.191628 0.614173 0.364529 0.761155
3 0.690146 0.469816 0.183250 0.312336
18 0.565024 0.503281 0.212806 0.500000
18 0.586699 0.508530 0.260097 0.539370
18 0.884233 0.604331 0.200984 0.539370
2 0.857388 0.595801 0.285223 0.603675
0 0.836699 0.472441 0.326602 0.944882
0 0.607388 0.461286 0.388174 0.922572
0 0.229311 0.500000 0.458621 1.000000