0 0.245958 0.682833 0.334873 0.628176
1 0.177829 0.433410 0.120092 0.120092
2 0.226328 0.615858 0.180139 0.235566
3 0.233256 0.568514 0.083141 0.103926
4 0.285219 0.687452 0.090069 0.073903
6 0.271363 0.813318 0.071594 0.140878
6 0.344111 0.827175 0.073903 0.145497
7 0.274827 0.934565 0.050808 0.083141
7 0.364896 0.941493 0.050808 0.083141
9 0.168591 0.419553 0.083141 0.064665
17 0.209007 0.619323 0.108545 0.228637
0 0.466513 0.650500 0.327945 0.683603
1 0.376443 0.373364 0.129330 0.129330
2 0.439954 0.574288 0.196305 0.258661
3 0.357968 0.555812 0.055427 0.143187
4 0.374134 0.667821 0.060046 0.071594
5 0.381062 0.749808 0.073903 0.078522
6 0.471132 0.816782 0.069284 0.138568
6 0.545035 0.807544 0.060046 0.110855
7 0.513857 0.943803 0.080831 0.092379
7 0.580831 0.931101 0.062356 0.099307
14 0.381062 0.749808 0.055427 0.060046
9 0.370670 0.360662 0.103926 0.099307
17 0.439954 0.588145 0.182448 0.267898
0 0.648961 0.570824 0.378753 0.819861
1 0.525404 0.229022 0.117783 0.122402
2 0.606236 0.414935 0.196305 0.277136
3 0.572748 0.369900 0.087760 0.108545
4 0.617783 0.443803 0.053118 0.025404
5 0.692841 0.493456 0.083141 0.073903
6 0.683603 0.641263 0.106236 0.157044
7 0.733256 0.794842 0.080831 0.140878
8 0.771363 0.923018 0.124711 0.083141
15 0.779446 0.924172 0.085450 0.080831
9 0.528868 0.212856 0.092379 0.066975
12 0.515589 0.245958 0.040416 0.020785
13 0.684180 0.488453 0.056582 0.069284
17 0.595266 0.413780 0.116628 0.267898
0 0.758661 0.545227 0.344111 0.767129
1 0.661663 0.243649 0.108545 0.131640
2 0.721709 0.445727 0.187067 0.267898
3 0.696305 0.384527 0.071594 0.127021
4 0.734411 0.512702 0.050808 0.115473
6 0.791186 0.646074 0.079677 0.123557
7 0.840262 0.765974 0.092379 0.110855
8 0.867398 0.867590 0.093533 0.080831
15 0.870862 0.873942 0.077367 0.047344
9 0.647998 0.216898 0.070439 0.070439
12 0.637028 0.276366 0.041570 0.030023
17 0.730562 0.434180 0.136259 0.228637