0 0.301619 0.536745 0.603237 0.926509
0 0.770122 0.500000 0.459755 1.000000
12 0.779965 0.151575 0.279965 0.074803
12 0.300525 0.260499 0.248469 0.077428
10 0.372266 0.165354 0.367454 0.115486
10 0.817585 0.056430 0.355206 0.112860
1 0.808618 0.211286 0.382764 0.422572
1 0.341645 0.268373 0.397200 0.355643
14 0.483377 0.472441 0.278215 0.194226
14 0.164042 0.473097 0.230971 0.148294
5 0.161417 0.469160 0.264217 0.166667
5 0.481627 0.471129 0.302712 0.220472
18 0.773622 0.712598 0.452756 0.574803
18 0.320647 0.723753 0.386702 0.539370
2 0.764873 0.700787 0.470254 0.590551
2 0.328521 0.714567 0.472441 0.557743
4 0.055774 0.643045 0.111548 0.238845
4 0.630359 0.641732 0.145232 0.246719