10 0.508766 0.092520 0.170937 0.145669
12 0.513697 0.202100 0.150118 0.052493
1 0.515340 0.189633 0.216958 0.353018
14 0.260031 0.471785 0.177511 0.129921
14 0.782155 0.498031 0.176416 0.150919
5 0.257292 0.475722 0.200522 0.156168
5 0.780512 0.499344 0.195043 0.171916
18 0.517532 0.676509 0.387895 0.646982
2 0.514245 0.666010 0.438300 0.667979
4 0.118131 0.391076 0.200522 0.104987
4 0.925151 0.442913 0.138064 0.116798
3 0.808453 0.390420 0.123820 0.087927
3 0.240307 0.354987 0.181894 0.072178
0 0.505648 0.501969 0.988704 0.996062