0 0.790862 0.542241 0.181034 0.805172
1 0.790862 0.262931 0.105172 0.170690
9 0.787414 0.225000 0.105172 0.070690
11 0.816724 0.258621 0.025862 0.034483
2 0.791724 0.444828 0.113793 0.241379
3 0.797759 0.418103 0.043103 0.129310
17 0.790862 0.448276 0.094828 0.234483
4 0.836552 0.543966 0.051724 0.098276
5 0.860690 0.636207 0.024138 0.086207
13 0.855517 0.636207 0.055172 0.100000
6 0.820172 0.643966 0.091379 0.153448
7 0.798621 0.786207 0.127586 0.113793
6 0.767586 0.665517 0.044828 0.144828
8 0.757241 0.883621 0.062069 0.094828
8 0.811552 0.888793 0.063793 0.032759
15 0.810690 0.860345 0.041379 0.072414
15 0.755517 0.866379 0.068966 0.122414