0 0.463818 0.448037 0.533487 0.896074
1 0.590839 0.096998 0.233256 0.180139
2 0.470747 0.326790 0.325635 0.311778
9 0.601232 0.058891 0.203233 0.113164
11 0.608160 0.114319 0.152425 0.062356
3 0.396844 0.234411 0.117783 0.168591
4 0.386451 0.376443 0.069284 0.092379
5 0.409546 0.500000 0.101617 0.145497
5 0.542340 0.476905 0.076212 0.103926
6 0.481139 0.532333 0.036952 0.085450
6 0.326405 0.515012 0.050808 0.036952
7 0.440724 0.624711 0.099307 0.085450
7 0.324095 0.562356 0.069284 0.030023
8 0.437259 0.763279 0.170901 0.191686
8 0.301001 0.668591 0.120092 0.182448
15 0.443033 0.764434 0.159353 0.184758
15 0.303310 0.682448 0.078522 0.173210
17 0.499615 0.311778 0.180139 0.332564