10 0.489061 0.451298 0.102021 0.033537
6 0.533149 0.815349 0.101292 0.127831
6 0.427849 0.816565 0.102021 0.138038
12 0.489790 0.481676 0.081617 0.022358
1 0.493069 0.484835 0.142100 0.114222
18 0.487604 0.647419 0.166148 0.195392
2 0.484689 0.644017 0.188010 0.211918
3 0.591811 0.607320 0.034979 0.108389
3 0.386312 0.608292 0.055383 0.115194
4 0.400522 0.682658 0.042994 0.029649
4 0.586710 0.677311 0.040808 0.047147
7 0.544444 0.938806 0.087446 0.117138
7 0.406352 0.942792 0.086718 0.114416
0 0.503721 0.700541 0.421792 0.598917