0 0.358737 0.542725 0.660508 0.812933
1 0.232871 0.233256 0.237875 0.203233
2 0.327560 0.436490 0.482679 0.309469
3 0.476520 0.330254 0.120092 0.157044
3 0.143957 0.457275 0.129330 0.143187
4 0.540031 0.456120 0.103926 0.071594
4 0.201694 0.588915 0.096998 0.078522
5 0.574673 0.538106 0.108545 0.087760
5 0.245573 0.683603 0.101617 0.096998
6 0.501925 0.627021 0.110855 0.062356
6 0.373749 0.663972 0.076212 0.136259
7 0.531948 0.697460 0.110855 0.050808
7 0.379523 0.777136 0.064665 0.076212
8 0.596613 0.801386 0.184758 0.147806
8 0.418784 0.877598 0.152425 0.143187
15 0.590839 0.789838 0.173210 0.124711
15 0.411855 0.875289 0.110855 0.138568
13 0.575828 0.543880 0.073903 0.071594
13 0.260585 0.681293 0.076212 0.064665
9 0.225943 0.204388 0.205543 0.090069
11 0.236336 0.242494 0.157044 0.078522
17 0.284834 0.435335 0.337182 0.316397