0 0.570172 0.497414 0.222414 0.494828
1 0.584828 0.311207 0.093103 0.108621
9 0.593448 0.300862 0.082759 0.063793
2 0.574483 0.433621 0.120690 0.201724
17 0.571034 0.430172 0.100000 0.184483
3 0.638276 0.398276 0.037931 0.075862
3 0.521034 0.412069 0.034483 0.096552
4 0.604655 0.418103 0.046552 0.046552
4 0.506379 0.464655 0.032759 0.060345
5 0.579655 0.383621 0.055172 0.053448
5 0.502931 0.518103 0.050000 0.046552
13 0.577069 0.383621 0.036207 0.043103
13 0.500345 0.518103 0.037931 0.032759
6 0.541724 0.562931 0.075862 0.074138
6 0.620172 0.561207 0.081034 0.070690
7 0.622759 0.633621 0.068966 0.081034
7 0.526207 0.620690 0.051724 0.058621
8 0.624483 0.701724 0.065517 0.048276
8 0.510690 0.669828 0.068966 0.036207
15 0.516724 0.659483 0.056897 0.050000
15 0.627931 0.696552 0.055172 0.055172