0 0.215550 0.546189 0.189376 0.436490
1 0.247988 0.401848 0.115683 0.129330
2 0.221591 0.581986 0.169124 0.235566
3 0.153195 0.519630 0.055427 0.096998
4 0.169361 0.598409 0.069284 0.054914
5 0.240955 0.621375 0.067744 0.048499
5 0.290460 0.613292 0.026648 0.044650
6 0.181361 0.730426 0.069284 0.048906
6 0.256759 0.732464 0.067926 0.052982
9 0.247743 0.375697 0.116173 0.059486
12 0.272237 0.416987 0.036392 0.020295
14 0.244271 0.624741 0.056256 0.042636
14 0.291348 0.616154 0.024871 0.031385
3 0.292533 0.534237 0.022503 0.089418
18 0.214366 0.567399 0.138568 0.187718
0 0.399483 0.559496 0.173210 0.427252
1 0.425877 0.410206 0.110525 0.128670
2 0.410206 0.583416 0.141867 0.204553
3 0.338447 0.528978 0.037941 0.122072
4 0.335973 0.637853 0.042890 0.082481
5 0.353294 0.715385 0.070934 0.059386
6 0.447322 0.730232 0.061036 0.075883
9 0.424227 0.386286 0.094028 0.070934
12 0.448147 0.431651 0.042890 0.013197
14 0.356593 0.717860 0.057737 0.044540
18 0.407731 0.582591 0.140218 0.212801
0 0.576817 0.552898 0.171561 0.443748
1 0.561971 0.400308 0.102276 0.128670
2 0.571868 0.545475 0.141867 0.168261
3 0.642802 0.505059 0.049489 0.077532
4 0.645277 0.566920 0.037941 0.039591
3 0.509183 0.497636 0.023095 0.062686
4 0.524029 0.553723 0.046189 0.056087
6 0.526504 0.700539 0.061036 0.141867
6 0.600737 0.705488 0.080831 0.118773
10 0.558671 0.370615 0.089080 0.056087
12 0.562796 0.409381 0.057737 0.018146
5 0.601562 0.569394 0.062686 0.057737
14 0.600737 0.566920 0.054437 0.039591
17 0.579292 0.552898 0.136919 0.183108
0 0.765699 0.549599 0.186407 0.437149
1 0.736831 0.399483 0.112174 0.127021
2 0.751677 0.554547 0.138568 0.202903
3 0.824260 0.495986 0.052788 0.095678
4 0.838282 0.573518 0.047839 0.052788
5 0.773947 0.575168 0.064335 0.049489
5 0.699714 0.579292 0.044540 0.041241
6 0.794567 0.712086 0.079182 0.105576
6 0.710437 0.711261 0.056087 0.103926
9 0.731882 0.375564 0.092379 0.065985
12 0.723634 0.417629 0.056087 0.014847
14 0.778896 0.577642 0.061036 0.037941
18 0.759925 0.553723 0.155064 0.197954