9 0.612205 0.053150 0.179790 0.069554
11 0.601963 0.102990 0.144928 0.025676
1 0.603389 0.085872 0.148922 0.148922
17 0.611948 0.310111 0.282438 0.256191
2 0.610807 0.307828 0.297273 0.268744
3 0.782266 0.257332 0.071893 0.138081
4 0.791966 0.379436 0.070752 0.107269
4 0.441630 0.379151 0.058199 0.107840
3 0.442771 0.257332 0.066187 0.126669
13 0.784549 0.471300 0.074176 0.070752
13 0.458747 0.473012 0.074176 0.069611
5 0.455038 0.473867 0.090722 0.071323
5 0.788543 0.475009 0.083305 0.073605
15 0.491555 0.682985 0.119251 0.128951
15 0.742896 0.678991 0.127810 0.128951
8 0.748602 0.704382 0.108410 0.070181
8 0.493838 0.707806 0.112404 0.074746
7 0.512667 0.634201 0.087299 0.120393
7 0.728632 0.636768 0.120963 0.103846
6 0.528358 0.510099 0.134657 0.135798
6 0.695253 0.511240 0.180874 0.125528
0 0.612861 0.385171 0.496063 0.757218