0 0.483103 0.618966 0.213793 0.762068
0 0.714749 0.580172 0.125361 0.529310
0 0.926897 0.679310 0.146206 0.641379
0 0.593448 0.592241 0.082759 0.363793
0 0.341724 0.625000 0.120690 0.546552
1 0.717586 0.369828 0.068966 0.098276
1 0.956207 0.423276 0.087586 0.122414
1 0.585690 0.446552 0.046552 0.072414
1 0.483965 0.333621 0.091379 0.160345
1 0.341724 0.411207 0.062069 0.108621
9 0.715862 0.351724 0.044828 0.051724
9 0.963276 0.392241 0.060345 0.056897
9 0.589456 0.432228 0.028515 0.037135
9 0.343103 0.395756 0.045093 0.066313
9 0.488088 0.298276 0.067398 0.079937
11 0.483777 0.344122 0.050940 0.047806
11 0.478683 0.430329 0.050157 0.046238
12 0.961050 0.425235 0.030564 0.018809
12 0.719279 0.382524 0.025078 0.010188
12 0.588793 0.453840 0.019592 0.013323
12 0.340674 0.434013 0.022727 0.010972
2 0.343417 0.561311 0.079937 0.210711
2 0.474927 0.632811 0.150773 0.380355
2 0.588621 0.556322 0.058621 0.156322
2 0.716207 0.506897 0.060920 0.188506
2 0.950575 0.626437 0.098850 0.291954
17 0.950000 0.628161 0.100000 0.288506
17 0.716667 0.509770 0.060920 0.189655
17 0.586207 0.558621 0.052874 0.147126
17 0.473563 0.634483 0.147126 0.381609
17 0.343103 0.559195 0.079310 0.208046
3 0.557471 0.544828 0.043678 0.140230
3 0.750575 0.481034 0.018391 0.077011
3 0.678736 0.479310 0.017241 0.085057
3 0.894253 0.567816 0.034483 0.124138
3 0.617241 0.527032 0.013547 0.051108
3 0.384113 0.508559 0.022167 0.092980
3 0.303140 0.526724 0.017857 0.064039
4 0.302833 0.595382 0.019704 0.070813
4 0.387808 0.589532 0.017241 0.070197
4 0.619643 0.579680 0.010468 0.051724
4 0.889498 0.687774 0.039185 0.115987
4 0.757837 0.557680 0.032915 0.065831
4 0.678683 0.552978 0.021944 0.081505
4 0.568966 0.697179 0.031348 0.125392
4 0.397335 0.670533 0.017241 0.097179
5 0.892633 0.760658 0.026646 0.039185
5 0.747649 0.608621 0.021944 0.051724
5 0.681034 0.611755 0.020376 0.045455
5 0.557210 0.770063 0.017241 0.023511
5 0.618319 0.615805 0.009339 0.014368
5 0.301868 0.647414 0.011494 0.041667
5 0.385920 0.653161 0.007184 0.028736
13 0.385201 0.653879 0.005747 0.028736
13 0.300431 0.647773 0.012931 0.042385
13 0.562931 0.764778 0.022167 0.027094
13 0.617573 0.613594 0.008621 0.016578
13 0.749602 0.605902 0.023873 0.056366
13 0.680637 0.606897 0.021220 0.058355
13 0.892308 0.762135 0.025199 0.035146
6 0.911494 0.826724 0.066092 0.123563
6 0.976149 0.831034 0.045977 0.114943
6 0.731178 0.642098 0.027299 0.073276
6 0.695977 0.646408 0.037356 0.081897
6 0.601868 0.664368 0.024425 0.057471
6 0.368391 0.704598 0.028736 0.080460
6 0.324569 0.704598 0.041667 0.068966
6 0.435920 0.915948 0.068966 0.168103
6 0.512069 0.914511 0.086207 0.170977
7 0.318103 0.791667 0.028736 0.106322
7 0.374856 0.798132 0.027299 0.102011
7 0.604741 0.718391 0.030172 0.045977
7 0.690230 0.733477 0.028736 0.090517
7 0.734052 0.737069 0.033046 0.103448
7 0.894253 0.945402 0.051724 0.109195
7 0.982328 0.942529 0.035344 0.114942
8 0.611207 0.750000 0.020115 0.017241
8 0.313793 0.871408 0.025862 0.041667
8 0.375575 0.873563 0.028736 0.040230
8 0.680891 0.798851 0.027299 0.043103
8 0.749856 0.810345 0.024425 0.048851
15 0.746264 0.805316 0.037356 0.056034
15 0.688075 0.795259 0.035920 0.064655
15 0.611925 0.747126 0.018678 0.043103
15 0.314511 0.862787 0.033046 0.076149
15 0.374138 0.864224 0.025862 0.064655
15 0.897126 0.992098 0.048851 0.015804