0 0.307759 0.551724 0.243103 0.896552
0 0.571552 0.584483 0.170690 0.831034
0 0.687931 0.551724 0.186207 0.896552
0 0.897414 0.606897 0.174138 0.786206
0 0.807759 0.591379 0.108621 0.817241
0 0.476724 0.540517 0.101724 0.860345
0 0.424138 0.571552 0.106897 0.856896
0 0.240517 0.595690 0.146552 0.756897
0 0.073981 0.368103 0.086520 0.422414
0 0.160345 0.369828 0.065517 0.415517
0 0.050000 0.287931 0.041379 0.203448
0 0.015517 0.298276 0.031034 0.237931
0 0.223276 0.256897 0.050000 0.141379
0 0.292241 0.283621 0.043103 0.108621
1 0.896552 0.324138 0.079310 0.206897
1 0.802586 0.272414 0.067241 0.158621
1 0.701019 0.204154 0.091693 0.193574
1 0.568182 0.255486 0.068966 0.163009
1 0.478448 0.193182 0.068182 0.160658
1 0.338950 0.202194 0.093260 0.166144
1 0.396552 0.216693 0.056426 0.144984
1 0.240125 0.288558 0.055172 0.131661
1 0.286912 0.275627 0.032132 0.069749
1 0.167398 0.207837 0.042320 0.087774
1 0.085502 0.200392 0.043103 0.080721
1 0.050313 0.216850 0.021944 0.046238
1 0.011129 0.212147 0.018809 0.039969
1 0.217868 0.221160 0.037618 0.070533
9 0.891850 0.281113 0.070533 0.113636
9 0.813871 0.219592 0.046238 0.051724
9 0.700235 0.175313 0.072884 0.124608
9 0.569749 0.216301 0.056426 0.081505
9 0.481583 0.152429 0.058777 0.080721
9 0.337774 0.171630 0.081505 0.103448
9 0.394984 0.172806 0.051724 0.063480
9 0.240752 0.254545 0.045455 0.062696
9 0.164420 0.186364 0.029781 0.039185
9 0.087618 0.182837 0.040752 0.039969
9 0.055408 0.207132 0.014890 0.022727
10 0.011520 0.205956 0.016458 0.021944
10 0.282680 0.260031 0.032132 0.045455
12 0.903997 0.339107 0.036834 0.024295
12 0.810737 0.281897 0.035266 0.027429
12 0.717633 0.234483 0.036834 0.025078
12 0.564420 0.270141 0.037618 0.027429
12 0.479781 0.214498 0.037618 0.021160
12 0.395925 0.220768 0.032915 0.025862
12 0.242712 0.299530 0.028997 0.020376
2 0.893417 0.564577 0.106583 0.310345
2 0.814263 0.476881 0.100313 0.267241
2 0.700627 0.443574 0.120690 0.272727
2 0.569122 0.488245 0.103448 0.285266
2 0.484875 0.396944 0.097962 0.248433
2 0.332445 0.466693 0.105016 0.329937
2 0.407680 0.436912 0.064263 0.281348
2 0.238009 0.477273 0.076019 0.239812
2 0.167085 0.314812 0.057994 0.149687
2 0.082445 0.304232 0.042320 0.152038
2 0.010737 0.267633 0.021160 0.072884
2 0.052665 0.261755 0.023511 0.065831
18 0.892712 0.567398 0.099530 0.307210
18 0.808072 0.483150 0.083856 0.268809
18 0.702351 0.446630 0.095611 0.271944
18 0.578135 0.479154 0.097962 0.291536
18 0.484875 0.398041 0.090125 0.251567
18 0.405329 0.433699 0.065831 0.283699
18 0.332602 0.473668 0.101881 0.319749
18 0.238558 0.474060 0.078370 0.223354
18 0.164342 0.315361 0.052508 0.142633
18 0.085188 0.308699 0.041536 0.146552
18 0.049138 0.263636 0.016458 0.061129
18 0.013088 0.265596 0.024295 0.069749
3 0.267712 0.422335 0.043887 0.153448
3 0.444357 0.398041 0.034483 0.141850
3 0.514498 0.430956 0.035266 0.127743
3 0.626489 0.438793 0.042320 0.165361
3 0.838715 0.515987 0.028213 0.172414
3 0.138480 0.297179 0.013323 0.086207
3 0.196081 0.467712 0.021944 0.144201
3 0.056975 0.280172 0.014890 0.072884
3 0.105564 0.278605 0.016458 0.068182
4 0.055799 0.348746 0.012539 0.053292
4 0.134169 0.364969 0.009404 0.046238
4 0.108307 0.343417 0.014107 0.054859
4 0.187069 0.582132 0.014890 0.075235
4 0.243495 0.578997 0.047806 0.147335
4 0.406113 0.423433 0.050157 0.138715
4 0.451724 0.533699 0.039185 0.126959
4 0.532837 0.545846 0.063480 0.102665
4 0.642163 0.529781 0.062696 0.042320
4 0.862226 0.584639 0.043887 0.040752
5 0.904389 0.573903 0.045455 0.063480
5 0.696317 0.544514 0.052508 0.089342
5 0.729232 0.549216 0.024295 0.076803
5 0.570298 0.630721 0.033699 0.059561
5 0.462696 0.639263 0.032915 0.094828
5 0.226567 0.697806 0.027429 0.085580
5 0.191301 0.649687 0.021160 0.057994
5 0.378605 0.325549 0.038401 0.042320
5 0.134953 0.404702 0.012539 0.031348
5 0.109875 0.387069 0.012539 0.033699
5 0.051489 0.393339 0.013323 0.038401
14 0.050705 0.393339 0.016458 0.043103
14 0.110658 0.385110 0.012539 0.036050
14 0.134953 0.402743 0.012539 0.030564
14 0.189028 0.644514 0.017241 0.062696
14 0.222727 0.697335 0.037618 0.089342
14 0.455878 0.640517 0.039969 0.097962
14 0.387304 0.335737 0.047022 0.062696
14 0.565831 0.625627 0.045455 0.071317
14 0.694357 0.543730 0.048589 0.086207
14 0.734718 0.550392 0.030564 0.079154
14 0.900470 0.572727 0.032915 0.065831
6 0.871082 0.811520 0.047806 0.171630
6 0.908307 0.806818 0.040752 0.159091
6 0.792712 0.709248 0.052508 0.173981
6 0.821317 0.702194 0.036050 0.155172
6 0.660423 0.697100 0.050940 0.229624
6 0.724295 0.698668 0.056426 0.220219
6 0.546082 0.700078 0.053292 0.129310
6 0.593103 0.701254 0.031348 0.131661
6 0.499530 0.626097 0.031348 0.178527
6 0.452900 0.637147 0.035266 0.199060
6 0.423119 0.668887 0.039969 0.177900
6 0.308307 0.740596 0.062696 0.210031
6 0.357288 0.733542 0.028997 0.194357
6 0.377665 0.715517 0.028997 0.158307
6 0.264655 0.670063 0.022727 0.145768
6 0.223903 0.669279 0.039969 0.141066
6 0.070690 0.420376 0.017241 0.076803
6 0.090674 0.421552 0.018025 0.077586
6 0.147884 0.428605 0.022727 0.074451
6 0.174922 0.425078 0.020376 0.073668
6 0.016223 0.329075 0.005486 0.046238
6 0.046003 0.307915 0.010188 0.027429
6 0.003213 0.327116 0.006426 0.047022
7 0.234013 0.818574 0.043887 0.152821
7 0.265752 0.807602 0.022727 0.124608
7 0.309639 0.922414 0.041536 0.155172
7 0.347257 0.918887 0.030564 0.162226
7 0.378605 0.899295 0.030564 0.193574
7 0.421317 0.864028 0.042320 0.204545
7 0.458934 0.820141 0.028213 0.160658
7 0.496552 0.789969 0.032915 0.141066
7 0.546708 0.865204 0.036050 0.206897
7 0.582367 0.855408 0.027429 0.179467
7 0.654310 0.907132 0.061912 0.185736
7 0.724451 0.905172 0.042320 0.189655
7 0.805643 0.858934 0.039185 0.134796
7 0.875784 0.950627 0.036834 0.098746
7 0.912618 0.948276 0.022727 0.103448
8 0.811912 0.947884 0.031348 0.041536
8 0.694984 0.947884 0.037618 0.046238
8 0.575157 0.972179 0.054075 0.055642
8 0.541458 0.981191 0.035266 0.037618
8 0.496787 0.904389 0.030564 0.078370
8 0.468182 0.927116 0.026646 0.039185
8 0.229389 0.923589 0.047806 0.050940
8 0.268182 0.898511 0.028213 0.054075
8 0.065204 0.546944 0.006270 0.046238
8 0.085188 0.550470 0.010188 0.050157
8 0.145925 0.547727 0.015674 0.033699
8 0.169436 0.554781 0.017241 0.038401
8 0.015439 0.399608 0.008621 0.014890
16 0.015831 0.400705 0.007837 0.022727
16 0.067085 0.546160 0.017241 0.041536
16 0.085893 0.550862 0.015674 0.049373
16 0.148197 0.546944 0.016458 0.036834
16 0.168574 0.553605 0.018025 0.031348
16 0.226959 0.926724 0.042320 0.054075
16 0.269671 0.899295 0.027429 0.050940
16 0.497806 0.906348 0.032915 0.079154
16 0.467241 0.929859 0.026646 0.046238
16 0.577351 0.971395 0.044671 0.057210
16 0.541693 0.982759 0.036050 0.034482
16 0.810815 0.944357 0.031348 0.053292
16 0.694436 0.944357 0.030564 0.042320
7 0.067555 0.492398 0.014107 0.061912
7 0.085188 0.497257 0.018025 0.060345
7 0.148668 0.497649 0.016458 0.059561
7 0.171395 0.496082 0.013323 0.064263
7 0.044828 0.344592 0.004702 0.044671
7 0.016614 0.369671 0.003135 0.035266