0 0.630485 0.474981 0.480370 0.711316
1 0.663972 0.223249 0.163972 0.138568
2 0.638568 0.427637 0.297921 0.274827
3 0.480370 0.347960 0.096998 0.152425
3 0.794457 0.398768 0.106236 0.133949
4 0.785219 0.507313 0.060046 0.064665
4 0.454965 0.448422 0.046189 0.034642
5 0.766744 0.578907 0.078522 0.087760
5 0.454965 0.509623 0.064665 0.087760
6 0.669746 0.583526 0.101617 0.087760
6 0.547344 0.553503 0.110855 0.110855
7 0.680139 0.663202 0.085450 0.062356
7 0.518476 0.634334 0.066975 0.041570
8 0.653580 0.759045 0.078522 0.120092
8 0.482679 0.711701 0.138568 0.099307
15 0.475751 0.711701 0.110855 0.076212
15 0.652425 0.750962 0.071594 0.108545
13 0.755196 0.573133 0.050808 0.057737
13 0.450346 0.507313 0.046189 0.083141
9 0.668591 0.190916 0.154734 0.060046
11 0.655889 0.242879 0.106236 0.043880
17 0.651270 0.405697 0.281755 0.272517