0 0.762125 0.499230 0.457275 0.658199
2 0.744804 0.341032 0.376443 0.341801
3 0.833718 0.229022 0.096998 0.117783
4 0.784065 0.347960 0.187067 0.096998
5 0.638568 0.356043 0.117783 0.122402
6 0.833718 0.628560 0.175520 0.219400
6 0.672055 0.618168 0.124711 0.203233
7 0.901848 0.786759 0.094688 0.078522
7 0.672055 0.775212 0.120092 0.096998
13 0.631640 0.345650 0.094688 0.101617
17 0.735181 0.341801 0.351039 0.337182
0 0.261740 0.500000 0.517321 0.667436
3 0.165897 0.279446 0.140878 0.203233
4 0.311393 0.397229 0.136259 0.115473
5 0.453426 0.433025 0.129330 0.117783
4 0.296382 0.248268 0.064665 0.094688
6 0.130100 0.732102 0.175520 0.193995
17 0.142802 0.293303 0.274827 0.240185
13 0.449961 0.433025 0.103926 0.094688