0 0.553118 0.401078 0.422633 0.757506
1 0.501155 0.111239 0.230947 0.154734
2 0.543880 0.335258 0.288684 0.270208
3 0.581986 0.279831 0.106236 0.131640
4 0.568129 0.403387 0.087760 0.096998
5 0.542725 0.532717 0.078522 0.101617
6 0.632794 0.522325 0.078522 0.085450
7 0.644342 0.611672 0.064665 0.074769
8 0.609988 0.716898 0.198037 0.118360
8 0.515300 0.662048 0.138568 0.135681
6 0.539838 0.527569 0.066397 0.088048
9 0.510248 0.085162 0.194861 0.092379
11 0.461894 0.144342 0.080831 0.025982
15 0.608401 0.716657 0.177540 0.102483
15 0.516744 0.664694 0.112587 0.090935
17 0.547055 0.332708 0.254042 0.249711