0 0.743103 0.488793 0.162069 0.405172
8 0.093966 0.788793 0.087931 0.022414
8 0.731897 0.675000 0.043103 0.025862
8 0.126724 0.762069 0.032759 0.017241
8 0.374138 0.586207 0.041379 0.024138
0 0.615517 0.343103 0.041379 0.086207
0 0.549138 0.338793 0.036207 0.067241
0 0.081897 0.542241 0.156897 0.546552
0 0.355172 0.486207 0.200000 0.296552
1 0.724138 0.327586 0.065517 0.068966
1 0.348276 0.415517 0.037931 0.051724
1 0.106897 0.318103 0.106897 0.084483
10 0.112069 0.296552 0.082759 0.044828
10 0.346552 0.408621 0.027586 0.041379
10 0.724138 0.325000 0.058621 0.067241
2 0.756897 0.423276 0.075862 0.136207
2 0.318966 0.438793 0.082759 0.091379
2 0.071552 0.434483 0.101724 0.210345
17 0.070690 0.441379 0.086207 0.193103
17 0.318966 0.446552 0.082759 0.086207
18 0.750862 0.414655 0.074138 0.150000
3 0.776724 0.389655 0.036207 0.082759
3 0.374138 0.401724 0.027586 0.017241
3 0.306034 0.456034 0.022414 0.053448
3 0.081897 0.425000 0.046552 0.094828
4 0.106897 0.501724 0.037931 0.048276
4 0.312931 0.505172 0.032759 0.037931
4 0.410345 0.412931 0.041379 0.025862
4 0.762931 0.447414 0.036207 0.032759
5 0.739655 0.487069 0.020690 0.029310
5 0.431897 0.439655 0.022414 0.017241
5 0.320690 0.545690 0.017241 0.032759
5 0.133621 0.560345 0.043103 0.058621
13 0.129310 0.564655 0.037931 0.067241
14 0.323276 0.542241 0.025862 0.032759
14 0.742241 0.481034 0.022414 0.031034
6 0.743103 0.523276 0.048276 0.081034
6 0.355172 0.512069 0.034483 0.037931
6 0.287069 0.517241 0.025862 0.058621
6 0.084483 0.593103 0.082759 0.096552
7 0.088793 0.706034 0.070690 0.118966
7 0.279310 0.568103 0.020690 0.046552
7 0.367241 0.556897 0.027586 0.037931
7 0.750862 0.602586 0.046552 0.077586
15 0.749138 0.662069 0.050000 0.041379
15 0.376724 0.581897 0.043103 0.036207
15 0.098276 0.775862 0.096552 0.062069