0 0.593448 0.590517 0.375862 0.756897
1 0.717586 0.296552 0.124138 0.162069
9 0.718448 0.267241 0.087931 0.110345
2 0.628793 0.451724 0.139655 0.231034
17 0.624483 0.469828 0.075862 0.236207
3 0.663276 0.446552 0.050000 0.120690
4 0.694310 0.555172 0.074138 0.103448
5 0.739138 0.629310 0.056897 0.093103
13 0.738276 0.632759 0.041379 0.072414
6 0.560690 0.655172 0.096552 0.165517
6 0.614138 0.668103 0.068966 0.170690
7 0.566724 0.818103 0.112069 0.139655
7 0.509828 0.798276 0.136207 0.127586
8 0.551207 0.915517 0.101724 0.055172
8 0.463793 0.914655 0.103448 0.101724
15 0.546552 0.908621 0.082759 0.075862
15 0.462069 0.901724 0.089655 0.127586