10 0.487943 0.149934 0.065453 0.043963
11 0.486220 0.176181 0.046260 0.019029
1 0.487697 0.171588 0.082677 0.100394
18 0.492126 0.357940 0.106299 0.240814
2 0.489911 0.359580 0.120571 0.255906
3 0.564469 0.315289 0.043307 0.121391
3 0.417077 0.302493 0.033957 0.124672
4 0.414862 0.392060 0.029528 0.078084
4 0.562992 0.434711 0.034449 0.120079
14 0.555610 0.519357 0.021654 0.045276
14 0.381890 0.409121 0.017717 0.029528
13 0.389518 0.403215 0.034941 0.101706
13 0.529774 0.517717 0.026083 0.065617
5 0.557333 0.520669 0.026083 0.054462
5 0.380413 0.410761 0.025591 0.036745
6 0.435778 0.560367 0.079232 0.161417
6 0.504429 0.567585 0.057087 0.158793
7 0.496555 0.712927 0.060039 0.130577
7 0.403543 0.709318 0.095472 0.132546
16 0.375492 0.794619 0.076772 0.077428
16 0.499016 0.803150 0.074803 0.080052
8 0.505659 0.810039 0.077264 0.087270
8 0.382874 0.802493 0.070866 0.077428
0 0.456693 0.484252 0.297244 0.811024