0 0.363450 0.536745 0.430656 0.926509
0 0.673313 0.521654 0.507684 0.956692
11 0.364326 0.253281 0.145303 0.060367
11 0.749466 0.272966 0.133048 0.078740
11 0.028107 0.185696 0.056214 0.045932
10 0.044738 0.082677 0.089476 0.112861
10 0.799796 0.157480 0.212702 0.152231
10 0.380957 0.153543 0.192570 0.141732
1 0.377456 0.247375 0.253842 0.363517
1 0.791481 0.256562 0.269598 0.444882
1 0.062682 0.193570 0.125364 0.368766
14 0.190137 0.475066 0.092784 0.173228
14 0.292112 0.587270 0.126921 0.174541
14 0.507878 0.519029 0.175064 0.156168
14 0.500000 0.385827 0.119043 0.110236
5 0.498249 0.384514 0.140051 0.139108
5 0.504814 0.522310 0.193445 0.178478
5 0.297364 0.588583 0.151430 0.190289
5 0.184448 0.473097 0.107664 0.190289
3 0.799359 0.689633 0.213578 0.368766
3 0.621232 0.480315 0.090158 0.191601
4 0.460173 0.705381 0.210952 0.248031
4 0.629985 0.751312 0.137425 0.345144
18 0.771349 0.748688 0.255593 0.497375
18 0.380519 0.740814 0.321242 0.500000
18 0.082473 0.690945 0.157557 0.618110
2 0.090254 0.667979 0.180508 0.653543
2 0.382270 0.727690 0.351002 0.510499
2 0.775725 0.736877 0.274850 0.505249
0 0.106886 0.504593 0.213771 0.990814