0 0.230517 0.511207 0.350000 0.963793
0 0.471034 0.662069 0.172414 0.675862
0 0.615862 0.679310 0.175862 0.513793
0 0.665000 0.744828 0.125862 0.413793
0 0.938103 0.801724 0.123793 0.396552
0 0.833103 0.849138 0.179310 0.301724
1 0.271897 0.130172 0.108621 0.194828
1 0.513276 0.405172 0.081034 0.134483
1 0.608103 0.476724 0.053448 0.101724
1 0.627069 0.570690 0.043103 0.065517
1 0.843448 0.731897 0.051724 0.070690
1 0.906379 0.654310 0.060345 0.094828
9 0.267586 0.087931 0.086207 0.100000
9 0.520172 0.375000 0.050000 0.063793
9 0.607874 0.458621 0.053448 0.052874
9 0.904138 0.635747 0.054023 0.050575
9 0.841782 0.709598 0.037356 0.030460
11 0.900977 0.666782 0.035057 0.014943
11 0.838908 0.733448 0.023563 0.017241
11 0.608908 0.581609 0.010920 0.016092
11 0.622989 0.483908 0.017241 0.014943
11 0.530172 0.425862 0.021264 0.018391
11 0.273966 0.139080 0.070690 0.054023
2 0.243333 0.348161 0.125287 0.309195
2 0.446207 0.507356 0.101149 0.177011
2 0.568910 0.586151 0.061735 0.150723
2 0.667075 0.618687 0.062291 0.137931
2 0.862125 0.855729 0.079533 0.163515
2 0.927197 0.787041 0.069522 0.184093
17 0.923582 0.789544 0.053393 0.180200
17 0.861290 0.851835 0.071190 0.149055
17 0.660679 0.621301 0.052836 0.097330
17 0.562514 0.584872 0.040044 0.137931
17 0.447442 0.502781 0.097330 0.183537
17 0.242770 0.344716 0.102892 0.288098
3 0.337875 0.346941 0.052836 0.141268
3 0.159399 0.310345 0.065628 0.162403
3 0.460512 0.485373 0.038932 0.111346
3 0.499166 0.550501 0.027253 0.092325
3 0.572303 0.567742 0.041157 0.101224
3 0.601112 0.623971 0.018910 0.046162
3 0.656452 0.591713 0.033927 0.055061
3 0.962347 0.771079 0.048387 0.104561
3 0.889766 0.812792 0.016685 0.068966
3 0.814961 0.805284 0.013904 0.033927
4 0.784038 0.813626 0.044605 0.022803
4 0.968187 0.877308 0.032258 0.105673
4 0.653560 0.660122 0.016129 0.079533
4 0.640768 0.704060 0.011680 0.031702
4 0.561513 0.659789 0.025584 0.079533
4 0.600445 0.663960 0.021135 0.032258
4 0.473915 0.596941 0.055061 0.117353
4 0.165907 0.490879 0.070634 0.185762
4 0.330812 0.502837 0.056730 0.166296
5 0.193159 0.629644 0.039488 0.082870
5 0.307453 0.631869 0.047831 0.082870
5 0.504672 0.701390 0.035595 0.090656
5 0.557508 0.732258 0.035595 0.065628
5 0.653671 0.730701 0.019466 0.052280
5 0.640378 0.747275 0.019355 0.043159
5 0.956340 0.953337 0.039488 0.040601
5 0.756952 0.790656 0.015573 0.031146
13 0.955228 0.950278 0.041713 0.043382
13 0.756118 0.791212 0.013904 0.027809
13 0.653226 0.728254 0.018354 0.054505
13 0.638487 0.744105 0.013348 0.043938
13 0.556452 0.733259 0.033927 0.063404
13 0.308398 0.629477 0.047275 0.087875
13 0.190768 0.624750 0.042269 0.089544
6 0.114294 0.544383 0.093993 0.061179
6 0.310623 0.558565 0.150723 0.093993
6 0.436040 0.668521 0.075640 0.140156
6 0.515462 0.632091 0.044494 0.050612
6 0.594716 0.705506 0.050612 0.085095
6 0.684816 0.731924 0.029477 0.088988
6 0.857842 0.965684 0.027809 0.068632
6 0.897330 0.963181 0.020022 0.073637
6 0.955840 0.943048 0.053393 0.113459
7 0.691101 0.845106 0.038932 0.132925
7 0.636040 0.796162 0.047831 0.089544
7 0.590434 0.793382 0.051168 0.083982
7 0.450779 0.839321 0.033927 0.192992
7 0.326474 0.703003 0.105673 0.201335
7 0.142603 0.668521 0.139043 0.196885
8 0.222358 0.882647 0.067853 0.191769
8 0.300222 0.882147 0.091212 0.138487
8 0.473526 0.969577 0.078977 0.060845
8 0.565573 0.886318 0.032814 0.087875
8 0.448776 0.801502 0.082870 0.070634
8 0.667575 0.869355 0.065072 0.042825
8 0.688153 0.934983 0.052836 0.030590
15 0.686652 0.931368 0.063404 0.040044
15 0.669132 0.867964 0.067297 0.047831
15 0.565684 0.880200 0.038376 0.100111
15 0.452503 0.797887 0.070078 0.088988
15 0.474194 0.964294 0.082314 0.071412
15 0.218521 0.881758 0.073971 0.201335
15 0.297497 0.870356 0.100667 0.166296