0 0.693448 0.723276 0.434483 0.394828
0 0.386552 0.637931 0.210345 0.448276
0 0.864828 0.515517 0.270344 0.406897
0 0.709828 0.290517 0.177586 0.477586
0 0.834828 0.193103 0.137931 0.310345
0 0.952759 0.262931 0.094482 0.256897
0 0.941724 0.125862 0.075862 0.182759
0 0.790862 0.112069 0.060345 0.127586
0 0.346034 0.477586 0.122414 0.210345
0 0.282241 0.424138 0.108621 0.700000
0 0.071897 0.184483 0.136207 0.303448
0 0.203793 0.282759 0.093103 0.465517
0 0.445172 0.215517 0.168966 0.375862
1 0.838276 0.693103 0.131034 0.224138
1 0.843448 0.094828 0.079310 0.124138
1 0.800345 0.428448 0.151724 0.194828
1 0.690000 0.105172 0.096552 0.106897
1 0.413793 0.490485 0.068966 0.119413
1 0.349936 0.446743 0.074074 0.125160
1 0.192656 0.100894 0.060664 0.090677
1 0.296424 0.139208 0.071520 0.104725
1 0.943423 0.076628 0.060026 0.090677
1 0.960664 0.195083 0.071520 0.121967
1 0.777075 0.111111 0.065773 0.099617
9 0.687037 0.090996 0.061941 0.078544
9 0.840932 0.056513 0.069604 0.047893
9 0.945658 0.053001 0.053001 0.040868
9 0.954917 0.168582 0.071520 0.080460
9 0.776118 0.084930 0.051086 0.057471
9 0.794636 0.421009 0.118774 0.180715
9 0.845913 0.683525 0.096424 0.189017
9 0.415198 0.466156 0.063857 0.070243
9 0.348148 0.418263 0.070243 0.063857
9 0.193934 0.093550 0.058110 0.077267
9 0.297063 0.139847 0.067688 0.100894
12 0.365581 0.461941 0.031290 0.026820
12 0.851277 0.095785 0.042784 0.012771
12 0.925351 0.086845 0.018519 0.015326
12 0.952171 0.209132 0.018519 0.019796
2 0.722925 0.297893 0.110473 0.256066
2 0.828991 0.234227 0.085568 0.191571
2 0.977075 0.312452 0.045849 0.136015
2 0.892848 0.144828 0.038314 0.180077
2 0.930268 0.508429 0.122350 0.249042
2 0.647957 0.685568 0.263474 0.302427
2 0.353512 0.652043 0.130268 0.239464
2 0.308174 0.597765 0.033206 0.206258
2 0.416411 0.104725 0.098978 0.134100
2 0.272733 0.352490 0.077267 0.280971
2 0.221967 0.261814 0.093231 0.212005
2 0.060153 0.161239 0.099617 0.225415
17 0.059834 0.157727 0.090038 0.209451
17 0.206386 0.269157 0.044700 0.201149
17 0.274074 0.353576 0.063857 0.263985
17 0.311111 0.592720 0.029374 0.174968
17 0.359004 0.653384 0.120051 0.234994
17 0.647190 0.687931 0.254789 0.289272
17 0.934291 0.509323 0.107918 0.234994
17 0.728991 0.297126 0.099617 0.240741
17 0.831801 0.237867 0.076628 0.184547
17 0.981034 0.314176 0.037931 0.130268
18 0.893742 0.143678 0.029374 0.167305
3 0.443295 0.627075 0.062835 0.085313
3 0.314496 0.281418 0.026181 0.096424
3 0.118582 0.123563 0.018519 0.091315
3 0.943167 0.310345 0.039591 0.063857
4 0.914432 0.366858 0.044700 0.027458
3 0.658046 0.272669 0.035121 0.106003
3 0.757024 0.884163 0.046616 0.070243
6 0.368582 0.724074 0.085568 0.148787
6 0.591252 0.883716 0.136015 0.078544
6 0.895658 0.268519 0.021711 0.055556
6 0.449170 0.231609 0.045977 0.097701
6 0.217369 0.450702 0.024266 0.131545
6 0.594125 0.291124 0.037037 0.059387
0 0.598595 0.256960 0.074074 0.194125
1 0.613282 0.187037 0.035760 0.040230
1 0.963027 0.643934 0.068327 0.168072
9 0.959834 0.625479 0.059387 0.111750
0 0.961111 0.639017 0.072158 0.177395
9 0.613410 0.181992 0.022989 0.024266
2 0.610409 0.233908 0.047893 0.056833
7 0.472158 0.343550 0.056194 0.109834
7 0.576884 0.288633 0.015326 0.076628
7 0.418519 0.725160 0.062580 0.135377
8 0.390421 0.822222 0.091954 0.028097
15 0.390741 0.816156 0.091315 0.050447
15 0.482503 0.413474 0.039591 0.041507
8 0.485696 0.414112 0.022989 0.024904