0 0.503500 0.517717 0.204724 0.573491
14 0.440070 0.299869 0.018373 0.030184
14 0.541120 0.303150 0.026247 0.026247
5 0.442695 0.301181 0.028871 0.043307
5 0.541120 0.304462 0.041995 0.039370
18 0.502625 0.489501 0.059493 0.128609
2 0.506562 0.486220 0.076115 0.153543
12 0.501750 0.381234 0.031496 0.014436
10 0.498250 0.361549 0.029746 0.027559
1 0.501312 0.385171 0.055118 0.093176
3 0.461942 0.409449 0.032371 0.062992
3 0.534121 0.404199 0.031496 0.049869
4 0.448381 0.351706 0.038495 0.052493
4 0.542432 0.351050 0.035871 0.048556
6 0.470254 0.629265 0.052493 0.111549
6 0.532808 0.601050 0.072616 0.062992
7 0.559055 0.678478 0.027122 0.083990
7 0.449256 0.687664 0.034996 0.044619
15 0.426947 0.734908 0.028871 0.062992
15 0.567367 0.745407 0.036745 0.034121
8 0.569991 0.746719 0.050744 0.049869
8 0.429571 0.734252 0.041120 0.072178