10 0.132804 0.085958 0.067399 0.066929
10 0.828682 0.185039 0.063898 0.060367
12 0.128865 0.133858 0.047267 0.023622
12 0.826494 0.227034 0.047267 0.023622
1 0.825618 0.214567 0.061272 0.153543
1 0.131054 0.118110 0.072651 0.149606
3 0.043084 0.224409 0.080529 0.110236
3 0.215522 0.231627 0.040265 0.171916
3 0.742463 0.326772 0.042015 0.173228
3 0.838310 0.370079 0.053394 0.131234
4 0.744214 0.459974 0.036763 0.085302
4 0.810738 0.458661 0.038514 0.056430
4 0.234779 0.354987 0.050768 0.090551
4 0.047023 0.306430 0.083155 0.053806
14 0.118361 0.278215 0.054270 0.055118
14 0.271542 0.421260 0.040265 0.039370
14 0.789730 0.509843 0.035013 0.045932
14 0.752092 0.521654 0.031511 0.045932
5 0.792356 0.511155 0.045517 0.056430
5 0.755593 0.524934 0.040265 0.057743
5 0.273293 0.416010 0.054270 0.060367
5 0.120550 0.278871 0.065649 0.064304
18 0.145934 0.302493 0.119919 0.297900
2 0.151186 0.296588 0.142677 0.301837
18 0.788855 0.386483 0.077028 0.263780
2 0.791481 0.387139 0.084031 0.286089
6 0.206331 0.533465 0.191695 0.161417
6 0.191013 0.629921 0.073527 0.118110
6 0.777913 0.559711 0.151430 0.132546
6 0.747277 0.643045 0.056896 0.097113
7 0.829995 0.704068 0.066524 0.153543
7 0.699135 0.732283 0.102412 0.110236
7 0.295613 0.711942 0.083155 0.192913
7 0.154687 0.771654 0.140926 0.149606
15 0.089476 0.891732 0.082280 0.119423
15 0.626046 0.801837 0.057771 0.133858
15 0.869384 0.823491 0.096285 0.072178
15 0.341567 0.851050 0.101537 0.077428
8 0.341130 0.851050 0.125170 0.087927
8 0.088163 0.892388 0.105913 0.136483
8 0.625170 0.803150 0.073527 0.157480
8 0.871135 0.826115 0.119043 0.085302
0 0.208860 0.503937 0.417720 0.931759
0 0.757343 0.496719 0.392142 0.757218