0 0.428022 0.504619 0.355658 0.986143
1 0.321786 0.118938 0.133949 0.214781
2 0.374904 0.392610 0.212471 0.318707
3 0.419938 0.321016 0.066975 0.157044
4 0.309084 0.508083 0.057737 0.096998
4 0.471901 0.437644 0.064665 0.043880
5 0.328714 0.636259 0.101617 0.131640
5 0.494996 0.523095 0.073903 0.099307
6 0.394534 0.687067 0.090069 0.168591
6 0.503079 0.658199 0.076212 0.138568
7 0.447652 0.834873 0.053118 0.085450
7 0.530793 0.781755 0.053118 0.076212
8 0.479985 0.943110 0.080831 0.107929
8 0.560354 0.875212 0.103002 0.092225
9 0.312548 0.070439 0.106236 0.108545
11 0.326405 0.150115 0.060046 0.041570
13 0.490377 0.519630 0.046189 0.078522
13 0.319476 0.629330 0.073903 0.103926
17 0.370285 0.393764 0.166282 0.293303
3 0.310239 0.332564 0.064665 0.166282
15 0.483449 0.942571 0.068360 0.084988
15 0.555966 0.873287 0.071132 0.059122