0 0.197460 0.505774 0.247113 0.748268
1 0.184758 0.203233 0.096998 0.124711
2 0.198614 0.408776 0.189376 0.277136
3 0.117783 0.349885 0.064665 0.131640
4 0.123557 0.460739 0.043880 0.071594
5 0.117783 0.547344 0.069284 0.087760
3 0.264434 0.346420 0.053118 0.124711
4 0.284065 0.449192 0.055427 0.057737
5 0.270208 0.510085 0.064665 0.061894
6 0.166282 0.594688 0.069284 0.090069
7 0.173210 0.690531 0.055427 0.083141
8 0.166282 0.793303 0.069284 0.076212
6 0.219861 0.594611 0.027714 0.084988
7 0.214319 0.687452 0.016628 0.078522
8 0.215242 0.768283 0.038799 0.059122
9 0.184296 0.169669 0.087760 0.055427
11 0.194919 0.206159 0.068360 0.032333
13 0.283141 0.500847 0.026790 0.034180
13 0.126097 0.533641 0.034180 0.044342
15 0.169053 0.801694 0.059122 0.058199
15 0.212471 0.772132 0.024018 0.036028
17 0.195843 0.404003 0.142263 0.253118
0 0.510283 0.477840 0.214451 0.752227
1 0.499560 0.175960 0.103926 0.145167
2 0.503684 0.362367 0.168261 0.217750
3 0.580391 0.318652 0.041241 0.107225
4 0.444298 0.368965 0.042890 0.052788
5 0.496261 0.335973 0.057737 0.062686
6 0.463268 0.543825 0.057737 0.131970
6 0.533377 0.543000 0.065985 0.133619
7 0.460794 0.674145 0.049489 0.122072
7 0.519356 0.674970 0.061036 0.107225
8 0.462444 0.788794 0.079182 0.087430
8 0.537501 0.776421 0.070934 0.082481
9 0.502859 0.148741 0.087430 0.077532
11 0.508633 0.198229 0.065985 0.021445
14 0.495648 0.334873 0.045005 0.050335
15 0.463868 0.790746 0.072245 0.069876
15 0.533152 0.773277 0.061586 0.065731
3 0.432285 0.292237 0.031977 0.070468
17 0.502630 0.361175 0.142417 0.205928
0 0.735477 0.465988 0.223841 0.736560
1 0.719488 0.161663 0.092379 0.120803
2 0.724818 0.348197 0.138568 0.252265
9 0.720554 0.132190 0.075223 0.060706
11 0.720224 0.175080 0.057407 0.022435
3 0.668426 0.280985 0.050148 0.087760
4 0.657539 0.366766 0.033652 0.074563
5 0.660508 0.444958 0.044870 0.073903
3 0.785879 0.279666 0.035632 0.085120
4 0.777961 0.349940 0.019795 0.040911
5 0.775982 0.397779 0.035632 0.050808
6 0.693830 0.552513 0.052128 0.146486
6 0.756516 0.553833 0.044210 0.143847
7 0.692511 0.677884 0.040251 0.098977
7 0.755526 0.692401 0.039591 0.133289
8 0.767403 0.800946 0.058067 0.061366
8 0.682283 0.765644 0.054108 0.079182
15 0.767074 0.808864 0.046849 0.049489
15 0.680963 0.765974 0.040911 0.064005
14 0.661828 0.449247 0.036952 0.053448
14 0.774662 0.395139 0.022435 0.033652
18 0.724183 0.345980 0.129990 0.237545