0 0.750577 0.451886 0.498845 0.868360
1 0.632794 0.181678 0.230947 0.327945
3 0.878753 0.485373 0.214781 0.205543
3 0.554273 0.487683 0.073903 0.242494
18 0.704388 0.638953 0.295612 0.549654
4 0.949192 0.664357 0.092379 0.092379
9 0.614319 0.138953 0.189376 0.224018
11 0.588915 0.261355 0.083141 0.062356
0 0.469977 0.473056 0.570439 0.946112
1 0.342956 0.167821 0.228637 0.318707
3 0.385681 0.546574 0.258661 0.318707
4 0.605081 0.761355 0.175520 0.157044
17 0.367206 0.637798 0.323326 0.575058
9 0.334873 0.066205 0.203233 0.096998
11 0.356813 0.196690 0.163972 0.066975
0 0.146651 0.470362 0.288684 0.766744
1 0.109700 0.274057 0.196305 0.318707
18 0.170901 0.644727 0.217090 0.422633
9 0.080831 0.179369 0.110855 0.110855
11 0.117783 0.264819 0.138568 0.041570
3 0.116628 0.642417 0.108545 0.270208
4 0.233256 0.823711 0.101617 0.050808