11 0.675626 0.398950 0.114453 0.026247
10 0.683519 0.366142 0.134186 0.031496
1 0.676612 0.404199 0.167732 0.128609
14 0.630239 0.609580 0.102613 0.056430
5 0.639119 0.608268 0.124319 0.066929
18 0.682532 0.603675 0.226932 0.275591
2 0.690426 0.603018 0.266398 0.297900
3 0.836451 0.561024 0.096693 0.153543
3 0.572026 0.531496 0.076960 0.104987
4 0.779225 0.620735 0.163786 0.057743
4 0.573013 0.585302 0.043413 0.026247
0 0.660214 0.626640 0.679572 0.746719
6 0.741732 0.788058 0.128266 0.114173
6 0.637146 0.793307 0.073013 0.132546
7 0.782185 0.899606 0.130239 0.101050
7 0.676612 0.899606 0.088799 0.095801
15 0.812771 0.983596 0.108533 0.032808
15 0.660826 0.973097 0.136159 0.035433
8 0.657866 0.969816 0.169706 0.044619
8 0.811785 0.976378 0.165759 0.047244