0 0.528793 0.370690 0.215517 0.334483
0 0.546034 0.257759 0.091379 0.077586
9 0.552069 0.242241 0.068966 0.043103
11 0.530517 0.257759 0.043103 0.015517
2 0.527069 0.334483 0.129310 0.117241
17 0.529655 0.330172 0.100000 0.094828
3 0.598621 0.322414 0.034483 0.058621
3 0.469221 0.302427 0.025543 0.035760
4 0.604885 0.371552 0.025862 0.043103
4 0.458333 0.344253 0.037356 0.051724
5 0.599856 0.412500 0.041667 0.033046
5 0.450431 0.387356 0.033046 0.034483
13 0.603448 0.413218 0.028736 0.028736
13 0.451149 0.390230 0.025862 0.028736
6 0.545259 0.423276 0.058908 0.057471
6 0.481322 0.421121 0.063218 0.050287
7 0.479885 0.464224 0.043103 0.035920
7 0.536638 0.475000 0.050287 0.037356
8 0.525144 0.508764 0.044540 0.033046
8 0.475575 0.496552 0.063218 0.034483
15 0.533020 0.491588 0.053292 0.068443
15 0.478422 0.476437 0.054859 0.073668