10 0.348106 0.528804 0.040716 0.016488
12 0.363248 0.546134 0.021199 0.014806
1 0.350629 0.541254 0.050474 0.050138
17 0.318157 0.607208 0.072347 0.099939
2 0.320681 0.606703 0.076048 0.108352
3 0.365940 0.598795 0.030621 0.050138
4 0.371660 0.644222 0.027256 0.042735
6 0.292584 0.697052 0.034659 0.073693
6 0.332458 0.699913 0.037688 0.076721
7 0.305370 0.774446 0.028602 0.078404
7 0.324887 0.780672 0.059560 0.076721
15 0.332458 0.833333 0.037015 0.029275
15 0.301164 0.832156 0.036342 0.030285
8 0.334477 0.832324 0.044418 0.029948
8 0.298472 0.828959 0.041053 0.032640
0 0.315273 0.676165 0.151856 0.352456