0 0.377586 0.527586 0.586207 0.937931
0 0.450000 0.219828 0.165517 0.105172
1 0.234483 0.171552 0.231034 0.229310
9 0.227586 0.125000 0.210345 0.108621
12 0.236207 0.183621 0.131034 0.060345
12 0.417241 0.195690 0.037931 0.008621
10 0.415517 0.187931 0.058621 0.031034
2 0.355172 0.491379 0.403448 0.493103
17 0.356897 0.526724 0.379310 0.394828
3 0.495690 0.367241 0.170690 0.148276
3 0.150000 0.431897 0.089655 0.077586
4 0.161207 0.521552 0.146552 0.101724
4 0.440517 0.484483 0.277586 0.103448
5 0.277586 0.425862 0.117241 0.089655
5 0.200862 0.441379 0.077586 0.096552
14 0.277586 0.422414 0.103448 0.075862
14 0.209483 0.443103 0.087931 0.093103
6 0.513793 0.798276 0.158621 0.210345
6 0.391379 0.828448 0.168966 0.146552
7 0.556897 0.948276 0.151724 0.103448
7 0.460345 0.942241 0.089655 0.115517
2 0.440517 0.252586 0.091379 0.043103
18 0.448276 0.254310 0.068966 0.036207