0 0.585450 0.461124 0.445727 0.840647
1 0.563510 0.145881 0.217090 0.210162
2 0.596998 0.394149 0.353349 0.281755
3 0.750577 0.321401 0.115473 0.173210
4 0.717090 0.457660 0.053118 0.094688
3 0.448037 0.329484 0.087760 0.152425
4 0.441109 0.449577 0.083141 0.069284
5 0.680139 0.560431 0.099307 0.106236
5 0.467667 0.532717 0.117783 0.087760
6 0.546574 0.584621 0.126133 0.100373
6 0.678036 0.585510 0.113697 0.098597
7 0.569669 0.656570 0.108367 0.038195
7 0.685142 0.673891 0.106591 0.065731
8 0.674927 0.791585 0.146562 0.167881
8 0.552792 0.763161 0.168769 0.158998
15 0.553860 0.764737 0.162488 0.134444
15 0.678681 0.791818 0.131145 0.153415
13 0.459282 0.538326 0.061861 0.070934
13 0.676619 0.559771 0.085780 0.079182
9 0.558672 0.108875 0.196305 0.103926
11 0.531865 0.172798 0.112999 0.037116
17 0.570219 0.388073 0.278786 0.263114