0 0.530023 0.476905 0.464203 0.773672
1 0.481524 0.178984 0.242494 0.173210
2 0.523095 0.389145 0.371824 0.288684
3 0.385681 0.359122 0.083141 0.127021
4 0.399538 0.471132 0.083141 0.083141
5 0.409931 0.565820 0.099307 0.110855
13 0.415704 0.561201 0.083141 0.083141
3 0.640878 0.325635 0.113164 0.143187
4 0.667436 0.452656 0.064665 0.087760
5 0.646651 0.562356 0.120092 0.113164
13 0.646651 0.555427 0.087760 0.080831
6 0.521940 0.585450 0.115473 0.090069
7 0.687067 0.661663 0.108545 0.057737
7 0.554273 0.662818 0.110855 0.046189
8 0.684758 0.779446 0.131640 0.150115
8 0.541570 0.766744 0.196305 0.147806
15 0.554273 0.766744 0.161663 0.124711
15 0.687067 0.767898 0.113164 0.140878
9 0.469977 0.138568 0.191686 0.069284
11 0.437644 0.193995 0.136259 0.041570
17 0.511547 0.398383 0.284065 0.242494