10 0.699475 0.040682 0.125984 0.036745
12 0.704724 0.083333 0.101487 0.027559
1 0.697725 0.086614 0.181977 0.133858
18 0.737970 0.322178 0.174978 0.255906
2 0.737970 0.313648 0.216973 0.299213
3 0.895451 0.219816 0.094488 0.192913
4 0.876203 0.385827 0.097988 0.144357
3 0.633858 0.259843 0.075241 0.165354
4 0.604112 0.395013 0.096238 0.131234
14 0.592738 0.476378 0.062992 0.047244
5 0.591864 0.478346 0.089239 0.074803
6 0.806212 0.547900 0.104987 0.169291
6 0.714348 0.551181 0.075241 0.160105
7 0.840332 0.708661 0.092738 0.146982
7 0.746719 0.675853 0.069991 0.089239
15 0.834208 0.822835 0.080490 0.083990
15 0.728346 0.752625 0.127734 0.061680
8 0.837708 0.825459 0.115486 0.102362
8 0.722222 0.750656 0.167979 0.073491
0 0.716098 0.458661 0.502187 0.893701