0 0.482679 0.544650 0.323326 0.910700
1 0.517321 0.198999 0.106236 0.191686
2 0.526559 0.468052 0.147806 0.314088
3 0.581986 0.402232 0.050808 0.163972
4 0.511547 0.473826 0.062356 0.085450
4 0.441109 0.443803 0.027714 0.071594
3 0.472158 0.354632 0.035412 0.087760
5 0.384398 0.463562 0.089299 0.048499
5 0.412882 0.512830 0.080062 0.056197
6 0.562612 0.739543 0.056197 0.158584
6 0.501026 0.739543 0.048499 0.158584
7 0.576084 0.880421 0.043110 0.110855
7 0.509110 0.882730 0.044650 0.109315
8 0.582628 0.972286 0.046959 0.052348
8 0.498717 0.971901 0.056197 0.056197
9 0.519759 0.157300 0.079292 0.101617
11 0.512445 0.225045 0.061586 0.030793
14 0.383115 0.467283 0.061586 0.040031
14 0.407750 0.509623 0.064665 0.046189
15 0.585194 0.976135 0.026944 0.047729
15 0.495894 0.971132 0.042340 0.051578
17 0.515910 0.475366 0.114704 0.324095