0 0.523864 0.608545 0.427252 0.759815
1 0.661278 0.342956 0.110855 0.191686
3 0.550423 0.482679 0.073903 0.175520
4 0.523864 0.623557 0.039261 0.078522
5 0.516936 0.715935 0.062356 0.069284
2 0.525019 0.481524 0.189376 0.260970
6 0.413010 0.677829 0.057737 0.163972
7 0.373749 0.809469 0.034642 0.094688
8 0.361047 0.927554 0.083141 0.118388
6 0.468905 0.673320 0.033817 0.112174
7 0.431376 0.801166 0.034642 0.067634
8 0.436325 0.884059 0.095678 0.078357
15 0.357143 0.934785 0.069284 0.094028
15 0.433438 0.889833 0.066810 0.058562
13 0.518806 0.719922 0.036292 0.056912
9 0.677169 0.314940 0.069284 0.111349
11 0.654075 0.374326 0.046189 0.055262
5 0.560046 0.651050 0.056087 0.057737
13 0.553035 0.653112 0.037116 0.058562
17 0.522930 0.476603 0.173210 0.238370