0 0.337414 0.506034 0.191379 0.405172
8 0.393448 0.680172 0.055172 0.039655
8 0.398621 0.568966 0.034483 0.020690
8 0.662414 0.601724 0.065517 0.031034
8 0.771034 0.501724 0.027586 0.048276
0 0.369310 0.357759 0.144828 0.236207
0 0.191724 0.262069 0.055172 0.103448
0 0.712414 0.438793 0.155172 0.391379
1 0.708103 0.289655 0.087931 0.089655
1 0.369310 0.282759 0.065517 0.093103
1 0.179655 0.237069 0.027586 0.029310
1 0.292586 0.349138 0.081034 0.101724
10 0.178793 0.237931 0.018966 0.020690
9 0.290000 0.338793 0.065517 0.074138
9 0.373621 0.269828 0.053448 0.053448
9 0.704655 0.280172 0.060345 0.060345
2 0.727069 0.396552 0.087931 0.127586
2 0.373621 0.364655 0.056897 0.112069
2 0.303793 0.465517 0.127586 0.131034
2 0.191724 0.279310 0.044828 0.062069
17 0.721897 0.396552 0.077586 0.127586
18 0.190000 0.280172 0.037931 0.053448
17 0.302069 0.463793 0.086207 0.134483
17 0.373621 0.361207 0.067241 0.132759
3 0.322759 0.452586 0.031034 0.063793
3 0.715862 0.381897 0.027586 0.074138
3 0.358965 0.362931 0.041379 0.063793
4 0.338276 0.507759 0.048276 0.039655
4 0.687414 0.404310 0.036207 0.018966
4 0.674483 0.350862 0.031034 0.039655
5 0.375345 0.551724 0.032759 0.041379
5 0.656379 0.408621 0.025862 0.020690
14 0.661552 0.415517 0.029310 0.031034
14 0.365862 0.550000 0.031034 0.044828
6 0.337414 0.578448 0.060345 0.081034
6 0.372759 0.468966 0.041379 0.062069
6 0.696034 0.504310 0.063793 0.063793
6 0.297759 0.575000 0.022414 0.077586
7 0.317586 0.655172 0.037931 0.068966
7 0.372759 0.648276 0.034483 0.068966
7 0.667586 0.563793 0.044828 0.041379
7 0.390862 0.527586 0.025862 0.041379
15 0.658965 0.594828 0.062069 0.048276
15 0.763276 0.504310 0.056897 0.063793
15 0.400345 0.567241 0.041379 0.024138
15 0.389138 0.676724 0.067241 0.060345