0 0.352586 0.526724 0.339655 0.781034
1 0.337931 0.230172 0.113793 0.177586
9 0.349138 0.189655 0.087931 0.082759
11 0.345690 0.227586 0.060345 0.027586
2 0.362069 0.418966 0.162069 0.251724
17 0.362069 0.418103 0.127586 0.225862
3 0.456034 0.336207 0.067241 0.041379
3 0.258621 0.351724 0.051724 0.041379
4 0.223276 0.317241 0.036207 0.117241
4 0.475000 0.297414 0.039655 0.074138
5 0.454310 0.208621 0.063793 0.082759
5 0.231034 0.206897 0.062069 0.082759
13 0.458621 0.225862 0.058621 0.113793
13 0.226724 0.217241 0.060345 0.106897
6 0.343103 0.613793 0.062069 0.141379
6 0.404310 0.618966 0.063793 0.144828
7 0.407759 0.772414 0.050000 0.151724
7 0.357759 0.761207 0.039655 0.153448
8 0.420690 0.875000 0.051724 0.046552
8 0.372414 0.878448 0.034483 0.053448
15 0.419828 0.869828 0.060345 0.060345
15 0.367241 0.874138 0.041379 0.065517