9 0.460724 0.098425 0.179040 0.071241
11 0.486502 0.156074 0.153731 0.027184
1 0.467754 0.133108 0.181852 0.170604
17 0.498219 0.363705 0.285902 0.273716
2 0.490720 0.359486 0.323397 0.293401
3 0.641170 0.304649 0.082490 0.129359
3 0.317304 0.327615 0.104049 0.158418
4 0.336989 0.465879 0.089051 0.116235
4 0.664136 0.424166 0.079678 0.120922
13 0.672572 0.522122 0.053431 0.073116
13 0.390889 0.556337 0.101237 0.068429
5 0.391826 0.558211 0.121860 0.081552
5 0.675384 0.523060 0.072178 0.080615
6 0.577428 0.576959 0.127484 0.135921
6 0.442445 0.587270 0.133108 0.160292
7 0.581177 0.701631 0.104987 0.100300
7 0.429790 0.713817 0.100300 0.079678
15 0.443851 0.770529 0.126547 0.157480
15 0.605081 0.744751 0.169666 0.149044
8 0.609768 0.774278 0.160292 0.078740
8 0.449944 0.803337 0.103112 0.091864
0 0.496063 0.443570 0.532808 0.853018