0 0.542725 0.417244 0.461894 0.660508
1 0.445727 0.162048 0.212471 0.122402
2 0.512702 0.335258 0.337182 0.205543
3 0.375289 0.327175 0.122402 0.138568
4 0.436490 0.432256 0.101617 0.053118
5 0.490762 0.507313 0.117783 0.083141
3 0.590069 0.268283 0.080831 0.080831
4 0.633949 0.344496 0.076212 0.039261
5 0.681293 0.412625 0.083141 0.069284
13 0.677829 0.413780 0.048499 0.057737
13 0.481524 0.507313 0.076212 0.069284
6 0.606236 0.472671 0.113164 0.060046
7 0.603926 0.537336 0.090069 0.060046
7 0.508083 0.586990 0.069284 0.062356
8 0.663972 0.610085 0.182448 0.071594
15 0.662818 0.615858 0.166282 0.069284
8 0.550808 0.671286 0.177829 0.096998
15 0.548499 0.672440 0.136259 0.090069
9 0.443418 0.142417 0.189376 0.055427
11 0.479215 0.173595 0.094688 0.043880
17 0.493072 0.342186 0.242494 0.205543