0 0.703841 0.502625 0.500146 0.994750
15 0.783276 0.928478 0.068928 0.114173
1 0.638276 0.125984 0.106754 0.209974
15 0.520594 0.923885 0.091623 0.102362
8 0.523957 0.926509 0.118522 0.123360
8 0.782856 0.927165 0.088261 0.135171
7 0.766044 0.756562 0.061362 0.234908
7 0.548333 0.731627 0.074812 0.271654
6 0.727377 0.534121 0.116841 0.199475
6 0.576073 0.498031 0.155508 0.182415
14 0.612638 0.685039 0.070609 0.083990
5 0.613058 0.681759 0.086580 0.108924
4 0.584058 0.553806 0.055478 0.186352
4 0.865233 0.365486 0.101710 0.156168
14 0.911885 0.495407 0.063884 0.106299
5 0.910624 0.494751 0.078174 0.125984
3 0.770247 0.250000 0.088261 0.211286
3 0.574812 0.317585 0.068928 0.170604
18 0.651725 0.315617 0.167276 0.234908
2 0.650884 0.313648 0.195855 0.278215