10 0.501859 0.063065 0.157403 0.037183
0 0.528640 0.509002 0.573867 0.958220
12 0.476405 0.098811 0.107636 0.018527
1 0.505918 0.107689 0.194440 0.135093
18 0.490293 0.336962 0.170135 0.250888
2 0.482192 0.336576 0.218745 0.268643
3 0.615290 0.290258 0.112266 0.188359
4 0.612397 0.457002 0.076387 0.143585
14 0.611239 0.569322 0.078702 0.081056
5 0.614711 0.571252 0.111108 0.104987
6 0.460201 0.580902 0.112266 0.198394
6 0.575361 0.571252 0.136571 0.202254
7 0.594457 0.776980 0.103007 0.201482
7 0.505339 0.762313 0.079859 0.161340
16 0.536588 0.920565 0.156246 0.084144
16 0.463095 0.890845 0.111108 0.100355
8 0.540061 0.923653 0.181708 0.096495
8 0.459623 0.890073 0.124997 0.109619