0 0.420323 0.617013 0.327945 0.750577
1 0.403002 0.413780 0.233256 0.307159
2 0.404157 0.705928 0.221709 0.304850
3 0.333718 0.693226 0.103926 0.196305
4 0.436490 0.832948 0.110855 0.092379
5 0.536952 0.940339 0.099307 0.090069
6 0.334873 0.894149 0.101617 0.154734
6 0.467667 0.942648 0.043880 0.062356
10 0.400693 0.342186 0.145497 0.159353
12 0.397229 0.444958 0.115473 0.050808
14 0.539555 0.946656 0.082869 0.072001
17 0.399538 0.712471 0.212471 0.339492
0 0.627021 0.638568 0.265589 0.639723
1 0.610855 0.459584 0.182448 0.267898
2 0.623557 0.784065 0.198614 0.311778
10 0.600462 0.416859 0.143187 0.168591
17 0.615473 0.767898 0.163972 0.256351
0 0.788684 0.363741 0.316397 0.685912
1 0.750400 0.144342 0.156689 0.214781
2 0.741961 0.463137 0.206609 0.427074
3 0.852194 0.362587 0.083141 0.175520
4 0.868360 0.501155 0.078522 0.083141
5 0.904779 0.594688 0.068218 0.085450
10 0.744804 0.082164 0.121691 0.068396
12 0.761829 0.126281 0.068100 0.037603
14 0.911352 0.587582 0.055072 0.054184
17 0.742583 0.464262 0.174098 0.408006