0 0.643966 0.520690 0.453448 0.958620
1 0.669828 0.163793 0.215517 0.251724
9 0.663793 0.106897 0.186207 0.113793
12 0.661207 0.172414 0.129310 0.041379
2 0.622414 0.487931 0.317241 0.410345
17 0.626724 0.483621 0.291379 0.415517
3 0.496552 0.406897 0.079310 0.193103
4 0.561207 0.465517 0.177586 0.103448
4 0.820690 0.437931 0.075862 0.103448
5 0.692241 0.387069 0.098276 0.101724
5 0.743103 0.389655 0.062069 0.079310
14 0.690517 0.393103 0.074138 0.089655
14 0.752586 0.387069 0.074138 0.081034
6 0.571552 0.801724 0.153448 0.217241
6 0.680172 0.768103 0.074138 0.160345
7 0.634483 0.923276 0.044828 0.139655
7 0.554310 0.958621 0.105172 0.082758