9 0.597582 0.109674 0.184664 0.076865
11 0.579771 0.165448 0.143420 0.030934
1 0.586333 0.149513 0.216535 0.179040
17 0.590551 0.374484 0.245594 0.257780
3 0.763030 0.318710 0.095613 0.155606
3 0.454162 0.311211 0.047807 0.127484
4 0.443382 0.434946 0.063742 0.116235
4 0.755062 0.456505 0.085302 0.125609
2 0.591957 0.372141 0.254031 0.279340
13 0.703975 0.548838 0.093738 0.066554
13 0.448069 0.526809 0.054368 0.067492
5 0.449006 0.528684 0.074991 0.071241
5 0.707255 0.546494 0.107799 0.069366
6 0.539464 0.570866 0.120922 0.118110
6 0.662730 0.581646 0.118110 0.126547
7 0.675384 0.713348 0.098425 0.138733
7 0.540870 0.673978 0.112486 0.093738
15 0.508999 0.728815 0.161230 0.141545
15 0.663198 0.763030 0.115298 0.155606
8 0.661792 0.800994 0.121860 0.077803
8 0.510405 0.764436 0.154668 0.079678
0 0.606955 0.455381 0.431759 0.858268