0 0.144892 0.549874 0.212801 0.574068
1 0.184483 0.342846 0.107225 0.150115
2 0.165512 0.535852 0.164962 0.272187
3 0.083031 0.483889 0.052788 0.141867
4 0.083031 0.605136 0.065985 0.100627
5 0.078082 0.696690 0.062686 0.085780
6 0.137982 0.749129 0.080208 0.139265
9 0.184501 0.309854 0.100077 0.079292
11 0.187580 0.375674 0.073903 0.020015
14 0.080960 0.701694 0.037721 0.068514
17 0.172954 0.534899 0.143187 0.259430
0 0.401334 0.607134 0.391070 0.449577
1 0.532974 0.455479 0.127791 0.149346
2 0.323310 0.506078 0.262734 0.199031
3 0.402104 0.547857 0.084681 0.143187
4 0.422889 0.659482 0.064665 0.073903
3 0.489094 0.564793 0.036952 0.053888
4 0.499872 0.631768 0.061586 0.073903
5 0.546061 0.716449 0.083141 0.076982
5 0.456762 0.731845 0.052348 0.064665
6 0.246600 0.661791 0.096998 0.167821
6 0.352835 0.627919 0.078522 0.078522
7 0.409802 0.744932 0.063125 0.130870
7 0.241981 0.786502 0.066205 0.081601
9 0.550167 0.438286 0.087760 0.106236
12 0.513985 0.487555 0.038491 0.035412
13 0.455094 0.725558 0.034642 0.040801
13 0.545548 0.713626 0.067744 0.058507
8 0.434308 0.826020 0.086990 0.024634
17 0.327656 0.501107 0.254042 0.157333
0 0.577046 0.583622 0.315627 0.464781
1 0.701180 0.409931 0.102002 0.113549
2 0.541442 0.444573 0.229022 0.163587
3 0.668463 0.518187 0.082756 0.079869
4 0.640557 0.610085 0.042340 0.094303
3 0.606877 0.484026 0.051963 0.157814
4 0.602547 0.600462 0.052925 0.136644
5 0.670869 0.704388 0.054850 0.076982
5 0.620349 0.705350 0.042340 0.069284
9 0.723313 0.383949 0.053888 0.057737
12 0.714171 0.440242 0.039453 0.047152
12 0.626604 0.711124 0.033680 0.055812
14 0.661727 0.704869 0.026944 0.060624
8 0.494336 0.788794 0.098977 0.037941
8 0.585065 0.767349 0.075883 0.041241
15 0.489670 0.791149 0.084264 0.029336
15 0.588602 0.768054 0.062418 0.039323
17 0.539329 0.405742 0.195626 0.051623
0 0.865409 0.562773 0.265589 0.439761
1 0.789389 0.432384 0.103926 0.171286
2 0.878400 0.567767 0.233834 0.177655
3 0.894278 0.553150 0.067360 0.127983
4 0.838947 0.641680 0.145304 0.052925
5 0.769181 0.704228 0.051963 0.064473
6 0.922601 0.662368 0.154798 0.063510
7 0.907750 0.728766 0.125096 0.063510
8 0.814729 0.754747 0.132153 0.050038
9 0.786663 0.394855 0.102964 0.092379
12 0.777521 0.460290 0.075058 0.030793
13 0.768380 0.701341 0.047152 0.047152
15 0.818899 0.762445 0.111624 0.026944
17 0.877323 0.553585 0.214451 0.137743