10 0.475406 0.266404 0.407281 0.110236
10 0.592475 0.183727 0.200689 0.049869
12 0.452165 0.365486 0.294148 0.048556
12 0.634163 0.218504 0.071815 0.018373
1 0.451966 0.351807 0.428319 0.275591
1 0.587424 0.204422 0.257294 0.118110
18 0.534432 0.672572 0.501724 0.318898
2 0.524594 0.677822 0.568620 0.350394
3 0.838417 0.583990 0.208560 0.212598
3 0.243236 0.671260 0.214462 0.355643
3 0.737089 0.327428 0.127890 0.101050
3 0.076978 0.282152 0.098377 0.191601
0 0.532464 0.530184 0.875557 0.800525
0 0.074889 0.419291 0.149777 0.652231