0 0.524687 0.507874 0.950626 0.984252
0 0.888407 0.351706 0.223186 0.601050
0 0.837970 0.182415 0.222094 0.278215
0 0.077796 0.508530 0.155592 0.896325
12 0.375273 0.204068 0.214047 0.059055
12 0.815438 0.146325 0.083688 0.035433
12 0.051242 0.210630 0.102483 0.043307
10 0.384125 0.088583 0.318657 0.150919
10 0.847626 0.091207 0.122313 0.040682
10 0.941516 0.097769 0.116968 0.090551
10 0.071359 0.126640 0.142718 0.090551
1 0.379297 0.191601 0.354064 0.377953
1 0.844407 0.132546 0.151282 0.191601
1 0.940711 0.152231 0.118577 0.215223
1 0.081015 0.173885 0.162030 0.237533
18 0.374468 0.664698 0.453845 0.502625
18 0.082625 0.410761 0.165249 0.194226
18 0.814634 0.274278 0.059547 0.039370
18 0.923813 0.442257 0.152374 0.328084
2 0.916829 0.450787 0.144844 0.379265
2 0.833946 0.280184 0.123922 0.074803
2 0.387343 0.670604 0.508564 0.553806
2 0.089062 0.408793 0.178124 0.224409
3 0.801759 0.595801 0.310610 0.328084
3 0.833946 0.400262 0.130360 0.254593
3 0.095241 0.655512 0.127141 0.392388
4 0.823227 0.869423 0.353546 0.216535
4 0.091218 0.933727 0.148063 0.132546
14 0.502414 0.914698 0.246235 0.149606
5 0.503219 0.908793 0.280032 0.166667