0 0.327069 0.540517 0.584483 0.808621
1 0.325345 0.234483 0.105172 0.168966
9 0.319310 0.187069 0.075862 0.074138
12 0.328793 0.222414 0.056897 0.024138
2 0.338276 0.407759 0.155172 0.250000
17 0.340862 0.413793 0.132759 0.248276
3 0.438276 0.312931 0.075862 0.053448
3 0.240862 0.335345 0.094828 0.046552
4 0.151207 0.329310 0.087931 0.051724
4 0.509828 0.292241 0.067241 0.060345
5 0.575345 0.232759 0.060345 0.072414
5 0.073621 0.280172 0.046552 0.063793
13 0.083103 0.292241 0.068966 0.084483
13 0.571034 0.236207 0.065517 0.065517
6 0.319310 0.625862 0.065517 0.168966
6 0.386552 0.629310 0.058621 0.165517
7 0.387414 0.786207 0.060345 0.137931
7 0.330517 0.784483 0.053448 0.137931
8 0.396897 0.897414 0.048276 0.046552
8 0.327931 0.896552 0.068966 0.051724
15 0.322759 0.889655 0.068966 0.079310
15 0.390862 0.884483 0.056897 0.068966