12 0.633858 0.181759 0.171260 0.080052
0 0.665354 0.500000 0.631890 1.000000
14 0.757382 0.490157 0.119094 0.161417
14 0.797736 0.663386 0.081693 0.103675
5 0.808563 0.664698 0.121063 0.129921
5 0.762303 0.490814 0.148622 0.181102
4 0.591535 0.607612 0.275591 0.257218
3 0.499016 0.498031 0.098425 0.397638
3 0.979823 0.354331 0.040354 0.212598
18 0.569882 0.634514 0.267717 0.702100
2 0.567913 0.632546 0.312992 0.727034
1 0.628937 0.190945 0.253937 0.353018
10 0.629921 0.081365 0.202756 0.099738
6 0.868110 0.877953 0.263780 0.194226
6 0.825295 0.927165 0.292323 0.145669