0 0.445757 0.497375 0.465442 0.758530
1 0.417760 0.203412 0.125984 0.104987
10 0.407262 0.164698 0.094488 0.030184
18 0.422135 0.347769 0.229221 0.173228
2 0.416010 0.350394 0.272966 0.207349
3 0.553368 0.321522 0.085739 0.107612
3 0.290026 0.328740 0.080490 0.111549
4 0.283902 0.426509 0.071741 0.078740
4 0.564742 0.425197 0.052493 0.094488
14 0.557743 0.503281 0.062992 0.051181
14 0.281277 0.485564 0.052493 0.047244
5 0.285652 0.488189 0.078740 0.057743
5 0.555993 0.505906 0.104987 0.064304
6 0.388889 0.540026 0.110236 0.158793
6 0.497375 0.522310 0.110236 0.152231
7 0.496500 0.666010 0.101487 0.127297
7 0.395888 0.673228 0.068241 0.086614
15 0.384514 0.761155 0.076990 0.055118
15 0.465879 0.744094 0.043745 0.055118
8 0.478128 0.750000 0.096238 0.074803
8 0.385389 0.764436 0.085739 0.077428