0 0.475345 0.555172 0.232759 0.889655
9 0.510690 0.202586 0.120690 0.187931
11 0.502931 0.312931 0.081034 0.039655
2 0.478793 0.581897 0.167241 0.474138
17 0.479655 0.581897 0.141379 0.443103
3 0.402069 0.488793 0.044828 0.181034
3 0.565862 0.483621 0.034483 0.191379
4 0.573621 0.656897 0.029310 0.155172
4 0.392586 0.644828 0.029310 0.117241
5 0.572759 0.781897 0.041379 0.084483
5 0.395172 0.750862 0.037931 0.094828
14 0.571034 0.781897 0.031034 0.077586
14 0.393448 0.751724 0.027586 0.075862
6 0.486552 0.869828 0.082759 0.184483
6 0.417586 0.878448 0.072414 0.170690
7 0.486552 0.979310 0.089655 0.041379
7 0.418448 0.981034 0.063793 0.037931