0 0.433965 0.439655 0.408621 0.806897
1 0.450345 0.128448 0.200000 0.170690
9 0.457241 0.097414 0.172414 0.091379
11 0.492586 0.140517 0.091379 0.032759
2 0.457241 0.351724 0.286207 0.293103
17 0.458103 0.351724 0.243103 0.248276
3 0.577069 0.296552 0.053448 0.110345
3 0.297759 0.298276 0.081034 0.141379
4 0.308965 0.434483 0.096552 0.117241
4 0.585690 0.414655 0.063793 0.118966
5 0.583965 0.508621 0.074138 0.058621
5 0.331379 0.531897 0.100000 0.077586
13 0.332241 0.531897 0.091379 0.067241
13 0.586552 0.507759 0.068966 0.060345
6 0.483965 0.556897 0.125862 0.120690
6 0.364138 0.560345 0.131034 0.124138
7 0.339138 0.684483 0.091379 0.137931
7 0.471897 0.675000 0.098276 0.112069
8 0.357241 0.793966 0.113793 0.084483
8 0.499483 0.763793 0.156897 0.068966
15 0.499483 0.722414 0.160345 0.148276
15 0.352069 0.751724 0.117241 0.165517