0 0.542725 0.409161 0.526559 0.778291
1 0.540416 0.130870 0.230947 0.152425
2 0.547344 0.345650 0.281755 0.258661
3 0.710162 0.304080 0.103926 0.147806
4 0.706697 0.414935 0.096998 0.073903
5 0.704388 0.496921 0.060046 0.076212
3 0.374134 0.280985 0.115473 0.120092
4 0.387991 0.398768 0.041570 0.115473
5 0.424942 0.503849 0.087760 0.085450
6 0.621247 0.556967 0.101617 0.145497
6 0.500000 0.551193 0.094688 0.129330
8 0.646651 0.712856 0.133949 0.152425
8 0.486143 0.707082 0.122402 0.150115
9 0.521940 0.092379 0.180139 0.069284
11 0.530023 0.153580 0.168591 0.039261
13 0.413505 0.506067 0.068184 0.062686
13 0.698889 0.497269 0.045090 0.047289
15 0.491037 0.715935 0.091279 0.138568
15 0.649951 0.713186 0.107775 0.130870
17 0.546959 0.341801 0.293303 0.254042