0 0.346897 0.565517 0.231034 0.524138
6 0.307256 0.646264 0.045259 0.094828
6 0.372270 0.650934 0.048851 0.086925
1 0.344756 0.367385 0.079741 0.104885
9 0.343319 0.344756 0.062500 0.049569
12 0.346552 0.364511 0.034483 0.021552
2 0.339009 0.503520 0.114224 0.197557
17 0.340805 0.506753 0.100575 0.185345
3 0.402945 0.490589 0.029454 0.092672
3 0.273994 0.483764 0.022989 0.083333
4 0.269325 0.564224 0.032328 0.073276
4 0.405460 0.570330 0.027299 0.063937
5 0.401149 0.617026 0.024425 0.022270
5 0.271839 0.616307 0.020115 0.023707
14 0.400431 0.612356 0.025862 0.031609
14 0.272917 0.613075 0.019397 0.027299
7 0.306322 0.737787 0.043103 0.084770
7 0.367026 0.734914 0.039511 0.081897
8 0.369181 0.798851 0.042385 0.044540
8 0.296264 0.802083 0.063218 0.040948
15 0.299138 0.766523 0.057471 0.117816
15 0.367026 0.764009 0.042385 0.112787