0 0.181034 0.581897 0.344828 0.715517
0 0.455172 0.729310 0.306897 0.541379
0 0.933621 0.515517 0.125862 0.327586
0 0.848276 0.427586 0.103448 0.275862
0 0.675862 0.302586 0.089655 0.156897
0 0.549138 0.376724 0.143103 0.215517
0 0.572414 0.212931 0.103448 0.170690
0 0.425862 0.263793 0.103448 0.244828
0 0.495690 0.200862 0.070690 0.163793
0 0.144828 0.289655 0.120690 0.206897
0 0.217241 0.197414 0.062069 0.105172
0 0.293966 0.202586 0.050000 0.074138
0 0.257759 0.201724 0.056897 0.106897
0 0.268744 0.145889 0.034041 0.046154
1 0.404310 0.596552 0.160345 0.241379
1 0.208621 0.384483 0.179310 0.293103
1 0.931034 0.443966 0.093103 0.139655
1 0.849138 0.363793 0.067241 0.113793
1 0.680172 0.279310 0.046552 0.089655
1 0.591379 0.190517 0.062069 0.081034
1 0.582759 0.323276 0.065517 0.098276
1 0.416379 0.182759 0.053448 0.068966
1 0.475862 0.162931 0.031034 0.060345
1 0.162865 0.239965 0.044209 0.096375
1 0.217241 0.190009 0.049514 0.080460
1 0.258134 0.181830 0.026967 0.050840
1 0.293943 0.201061 0.040230 0.061892
1 0.269408 0.146684 0.031830 0.039788
9 0.272060 0.148453 0.024757 0.030946
9 0.292838 0.184262 0.028294 0.035367
9 0.257029 0.171220 0.029178 0.024315
9 0.217905 0.175420 0.041114 0.035367
9 0.413528 0.170115 0.045977 0.044209
9 0.163086 0.216976 0.041114 0.043324
9 0.474376 0.152675 0.023187 0.033294
9 0.596790 0.180024 0.040428 0.054697
9 0.678240 0.259394 0.041617 0.046968
9 0.849762 0.340547 0.057669 0.061831
9 0.933175 0.416528 0.090369 0.082045
9 0.221641 0.349346 0.135553 0.215220
10 0.406540 0.606599 0.140309 0.208680
10 0.583829 0.319144 0.046373 0.085612
11 0.668728 0.289417 0.020214 0.016647
11 0.834304 0.383056 0.027943 0.019620
11 0.224732 0.451070 0.047562 0.036266
11 0.408488 0.194474 0.019452 0.009284
11 0.470601 0.170380 0.013705 0.011494
11 0.299956 0.201326 0.015473 0.014147
12 0.167772 0.255261 0.020778 0.016799
12 0.229222 0.201768 0.012821 0.012378
2 0.428448 0.269828 0.060345 0.125862
2 0.477586 0.813793 0.224138 0.372414
2 0.143966 0.655172 0.229310 0.482759
2 0.479310 0.213793 0.041379 0.068966
2 0.143103 0.664655 0.182759 0.408621
2 0.543103 0.395690 0.068966 0.146552
18 0.456897 0.825000 0.234483 0.350000
18 0.143966 0.673276 0.146552 0.384483
3 0.142241 0.653448 0.063793 0.182759
3 0.549138 0.796552 0.074138 0.165517
5 0.427586 0.900862 0.089655 0.115517
4 0.512931 0.907759 0.084483 0.091379
4 0.175862 0.771552 0.075862 0.094828
5 0.229310 0.868966 0.086207 0.137931
13 0.224138 0.873276 0.124138 0.191379
13 0.454310 0.912069 0.160345 0.127586