5 0.719160 0.405512 0.125109 0.136483
5 0.299650 0.406168 0.094488 0.127297
14 0.296588 0.400919 0.074366 0.098425
14 0.715661 0.394357 0.091864 0.093176
12 0.511374 0.271654 0.106737 0.060367
10 0.514436 0.181102 0.116360 0.115486
1 0.515748 0.260499 0.157480 0.329396
18 0.517935 0.629265 0.219598 0.426509
2 0.517060 0.633202 0.240595 0.468504
3 0.323272 0.590551 0.164479 0.270341
3 0.705162 0.585958 0.140857 0.261155
4 0.737533 0.551837 0.056868 0.216535
4 0.275153 0.585958 0.054243 0.250656
6 0.445757 0.939633 0.143482 0.120734
6 0.582240 0.935696 0.127734 0.123360
0 0.526684 0.528871 0.630796 0.942257