9 0.559055 0.102362 0.220472 0.076115
11 0.513780 0.156824 0.111549 0.030184
1 0.556430 0.133202 0.254593 0.158793
17 0.591207 0.355643 0.221785 0.254593
2 0.618766 0.361549 0.297900 0.266404
3 0.624672 0.310367 0.136483 0.135171
4 0.598425 0.438320 0.097113 0.115486
13 0.569554 0.532808 0.083990 0.060367
5 0.574147 0.532808 0.116798 0.068241
7 0.650262 0.656824 0.140420 0.127297
6 0.639108 0.541995 0.104987 0.083990
4 0.506562 0.625984 0.099738 0.099738
6 0.510499 0.541339 0.070866 0.069554
15 0.454068 0.656168 0.202100 0.115486
15 0.625328 0.704724 0.227034 0.123360
8 0.617454 0.745407 0.203412 0.068241
8 0.446194 0.685696 0.228346 0.061680
0 0.531496 0.413386 0.559055 0.748031