0 0.618448 0.480172 0.463793 0.877586
1 0.590000 0.143103 0.200000 0.193103
2 0.608103 0.381034 0.336207 0.327586
3 0.781379 0.300862 0.082759 0.153448
3 0.431379 0.339655 0.068966 0.158621
4 0.788276 0.443103 0.072414 0.134483
4 0.434828 0.483621 0.072414 0.122414
5 0.452931 0.582759 0.098276 0.089655
5 0.789138 0.550000 0.063793 0.106897
6 0.545172 0.603448 0.131034 0.117241
6 0.696897 0.609483 0.155172 0.132759
7 0.567586 0.741379 0.131034 0.144828
7 0.716724 0.745690 0.105172 0.122414
8 0.556379 0.863793 0.143103 0.089655
8 0.744310 0.843103 0.125862 0.079310
15 0.552069 0.818966 0.113793 0.168966
15 0.743448 0.797414 0.124138 0.160345
17 0.608103 0.384483 0.281034 0.279310
9 0.593448 0.093966 0.179310 0.077586
11 0.588276 0.148276 0.165517 0.048276
13 0.448621 0.589655 0.082759 0.082759
13 0.783103 0.548276 0.062069 0.079310