0 0.375289 0.550808 0.302540 0.487298
1 0.308186 0.447139 0.126251 0.110085
3 0.407878 0.523351 0.059276 0.151655
3 0.268925 0.504876 0.044650 0.133179
4 0.279702 0.611496 0.040031 0.067744
5 0.288940 0.686939 0.050808 0.073903
10 0.312420 0.435207 0.094688 0.076982
14 0.287016 0.683090 0.034642 0.056967
17 0.409802 0.395946 0.193995 0.123172
6 0.472543 0.507955 0.048499 0.094688
6 0.349371 0.542597 0.043880 0.073133
0 0.910957 0.472158 0.169361 0.609700
6 0.921735 0.438286 0.129330 0.215550
7 0.917886 0.616115 0.087760 0.130870
8 0.909417 0.730819 0.120092 0.076982
4 0.904799 0.224275 0.055427 0.110855
5 0.890172 0.345137 0.056967 0.121632
14 0.887862 0.345907 0.033872 0.089299
15 0.918655 0.736977 0.107775 0.064665
0 0.568386 0.362843 0.152425 0.264819
1 0.569926 0.300488 0.118553 0.130870
2 0.594560 0.429048 0.096998 0.132410
10 0.564537 0.295099 0.098537 0.098537
18 0.589171 0.425969 0.120092 0.110855
0 0.695407 0.352836 0.117013 0.207852
1 0.681550 0.302797 0.064665 0.089299
4 0.680010 0.392096 0.040031 0.070824
10 0.673082 0.298178 0.038491 0.067744
0 0.821056 0.296515 0.105121 0.208649
1 0.812694 0.242362 0.077248 0.098750
18 0.823445 0.344297 0.071673 0.098750
3 0.791192 0.357835 0.045393 0.079637
10 0.813889 0.231212 0.055746 0.070080
0 0.062961 0.284285 0.062686 0.155064
1 0.067497 0.230260 0.037116 0.048664
18 0.060486 0.303668 0.054437 0.091554
10 0.067497 0.226960 0.033817 0.032168
0 0.227819 0.270400 0.050520 0.103926
1 0.237202 0.244419 0.057737 0.049076
10 0.240089 0.240089 0.034642 0.028868
0 0.340406 0.279061 0.062067 0.103926
1 0.344015 0.257410 0.046189 0.054850
10 0.341128 0.247306 0.046189 0.025982
0 0.445776 0.278339 0.116917 0.105370
1 0.454436 0.260296 0.053406 0.063510
4 0.420516 0.252358 0.043303 0.018764
3 0.413730 0.278518 0.022503 0.028424
10 0.459624 0.260161 0.039675 0.042636
0 0.294374 0.259062 0.035144 0.078321
1 0.294876 0.246511 0.032132 0.047193
10 0.293872 0.242494 0.028115 0.025103
0 0.163062 0.322976 0.033592 0.073483
7 0.347820 0.620057 0.050388 0.062986