0 0.490000 0.432759 0.427586 0.855172
1 0.493448 0.094828 0.196552 0.179310
2 0.481379 0.343966 0.279310 0.305172
9 0.486552 0.051724 0.186207 0.075862
11 0.483965 0.108621 0.177586 0.031034
3 0.331379 0.280172 0.068966 0.143103
3 0.658103 0.276724 0.081034 0.160345
4 0.647759 0.423276 0.077586 0.150000
4 0.317586 0.418966 0.058621 0.131034
5 0.601207 0.535345 0.098276 0.081034
5 0.321034 0.524138 0.075862 0.086207
13 0.605517 0.537931 0.093103 0.082759
13 0.316724 0.522414 0.074138 0.072414
6 0.411552 0.569828 0.132759 0.139655
6 0.545172 0.570690 0.137931 0.141379
7 0.566724 0.712069 0.112069 0.141379
7 0.421034 0.703448 0.106897 0.127586
8 0.390000 0.796552 0.162069 0.079310
8 0.560690 0.806897 0.106897 0.100000
15 0.398621 0.753448 0.165517 0.162069
15 0.564138 0.774138 0.113793 0.175862
17 0.479655 0.343966 0.265517 0.298276