0 0.449192 0.504619 0.838337 0.949192
1 0.672055 0.200924 0.323326 0.277136
2 0.483834 0.620092 0.759815 0.662818
3 0.378753 0.347575 0.175520 0.182448
4 0.236721 0.524249 0.168591 0.147806
5 0.163972 0.696305 0.221709 0.173210
3 0.785219 0.564665 0.189376 0.293303
4 0.777136 0.773672 0.159353 0.110855
5 0.646651 0.905312 0.166282 0.170901
9 0.678984 0.106236 0.281755 0.096998
12 0.681293 0.191686 0.175520 0.096998
13 0.155889 0.690531 0.136259 0.133949
13 0.642032 0.904157 0.092379 0.099307
17 0.504619 0.561201 0.681293 0.554273