0 0.565000 0.411207 0.794828 0.329310
8 0.852069 0.323276 0.034483 0.132759
8 0.907241 0.473276 0.051724 0.143103
1 0.258965 0.416379 0.137931 0.184483
9 0.234828 0.419828 0.068966 0.139655
12 0.265000 0.459483 0.022414 0.046552
2 0.482241 0.417241 0.267241 0.158621
17 0.484828 0.413793 0.227586 0.137931
3 0.436552 0.343966 0.134483 0.060345
4 0.558103 0.340517 0.091379 0.056897
4 0.531379 0.510345 0.055172 0.037931
5 0.590000 0.529310 0.062069 0.051724
5 0.647759 0.344828 0.070690 0.068966
13 0.644310 0.339655 0.101724 0.086207
13 0.594310 0.527586 0.077586 0.062069
6 0.683965 0.431897 0.125862 0.087931
7 0.784828 0.327586 0.120690 0.100000
7 0.813276 0.435345 0.122414 0.094828
15 0.849483 0.324138 0.063793 0.131034
15 0.908103 0.470690 0.050000 0.148276