7 0.545690 0.933621 0.136207 0.132758
7 0.699138 0.937931 0.108621 0.124138
0 0.651724 0.517241 0.624138 0.965517
1 0.665000 0.163793 0.222414 0.248276
9 0.661552 0.098276 0.212069 0.113793
12 0.662414 0.170690 0.124138 0.037931
2 0.659828 0.481897 0.356897 0.470690
17 0.655517 0.487069 0.331034 0.456897
4 0.431379 0.392241 0.148276 0.167241
4 0.872759 0.408621 0.089655 0.151724
5 0.543448 0.280172 0.096552 0.108621
5 0.800345 0.277586 0.096552 0.113793
14 0.544310 0.277586 0.087931 0.086207
14 0.798621 0.280172 0.093103 0.115517
6 0.558965 0.790517 0.134483 0.150000
6 0.716724 0.801724 0.146552 0.155172