0 0.555042 0.441109 0.346420 0.877598
1 0.580446 0.098152 0.129330 0.187067
2 0.553888 0.344111 0.196305 0.295612
6 0.484603 0.571594 0.053118 0.136259
6 0.557352 0.568129 0.060046 0.143187
7 0.470747 0.696305 0.034642 0.094688
7 0.536567 0.695150 0.046189 0.083141
8 0.535412 0.796767 0.090069 0.092379
8 0.438414 0.804850 0.080831 0.090069
9 0.594303 0.062356 0.110855 0.083141
11 0.575828 0.122402 0.069284 0.036952
17 0.564280 0.331409 0.152425 0.265589
15 0.444869 0.812755 0.055960 0.078167
15 0.537692 0.796323 0.069284 0.055960