0 0.415846 0.570866 0.302165 0.858268
0 0.149606 0.547244 0.299212 0.905512
14 0.258366 0.588583 0.101378 0.108924
5 0.257874 0.590551 0.129921 0.144357
14 0.358268 0.760499 0.045276 0.072178
14 0.914370 0.761811 0.035433 0.082677
5 0.362697 0.759186 0.071850 0.101050
5 0.912402 0.761155 0.057087 0.128609
11 0.198327 0.278215 0.132874 0.062992
12 0.440945 0.268373 0.078740 0.030184
12 0.096457 0.333990 0.029528 0.024934
10 0.175689 0.188976 0.154528 0.102362
10 0.447835 0.211942 0.127953 0.066929
10 0.105315 0.299213 0.057087 0.036745
18 0.452756 0.545932 0.183071 0.351706
18 0.186024 0.690945 0.196850 0.602362
2 0.445866 0.549869 0.212598 0.383202
2 0.184547 0.685696 0.221457 0.615486
4 0.118110 0.681759 0.200787 0.190289
4 0.548720 0.696850 0.056102 0.183727
3 0.056594 0.602362 0.095472 0.362205
3 0.322343 0.515748 0.099409 0.241470
6 0.478346 0.854331 0.090551 0.199475
6 0.385827 0.856299 0.094488 0.219160