0 0.486143 0.532333 0.533487 0.916859
1 0.368360 0.257506 0.265589 0.357968
2 0.475751 0.711316 0.512702 0.531178
3 0.654734 0.605081 0.136259 0.235566
3 0.284065 0.666282 0.120092 0.279446
4 0.690531 0.796767 0.032333 0.115473
4 0.318707 0.889145 0.180139 0.138568
5 0.496536 0.905312 0.147806 0.106236
17 0.444573 0.699769 0.390300 0.480370
9 0.355658 0.159353 0.217090 0.133949
12 0.362587 0.259815 0.138568 0.048499
14 0.490614 0.932670 0.099485 0.101261
0 0.657044 0.332564 0.191686 0.217090
1 0.667436 0.326790 0.120092 0.122402
10 0.648961 0.307159 0.046189 0.055427