0 0.544138 0.498276 0.911724 0.362069
1 0.190000 0.479310 0.186207 0.158621
13 0.671034 0.639655 0.124138 0.079310
9 0.133103 0.484483 0.120690 0.155172
2 0.465000 0.479310 0.363793 0.310345
3 0.408965 0.600862 0.165517 0.077586
4 0.563276 0.617241 0.129310 0.089655
5 0.662414 0.639655 0.106897 0.058621
17 0.458103 0.468966 0.336207 0.220690
6 0.731379 0.508621 0.155172 0.134483
6 0.721034 0.397414 0.155172 0.081034
7 0.871897 0.370690 0.150000 0.075862
7 0.909655 0.474138 0.180690 0.137931
8 0.977931 0.523276 0.034483 0.074138
15 0.977069 0.522414 0.036207 0.093103