0 0.510690 0.567241 0.231034 0.168966
0 0.813276 0.543966 0.184483 0.191379
0 0.752069 0.486207 0.079310 0.131034
0 0.164138 0.539655 0.148276 0.127586
9 0.796108 0.470936 0.052709 0.040394
10 0.757438 0.448030 0.050246 0.038916
10 0.530197 0.512808 0.048768 0.048276
10 0.145911 0.504433 0.053202 0.035468
1 0.147635 0.504433 0.054680 0.040394
1 0.532315 0.514384 0.046305 0.056158
1 0.796010 0.482118 0.050739 0.062562
1 0.756355 0.451084 0.047291 0.042857
12 0.786650 0.486552 0.024138 0.016256
12 0.756798 0.461281 0.013300 0.009852
12 0.152611 0.512906 0.008867 0.006897
2 0.847980 0.549212 0.080788 0.093103
2 0.761281 0.487882 0.023645 0.023645
2 0.467931 0.548670 0.111823 0.076847
2 0.135074 0.536108 0.061084 0.032020
18 0.140739 0.535616 0.064532 0.028079
18 0.474828 0.546700 0.110837 0.066010
18 0.846502 0.546946 0.079803 0.089163
18 0.762266 0.484089 0.023645 0.024138
3 0.536158 0.566749 0.028571 0.037931
3 0.799064 0.546059 0.027094 0.039901
3 0.179901 0.527094 0.020690 0.019704
3 0.115369 0.554187 0.017734 0.026601
4 0.125961 0.578325 0.026108 0.025616
4 0.202315 0.552956 0.030049 0.030049
4 0.564039 0.598522 0.043350 0.044335
4 0.774236 0.584236 0.040887 0.038424
4 0.777438 0.541133 0.016749 0.034975
4 0.741970 0.507882 0.025616 0.029557
5 0.741724 0.612808 0.031034 0.027586
5 0.757980 0.567241 0.025123 0.019212
5 0.725714 0.534975 0.012808 0.022660
5 0.598128 0.620443 0.029557 0.012315
5 0.147537 0.587094 0.021182 0.018719
5 0.218966 0.575517 0.019212 0.016256
13 0.219064 0.572069 0.020394 0.020197
13 0.146010 0.587094 0.022660 0.018719
13 0.596256 0.619113 0.032512 0.017734
13 0.744335 0.612463 0.036453 0.033005
13 0.759113 0.565911 0.027586 0.023645
13 0.726847 0.533645 0.014286 0.025123
6 0.470148 0.601084 0.093596 0.030542
6 0.813153 0.608966 0.084236 0.030542
6 0.758719 0.522611 0.027586 0.034975
6 0.167734 0.557833 0.030049 0.015764
6 0.140148 0.557340 0.020197 0.034483
7 0.498227 0.609803 0.020690 0.031034
7 0.426059 0.622118 0.026108 0.024138
7 0.755616 0.536897 0.017241 0.009360
7 0.161921 0.570148 0.020197 0.014778
8 0.417783 0.634187 0.015271 0.008867
8 0.508916 0.621379 0.022167 0.010837
8 0.756543 0.545270 0.016357 0.011494
15 0.756322 0.545712 0.015915 0.011494
15 0.508488 0.620734 0.024757 0.011052
15 0.415650 0.632891 0.017683 0.009726