0 0.492687 0.434180 0.466513 0.780600
1 0.483449 0.132794 0.198614 0.173210
2 0.496151 0.354503 0.307159 0.260970
3 0.662433 0.307159 0.099307 0.157044
4 0.658968 0.431871 0.073903 0.083141
3 0.333333 0.299076 0.092379 0.136259
4 0.333333 0.409931 0.078522 0.080831
5 0.663587 0.517321 0.087760 0.078522
5 0.343726 0.506928 0.080831 0.099307
6 0.568899 0.560046 0.110855 0.136259
6 0.437259 0.556582 0.096998 0.147806
8 0.595458 0.720554 0.131640 0.161663
8 0.424557 0.717090 0.094688 0.159353
9 0.481139 0.092379 0.157044 0.078522
11 0.479985 0.161663 0.145497 0.050808
13 0.352964 0.497691 0.053118 0.062356
13 0.649731 0.505774 0.060046 0.046189
15 0.428022 0.713626 0.078522 0.129330
15 0.596613 0.726328 0.083141 0.163972
17 0.494996 0.351039 0.295612 0.249423