0 0.347575 0.500000 0.584296 0.972286
1 0.258661 0.128176 0.180139 0.214781
2 0.342956 0.490762 0.510393 0.496536
3 0.498845 0.326790 0.161663 0.163972
4 0.549654 0.495381 0.106236 0.159353
3 0.121247 0.414550 0.103926 0.228637
4 0.122402 0.608545 0.110855 0.103926
5 0.195150 0.732102 0.163972 0.129330
13 0.183603 0.728637 0.099307 0.085450
5 0.543880 0.648961 0.122402 0.143187
13 0.553118 0.650115 0.076212 0.094688
6 0.483834 0.854503 0.122402 0.244804
6 0.314088 0.867206 0.170901 0.219400
17 0.322171 0.491917 0.441109 0.443418
9 0.266744 0.079677 0.159353 0.099307
12 0.285219 0.140878 0.117783 0.055427