0 0.491724 0.530172 0.562069 0.836207
1 0.391724 0.202586 0.224138 0.170690
9 0.386552 0.165517 0.206897 0.089655
11 0.428793 0.215517 0.108621 0.044828
2 0.456379 0.437069 0.318966 0.315517
17 0.458103 0.430172 0.263793 0.281034
3 0.285690 0.428448 0.115517 0.136207
3 0.593448 0.338793 0.086207 0.108621
4 0.628793 0.452586 0.098276 0.118966
4 0.330517 0.562069 0.139655 0.131034
5 0.403793 0.645690 0.117241 0.091379
5 0.651207 0.553448 0.091379 0.093103
13 0.403793 0.645690 0.106897 0.077586
13 0.646897 0.550862 0.072414 0.067241
6 0.449483 0.672414 0.118966 0.131034
6 0.565862 0.607759 0.137931 0.139655
7 0.459828 0.800862 0.112069 0.125862
7 0.586552 0.737931 0.131034 0.106897
8 0.522759 0.896552 0.127586 0.075862
8 0.652931 0.820690 0.184483 0.062069
15 0.509828 0.858621 0.167241 0.144828
15 0.640862 0.785345 0.198276 0.139655