0 0.667436 0.473826 0.614319 0.935335
1 0.543880 0.085835 0.311778 0.154734
2 0.636259 0.280985 0.528868 0.397229
3 0.792148 0.173595 0.115473 0.177829
4 0.864896 0.315627 0.090069 0.115473
5 0.899538 0.432256 0.099307 0.108545
13 0.901848 0.429946 0.080831 0.103926
3 0.421478 0.326020 0.113164 0.210162
4 0.436490 0.476135 0.101617 0.076212
5 0.484988 0.590454 0.124711 0.138568
13 0.493072 0.596228 0.071594 0.080831
6 0.797921 0.548884 0.131640 0.138568
6 0.621247 0.603156 0.138568 0.163972
7 0.832564 0.690916 0.108545 0.127021
7 0.653580 0.750962 0.120092 0.103926
8 0.883372 0.822556 0.196305 0.113164
8 0.676674 0.871055 0.101617 0.131640
15 0.688222 0.873364 0.087760 0.103926
15 0.901848 0.822556 0.154734 0.076212
12 0.525404 0.034642 0.196305 0.055427
17 0.591224 0.308314 0.406467 0.427252