0 0.583621 0.568898 0.686673 0.862204
10 0.683965 0.183071 0.171176 0.043307
12 0.687900 0.221129 0.096410 0.032808
1 0.661339 0.226378 0.177079 0.145669
18 0.604280 0.405512 0.204624 0.246719
2 0.608215 0.403543 0.240040 0.271654
14 0.719381 0.353675 0.080669 0.053806
14 0.391785 0.303806 0.094442 0.077428
5 0.389818 0.302493 0.145598 0.090551
5 0.719381 0.354331 0.127890 0.068241
4 0.409493 0.402231 0.074767 0.111549
4 0.749878 0.448163 0.094442 0.103675
3 0.468519 0.362861 0.110182 0.143045
6 0.524594 0.630577 0.147566 0.195538
6 0.652485 0.614829 0.116085 0.140420
7 0.621004 0.890420 0.104280 0.192913
6 0.618053 0.761155 0.106247 0.044619
6 0.524594 0.757218 0.096410 0.028871
7 0.520659 0.891076 0.131825 0.204724