9 0.535871 0.135608 0.173520 0.064159
11 0.541703 0.186279 0.139983 0.028434
5 0.538787 0.173155 0.173520 0.150919
3 0.717410 0.333552 0.064159 0.137795
3 0.381307 0.354331 0.081656 0.154564
4 0.728346 0.459318 0.074366 0.110819
4 0.398804 0.484471 0.069991 0.104258
17 0.561753 0.386775 0.271945 0.255906
2 0.558836 0.385681 0.295276 0.268300
6 0.644138 0.590187 0.113007 0.142170
6 0.509988 0.599665 0.142170 0.148002
13 0.434164 0.573053 0.091134 0.059784
5 0.437081 0.570866 0.105716 0.067075
13 0.731627 0.551181 0.066346 0.067075
5 0.733815 0.553004 0.073637 0.075095
7 0.649242 0.717775 0.091134 0.117381
7 0.492491 0.726159 0.085302 0.102071
15 0.496865 0.776830 0.083844 0.150919
15 0.671479 0.767717 0.141441 0.147273
8 0.671843 0.802712 0.142170 0.083115
8 0.500875 0.809274 0.088947 0.084573
0 0.543161 0.457130 0.475357 0.781569