0 0.596998 0.487298 0.482679 0.933025
1 0.555427 0.121247 0.265589 0.191686
2 0.613164 0.378753 0.348730 0.346420
3 0.745958 0.269053 0.138568 0.173210
3 0.494226 0.319861 0.087760 0.150115
4 0.775982 0.412240 0.087760 0.099307
4 0.456120 0.441109 0.117783 0.073903
5 0.749423 0.525404 0.108545 0.131640
5 0.408776 0.540416 0.092379 0.110855
13 0.411085 0.546189 0.064665 0.080831
13 0.747113 0.534642 0.085450 0.103926
6 0.659353 0.596998 0.066975 0.094688
6 0.600462 0.587760 0.032333 0.062356
7 0.711316 0.668591 0.087760 0.103926
8 0.737875 0.831409 0.173210 0.217090
8 0.622402 0.762125 0.163972 0.198614
15 0.741339 0.817552 0.157044 0.175520
15 0.623557 0.767898 0.143187 0.163972
9 0.554273 0.084296 0.212471 0.108545
11 0.516166 0.152425 0.117783 0.050808
17 0.602771 0.374134 0.277136 0.355658