0 0.401463 0.349115 0.293303 0.459584
1 0.439107 0.172286 0.116397 0.091455
2 0.424326 0.297828 0.149654 0.152238
3 0.488992 0.279446 0.066513 0.096998
4 0.490839 0.355341 0.025866 0.040012
3 0.355042 0.253580 0.033256 0.058199
4 0.340724 0.303464 0.037875 0.030485
5 0.487788 0.406490 0.053188 0.052488
5 0.319127 0.354002 0.048989 0.067884
13 0.319477 0.358901 0.038491 0.053888
13 0.480789 0.407190 0.029393 0.048289
9 0.438099 0.151748 0.088180 0.046889
11 0.427252 0.182891 0.065085 0.026594
6 0.431101 0.419087 0.046189 0.079082
6 0.360767 0.393543 0.070684 0.067185
7 0.440549 0.484872 0.065085 0.038491
7 0.350269 0.450230 0.063685 0.040591
8 0.428651 0.541209 0.132270 0.068584
8 0.311778 0.506917 0.093079 0.072783
15 0.311778 0.513565 0.088880 0.059486
15 0.426902 0.545058 0.116173 0.053888
17 0.432151 0.292416 0.142067 0.143467