0 0.583141 0.554657 0.427252 0.709007
1 0.637413 0.326020 0.226328 0.233256
2 0.581986 0.681678 0.411085 0.454965
3 0.732102 0.592764 0.101617 0.152425
4 0.674365 0.733641 0.143187 0.101617
5 0.515012 0.671286 0.129330 0.152425
9 0.639723 0.285604 0.212471 0.138568
11 0.602771 0.372209 0.120092 0.053118
14 0.502309 0.668976 0.094688 0.133949
17 0.586605 0.672440 0.392610 0.404157
0 0.339492 0.516551 0.300231 0.535797
1 0.406467 0.336413 0.161663 0.157044
2 0.346420 0.581216 0.281755 0.314088
3 0.465358 0.518861 0.053118 0.152425
5 0.274827 0.545420 0.073903 0.066975
9 0.404157 0.311008 0.129330 0.101617
11 0.385681 0.342186 0.092379 0.039261
14 0.277136 0.541955 0.064665 0.050808
17 0.342956 0.604311 0.270208 0.332564
0 0.205543 0.541955 0.277136 0.443418
1 0.287529 0.405697 0.117783 0.147806
9 0.284065 0.372209 0.110855 0.071594
12 0.258661 0.418399 0.055427 0.034642
5 0.159097 0.518347 0.067744 0.095458
17 0.206826 0.589171 0.234026 0.243264
14 0.159867 0.512189 0.056967 0.070824
0 0.128304 0.512189 0.237105 0.480370
1 0.188350 0.349756 0.110855 0.118553
6 0.028997 0.672312 0.023095 0.141647
6 0.069797 0.676161 0.040031 0.106236
5 0.079805 0.455992 0.096998 0.081601
14 0.072877 0.455992 0.046189 0.069284
9 0.189120 0.329741 0.093918 0.063125
11 0.169104 0.362073 0.053888 0.032333
17 0.136002 0.508340 0.203233 0.198614
0 0.956120 0.578394 0.086220 0.147806
1 0.961509 0.562997 0.066205 0.104696
9 0.960739 0.536823 0.061586 0.046189
12 0.963818 0.567616 0.033872 0.027714
0 0.750577 0.448294 0.112394 0.140108
1 0.749038 0.427508 0.096998 0.086220
10 0.748268 0.460611 0.126251 0.214011