9 0.448953 0.336435 0.055923 0.066810
9 0.289907 0.327189 0.044739 0.045932
9 0.183429 0.323312 0.022369 0.025054
12 0.450072 0.374314 0.035791 0.014913
12 0.288788 0.357313 0.023712 0.014316
12 0.182534 0.339716 0.015211 0.006562
1 0.183429 0.329874 0.030422 0.047721
1 0.445150 0.356120 0.059055 0.113338
1 0.285209 0.343892 0.043397 0.090074
3 0.486981 0.425913 0.036238 0.096636
3 0.395714 0.424720 0.036238 0.119303
3 0.318540 0.386841 0.028633 0.067406
3 0.244945 0.400859 0.027291 0.073968
3 0.162178 0.349857 0.011185 0.043546
3 0.200429 0.352541 0.012527 0.028633
4 0.405109 0.515390 0.040712 0.065617
4 0.497047 0.504355 0.027738 0.056669
4 0.321671 0.439931 0.014316 0.035194
4 0.242708 0.457528 0.025501 0.042949
4 0.206022 0.375805 0.014764 0.025054
4 0.155467 0.383262 0.010290 0.017299
18 0.437768 0.431281 0.067555 0.124075
18 0.276709 0.403543 0.045186 0.076951
18 0.177389 0.363577 0.026396 0.041160
2 0.180968 0.365665 0.029975 0.057266
2 0.442019 0.433667 0.067108 0.149129
2 0.278946 0.405929 0.052344 0.093653
15 0.402201 0.656466 0.031317 0.063827
7 0.401083 0.584586 0.022817 0.069196
8 0.404662 0.654677 0.044291 0.068599
0 0.448108 0.499781 0.156934 0.454214
0 0.276684 0.423593 0.115923 0.275591
0 0.180720 0.407553 0.081474 0.253718