9 0.515748 0.091207 0.238845 0.093176
11 0.542651 0.152887 0.177165 0.032808
1 0.517717 0.123360 0.248031 0.217848
17 0.517060 0.392388 0.312336 0.309711
2 0.504593 0.394357 0.366142 0.318898
3 0.403543 0.342520 0.153543 0.162730
4 0.470472 0.501312 0.148294 0.144357
13 0.516404 0.607612 0.114173 0.055118
5 0.520341 0.606299 0.143045 0.083990
13 0.676509 0.540026 0.032808 0.059055
5 0.677165 0.543307 0.047244 0.076115
6 0.483596 0.615486 0.132546 0.136483
6 0.601706 0.607612 0.093176 0.115486
7 0.576772 0.728346 0.093176 0.115486
7 0.469816 0.760499 0.136483 0.158793
15 0.519685 0.844488 0.225722 0.153543
15 0.634514 0.780184 0.203412 0.127297
8 0.534777 0.883202 0.234908 0.102362
8 0.647638 0.810367 0.227034 0.093176
0 0.530840 0.473097 0.465879 0.940945