9 0.478312 0.077013 0.185799 0.079431
11 0.495925 0.132960 0.165769 0.024175
1 0.487291 0.120182 0.202376 0.182346
17 0.504559 0.349841 0.265921 0.279735
2 0.500760 0.351223 0.298384 0.290786
3 0.662039 0.291822 0.061473 0.147120
3 0.323456 0.320141 0.111479 0.167841
4 0.678270 0.422710 0.073215 0.110513
4 0.356403 0.464153 0.098080 0.113275
13 0.405097 0.558779 0.104296 0.070452
13 0.685868 0.517682 0.059400 0.073905
5 0.687595 0.518027 0.073905 0.075977
5 0.410278 0.561542 0.107750 0.078740
6 0.592278 0.567413 0.129161 0.152645
6 0.455519 0.573284 0.131924 0.156099
7 0.583644 0.694157 0.109131 0.102224
7 0.436179 0.707280 0.100152 0.116038
15 0.454483 0.769443 0.135378 0.165769
15 0.619215 0.740088 0.178892 0.142976
8 0.627504 0.766335 0.177511 0.084956
8 0.456555 0.804324 0.116038 0.090482
0 0.509186 0.440945 0.540682 0.853018