1 0.631234 0.231627 0.186986 0.284777
1 0.474268 0.384514 0.159539 0.270341
14 0.795061 0.284121 0.101213 0.108924
14 0.412940 0.564961 0.074623 0.087927
3 0.726013 0.561024 0.242739 0.284777
3 0.452396 0.727034 0.115794 0.375328
4 0.832802 0.518373 0.101213 0.359580
4 0.389352 0.716535 0.051464 0.215223
18 0.656537 0.690945 0.201568 0.604987
18 0.484132 0.761811 0.143242 0.471129
2 0.486276 0.761811 0.168116 0.476378
2 0.665114 0.688976 0.199852 0.622047
0 0.466977 0.604987 0.249601 0.790026
0 0.703712 0.526903 0.376546 0.946194