0 0.523095 0.433410 0.441109 0.785219
1 0.524249 0.130870 0.193995 0.161663
2 0.521940 0.338722 0.281755 0.244804
3 0.682448 0.299461 0.085450 0.170901
4 0.688222 0.432256 0.069284 0.085450
3 0.361432 0.292533 0.090069 0.152425
4 0.367206 0.411470 0.073903 0.080831
5 0.660508 0.507313 0.096998 0.083141
5 0.381062 0.498075 0.092379 0.092379
6 0.598152 0.536182 0.106236 0.131640
6 0.450346 0.532717 0.092379 0.138568
8 0.617783 0.715166 0.131640 0.166282
8 0.445727 0.704773 0.129330 0.150115
9 0.525291 0.091699 0.171172 0.074718
11 0.508310 0.147398 0.120907 0.025812
13 0.376534 0.494498 0.058416 0.073360
13 0.663180 0.504008 0.077435 0.057057
15 0.608839 0.712313 0.093737 0.141285
15 0.434950 0.698728 0.104605 0.119549
17 0.521940 0.330254 0.272517 0.235566