12 0.417760 0.193570 0.153981 0.043307
10 0.419510 0.128609 0.216973 0.086614
8 0.833333 0.842520 0.176728 0.133858
8 0.596238 0.814304 0.213473 0.140420
15 0.600612 0.820210 0.166229 0.099738
15 0.827209 0.841864 0.129484 0.098425
1 0.419510 0.182415 0.262467 0.217848
18 0.602362 0.435039 0.442695 0.360892
18 0.588364 0.441601 0.495188 0.405512
3 0.668854 0.353675 0.152231 0.190289
3 0.359143 0.401575 0.155731 0.102362
4 0.688976 0.538714 0.153981 0.156168
4 0.316273 0.501312 0.150481 0.091864
7 0.786964 0.624016 0.188976 0.127297
7 0.614611 0.622047 0.162730 0.099738
6 0.818460 0.745407 0.115486 0.139108
6 0.612861 0.724409 0.099738 0.131234
0 0.569991 0.492126 0.801400 0.918635