0 0.523480 0.418665 0.088826 0.163439
1 0.508675 0.362409 0.033162 0.048558
2 0.521407 0.414520 0.049150 0.055664
6 0.532658 0.469592 0.020726 0.052111
6 0.502754 0.465447 0.018949 0.046189
5 0.495648 0.431101 0.018949 0.021318
11 0.506307 0.374845 0.021318 0.005922
13 0.495648 0.431101 0.016581 0.016581
9 0.508083 0.356487 0.027240 0.021318
17 0.520815 0.416297 0.044413 0.045005
0 0.432285 0.444721 0.074614 0.086457
1 0.430509 0.424587 0.033162 0.043821
2 0.431693 0.467223 0.063955 0.042636
9 0.429917 0.421034 0.029609 0.033162
3 0.453603 0.466039 0.015396 0.040268
3 0.403861 0.460709 0.010659 0.026056
17 0.432877 0.465447 0.040268 0.034346