0 0.699138 0.516379 0.567241 0.967241
1 0.710345 0.157759 0.196552 0.239655
9 0.701724 0.090517 0.158621 0.098276
12 0.692241 0.156034 0.112069 0.046552
2 0.670690 0.476724 0.303448 0.456897
17 0.667241 0.475862 0.282759 0.427586
3 0.482759 0.393966 0.100000 0.150000
3 0.895690 0.379310 0.115517 0.179310
4 0.894828 0.534483 0.103448 0.120690
4 0.472414 0.518103 0.079310 0.098276
5 0.514655 0.630172 0.077586 0.125862
14 0.521552 0.634483 0.091379 0.124138
6 0.577586 0.789655 0.131034 0.182759
6 0.728448 0.796552 0.129310 0.186207
7 0.561207 0.941379 0.108621 0.106897
7 0.710345 0.949138 0.100000 0.101724