0 0.382185 0.369844 0.154927 0.395193
1 0.380742 0.224211 0.076982 0.080831
2 0.384591 0.314665 0.096228 0.115473
3 0.332628 0.285316 0.034642 0.052925
3 0.417789 0.274249 0.029831 0.026944
4 0.357647 0.321401 0.051963 0.021170
4 0.435659 0.305498 0.012763 0.035250
5 0.406791 0.309449 0.037681 0.029780
6 0.370933 0.418844 0.038896 0.084478
6 0.412868 0.418237 0.035250 0.084478
7 0.377011 0.487825 0.029172 0.044974
7 0.418338 0.486913 0.029172 0.041935
8 0.383696 0.536445 0.032819 0.044974
8 0.431405 0.538268 0.050444 0.046189
9 0.383392 0.210081 0.057737 0.044974
12 0.392314 0.237954 0.034938 0.012436
14 0.408598 0.308127 0.039083 0.026056
15 0.385898 0.542725 0.026056 0.027832
15 0.432088 0.537692 0.047374 0.031977
18 0.381161 0.309311 0.087641 0.104222
0 0.453801 0.467322 0.047374 0.115473
1 0.451432 0.428239 0.033162 0.032569
18 0.449063 0.482126 0.036715 0.068100
3 0.467421 0.466434 0.013028 0.030793
4 0.471270 0.496931 0.012436 0.024279
9 0.448767 0.419948 0.024279 0.019542
12 0.448471 0.432384 0.015396 0.005330
0 0.507392 0.504333 0.066915 0.201338
1 0.506504 0.425574 0.041452 0.042636
2 0.506800 0.481238 0.046782 0.065139
3 0.489035 0.467322 0.019542 0.033754
4 0.483409 0.498707 0.014212 0.020726
5 0.483409 0.522098 0.016581 0.018949
3 0.529599 0.464953 0.016581 0.032569
6 0.518940 0.534830 0.016581 0.033754
6 0.494957 0.535126 0.017173 0.035530
7 0.515387 0.565622 0.014212 0.020726
7 0.491108 0.563846 0.015396 0.017173
8 0.489923 0.587829 0.024871 0.020134
9 0.508281 0.422712 0.033162 0.030201
18 0.510057 0.481929 0.050927 0.060994
15 0.488147 0.587335 0.018949 0.017173
0 0.629229 0.588712 0.170171 0.573721
1 0.617682 0.356550 0.108180 0.099672
2 0.636522 0.544346 0.145861 0.266197
3 0.581216 0.505450 0.049836 0.139784
4 0.589725 0.617276 0.057129 0.064422
5 0.587902 0.684737 0.060775 0.060775
6 0.609781 0.750375 0.043758 0.131275
6 0.680280 0.749767 0.058344 0.127629
7 0.607350 0.848831 0.048620 0.048620
7 0.686966 0.847616 0.047405 0.046189
9 0.617682 0.338925 0.088732 0.059560
12 0.583040 0.375998 0.026741 0.017017
14 0.586078 0.681091 0.047405 0.043758
17 0.641384 0.544346 0.126413 0.254042