0 0.257241 0.545690 0.368966 0.898276
0 0.753793 0.540517 0.386207 0.918966
1 0.693448 0.203448 0.158621 0.241379
1 0.280517 0.210345 0.218966 0.217241
9 0.269310 0.165517 0.179310 0.124138
9 0.690862 0.135345 0.129310 0.094828
11 0.670172 0.203448 0.070690 0.048276
11 0.318448 0.217241 0.056897 0.037931
2 0.238276 0.523276 0.231034 0.429310
2 0.718448 0.489655 0.260345 0.413793
17 0.724483 0.493966 0.217241 0.384483
17 0.243448 0.519828 0.189655 0.391379
3 0.131379 0.482759 0.082759 0.220690
3 0.868448 0.375000 0.098276 0.150000
3 0.607241 0.483621 0.027586 0.118966
4 0.895172 0.485345 0.075862 0.060345
4 0.354655 0.750862 0.050000 0.067241
4 0.129655 0.691379 0.072414 0.182759
4 0.596897 0.639655 0.024138 0.179310
5 0.816724 0.535345 0.105172 0.101724
5 0.596034 0.793103 0.063793 0.120690
5 0.369310 0.843966 0.065517 0.115517
5 0.160690 0.853448 0.082759 0.127586
13 0.158965 0.858621 0.089655 0.131034
13 0.365862 0.840517 0.058621 0.125862
13 0.591724 0.782759 0.048276 0.137931
13 0.815000 0.525000 0.094828 0.122414
6 0.671034 0.849138 0.106897 0.301724
6 0.796034 0.849138 0.118966 0.301724
6 0.214138 0.872414 0.110345 0.255172
6 0.312414 0.875862 0.079310 0.248276