0 0.549654 0.506971 0.254042 0.819776
1 0.573176 0.197374 0.128475 0.159524
2 0.543880 0.412240 0.168591 0.274827
6 0.517321 0.628176 0.050808 0.152425
6 0.578522 0.628176 0.053118 0.143187
7 0.528868 0.765589 0.046189 0.103926
7 0.586605 0.759815 0.041570 0.092379
8 0.526559 0.856685 0.083141 0.082884
8 0.591224 0.849115 0.046189 0.072363
3 0.505089 0.303011 0.076982 0.060303
4 0.463391 0.247840 0.039774 0.060303
3 0.630827 0.257463 0.038491 0.074416
4 0.643658 0.194594 0.041057 0.041057
5 0.514071 0.218972 0.043623 0.079548
5 0.610299 0.172782 0.030793 0.074416
9 0.573732 0.198871 0.088530 0.143700
15 0.526901 0.858994 0.069284 0.070567
15 0.587204 0.846805 0.030793 0.053888