5 0.307189 0.341207 0.125619 0.104987
5 0.249492 0.309055 0.144608 0.090551
14 0.297695 0.335958 0.118316 0.086614
14 0.246571 0.311680 0.112473 0.077428
4 0.369999 0.437008 0.099327 0.160105
4 0.393370 0.315617 0.116855 0.069554
3 0.478820 0.416667 0.115394 0.166667
3 0.487584 0.331365 0.130001 0.045932
12 0.548203 0.231627 0.105169 0.038058
10 0.565001 0.170604 0.156294 0.083990
1 0.587641 0.216535 0.239553 0.207349
18 0.611743 0.463911 0.162136 0.263780
2 0.619776 0.467848 0.204496 0.292651
6 0.571574 0.772310 0.151911 0.279528
6 0.705957 0.765092 0.113934 0.288714
7 0.755620 0.961286 0.140226 0.077428
7 0.554776 0.955381 0.130001 0.081365
0 0.518259 0.541995 0.737647 0.916010