9 0.498688 0.080490 0.244969 0.087489
11 0.534558 0.138233 0.162730 0.034996
1 0.502625 0.122485 0.247594 0.201225
17 0.541995 0.373141 0.270341 0.284339
2 0.525372 0.377515 0.317585 0.294838
3 0.357830 0.341645 0.136483 0.172353
3 0.650481 0.302712 0.063867 0.139983
4 0.676290 0.430446 0.064742 0.113736
4 0.416448 0.494751 0.134733 0.133858
13 0.465442 0.596238 0.111986 0.070866
13 0.692476 0.528434 0.044619 0.078740
5 0.697288 0.528871 0.061242 0.086614
5 0.460630 0.597988 0.121610 0.076115
6 0.602800 0.589239 0.117235 0.133858
6 0.474628 0.605424 0.126859 0.155731
7 0.586614 0.718723 0.114611 0.114611
7 0.458443 0.746282 0.106737 0.138233
15 0.630796 0.768591 0.218723 0.139108
15 0.505687 0.826334 0.181977 0.160105
8 0.636483 0.798338 0.226597 0.104112
8 0.518810 0.853018 0.181977 0.104987
0 0.526247 0.463911 0.522310 0.919948