0 0.882217 0.632025 0.235566 0.489607
1 0.883372 0.495766 0.154734 0.170901
2 0.889145 0.722094 0.217090 0.281755
9 0.870670 0.458814 0.110855 0.069284
12 0.856813 0.507313 0.060046 0.032333
17 0.892610 0.724403 0.210162 0.267898
0 0.667436 0.621632 0.286374 0.542725
1 0.654734 0.428791 0.136259 0.133949
2 0.642032 0.622787 0.198614 0.244804
3 0.773672 0.575443 0.083141 0.140878
4 0.770336 0.681550 0.061586 0.058507
5 0.592507 0.677701 0.056967 0.081601
3 0.555556 0.549910 0.047729 0.084681
6 0.691044 0.815242 0.087760 0.124711
6 0.572492 0.813703 0.075443 0.118553
9 0.654093 0.400308 0.096998 0.070824
12 0.644085 0.449577 0.080062 0.033872
5 0.690275 0.690531 0.086220 0.063125
14 0.594817 0.673595 0.049269 0.063125
14 0.687965 0.688992 0.078522 0.053888
17 0.664101 0.616628 0.230947 0.229407
0 0.430074 0.609700 0.270978 0.492687
1 0.472415 0.447267 0.133949 0.146266
2 0.411599 0.643572 0.237105 0.255581
4 0.360790 0.625866 0.089299 0.053888
5 0.467026 0.628945 0.113934 0.069284
6 0.331537 0.809084 0.089299 0.066205
6 0.442392 0.809854 0.083141 0.067744
9 0.473954 0.424172 0.106236 0.078522
12 0.480883 0.474981 0.086220 0.026174
14 0.460867 0.624326 0.089299 0.056967
17 0.416987 0.641263 0.198614 0.244804
0 0.188350 0.561201 0.326405 0.555812
1 0.266102 0.361047 0.146266 0.152425
2 0.156017 0.556582 0.200154 0.337182
3 0.072877 0.455735 0.076982 0.129330
4 0.082114 0.553503 0.120092 0.063125
5 0.218373 0.555042 0.118553 0.075443
6 0.079805 0.769823 0.093918 0.104696
6 0.181422 0.775212 0.069284 0.093918
9 0.274570 0.326405 0.117013 0.073903
12 0.283808 0.379523 0.055427 0.035412
14 0.211445 0.559661 0.076982 0.038491
17 0.182191 0.545804 0.227868 0.312548