0 0.376207 0.633621 0.286207 0.701724
0 0.652931 0.571552 0.236207 0.770690
1 0.383103 0.355172 0.089655 0.127586
1 0.590000 0.268966 0.075862 0.124138
9 0.377069 0.326724 0.074138 0.070690
9 0.589138 0.235345 0.063793 0.060345
12 0.385575 0.360057 0.029310 0.024713
12 0.589885 0.265805 0.029885 0.024713
2 0.399310 0.526724 0.139310 0.222414
2 0.624138 0.445690 0.148276 0.267241
17 0.403448 0.528448 0.120690 0.212069
17 0.618966 0.448276 0.127586 0.262069
3 0.318966 0.497414 0.055172 0.070690
3 0.574138 0.406897 0.041379 0.096552
4 0.302931 0.577586 0.053448 0.093103
4 0.490000 0.420690 0.037931 0.044828
4 0.613276 0.400862 0.025862 0.084483
4 0.710690 0.387931 0.037931 0.058621
5 0.285690 0.663793 0.050000 0.072414
5 0.451207 0.412069 0.032759 0.058621
5 0.647759 0.316379 0.043103 0.087931
5 0.692586 0.329310 0.022414 0.037931
13 0.283621 0.661207 0.043103 0.070690
13 0.443103 0.417241 0.051724 0.044828
13 0.647414 0.316379 0.050000 0.098276
13 0.687069 0.331897 0.022414 0.036207
6 0.377586 0.712069 0.062069 0.137931
6 0.438793 0.707759 0.056897 0.132759
6 0.610345 0.662931 0.044828 0.160345
6 0.662069 0.662931 0.048276 0.156897
7 0.372414 0.850862 0.044828 0.143103
7 0.443966 0.818103 0.043103 0.084483
7 0.617241 0.818103 0.048276 0.146552
7 0.663793 0.812931 0.044828 0.122414
8 0.373276 0.954310 0.050000 0.036207
8 0.447414 0.889655 0.029310 0.062069
8 0.617241 0.931034 0.044828 0.048276
8 0.670690 0.906034 0.027586 0.056897
15 0.365517 0.946552 0.055172 0.072414
15 0.443966 0.885345 0.036207 0.074138
15 0.616379 0.918103 0.050000 0.070690
15 0.665517 0.901724 0.037931 0.065517