9 0.505906 0.098425 0.200787 0.073491
11 0.474513 0.151955 0.133996 0.026247
1 0.504213 0.132270 0.229313 0.162315
17 0.559470 0.346388 0.230695 0.260395
2 0.564995 0.350186 0.248653 0.270756
13 0.581227 0.527352 0.098771 0.065617
13 0.450684 0.488672 0.036607 0.043514
5 0.582608 0.524589 0.104296 0.079431
5 0.454483 0.489709 0.045586 0.045586
3 0.604020 0.298038 0.130543 0.148501
4 0.607819 0.433762 0.091173 0.107750
15 0.616453 0.678616 0.180274 0.118110
15 0.435488 0.744233 0.181655 0.144357
8 0.429963 0.782221 0.194088 0.060091
8 0.617143 0.711079 0.195469 0.065617
7 0.489709 0.683451 0.122945 0.137450
7 0.652714 0.655823 0.153336 0.096008
6 0.506285 0.558779 0.104987 0.135378
6 0.621287 0.561887 0.122254 0.118110
6 0.531496 0.433071 0.425197 0.811024