0 0.640517 0.497414 0.677586 0.994828
0 0.437931 0.250862 0.089655 0.143103
1 0.563793 0.118966 0.227586 0.234483
9 0.551724 0.048276 0.213793 0.093103
12 0.556897 0.111207 0.144828 0.070690
12 0.431897 0.217241 0.063793 0.017241
2 0.696552 0.421552 0.424138 0.570690
17 0.691379 0.424138 0.358621 0.551724
4 0.393103 0.412931 0.148276 0.236207
4 0.877586 0.285345 0.113793 0.150000
5 0.772414 0.170690 0.141379 0.100000
5 0.495690 0.248276 0.118966 0.110345
14 0.771552 0.169828 0.143103 0.115517
14 0.496552 0.251724 0.100000 0.110345
6 0.703448 0.797414 0.217241 0.187931
6 0.885345 0.737069 0.150000 0.208621
7 0.900000 0.900862 0.137931 0.115517
7 0.730172 0.934483 0.146552 0.117241