0 0.352581 0.593832 0.461067 0.809711
0 0.643045 0.654856 0.144357 0.690288
0 0.806430 0.553150 0.387139 0.893700
12 0.354331 0.293963 0.081365 0.047244
10 0.351706 0.238189 0.079615 0.066929
1 0.354331 0.288058 0.104112 0.192913
18 0.355206 0.551181 0.175853 0.322835
1 0.846457 0.268373 0.157480 0.258530
18 0.823272 0.624672 0.217848 0.464567
18 0.622485 0.570210 0.047244 0.224409
2 0.359143 0.551837 0.192476 0.350394
2 0.821960 0.623360 0.248469 0.490814
2 0.625109 0.572178 0.059493 0.244094
12 0.694226 0.414698 0.041995 0.028871
10 0.680665 0.368766 0.067367 0.049869
10 0.845582 0.199475 0.145232 0.091864
3 0.203412 0.433727 0.127734 0.087927
3 0.514436 0.425853 0.116360 0.098425
4 0.526247 0.337927 0.087489 0.087927
4 0.173228 0.333333 0.069116 0.120735
14 0.232283 0.267717 0.068241 0.062992
14 0.469379 0.263123 0.059493 0.077428
5 0.469816 0.263123 0.079615 0.095801
5 0.230534 0.269685 0.082240 0.082677
3 0.679790 0.575459 0.067367 0.279528
3 0.962598 0.589895 0.074803 0.311024
3 0.647419 0.570866 0.049869 0.181102
14 0.666667 0.797244 0.028871 0.077428
5 0.665792 0.797900 0.046369 0.086614
6 0.417323 0.866798 0.114611 0.242782
6 0.323272 0.873360 0.071741 0.253280