0 0.367975 0.577367 0.180139 0.411085
1 0.358737 0.427252 0.078522 0.092379
2 0.366646 0.572139 0.118133 0.190314
3 0.309084 0.528868 0.039261 0.069284
4 0.332028 0.588597 0.048198 0.027078
5 0.382736 0.592094 0.049202 0.036148
9 0.357633 0.407839 0.063259 0.043177
12 0.372664 0.434250 0.046189 0.020995
6 0.342221 0.725558 0.067185 0.110225
6 0.393659 0.728183 0.033592 0.113374
13 0.384459 0.592198 0.035321 0.022415
5 0.420799 0.600688 0.033284 0.023095
13 0.419780 0.598990 0.023095 0.015623
18 0.359969 0.545804 0.094226 0.135797
0 0.668142 0.505624 0.159738 0.280344
2 0.659482 0.526473 0.101360 0.147549
3 0.720105 0.519737 0.023736 0.108417
4 0.732615 0.609229 0.029510 0.066718
1 0.668463 0.411321 0.068001 0.078907
3 0.604953 0.487341 0.030793 0.061586
4 0.607519 0.535775 0.030793 0.034001
5 0.648255 0.537700 0.040416 0.032717
14 0.650500 0.533851 0.035925 0.023736
10 0.664614 0.392396 0.055171 0.038491
12 0.657557 0.420302 0.041057 0.013472
17 0.672312 0.522945 0.111624 0.137927