0 0.528621 0.593966 0.942758 0.812068
1 0.453793 0.344828 0.327586 0.289655
9 0.443448 0.285345 0.306897 0.163793
12 0.492586 0.365517 0.153448 0.055172
2 0.340862 0.738793 0.391379 0.522414
17 0.352069 0.740517 0.341379 0.494828
3 0.571897 0.500862 0.150000 0.115517
3 0.194310 0.638793 0.187931 0.198276
4 0.252069 0.782759 0.365517 0.089655
4 0.783965 0.448276 0.246552 0.165517
5 0.556379 0.780172 0.194828 0.081034
5 0.940690 0.394828 0.118620 0.072414
14 0.551207 0.778448 0.181034 0.067241
14 0.942586 0.391379 0.112069 0.055172