9 0.461505 0.157116 0.199767 0.063430
11 0.415938 0.201589 0.092593 0.024059
1 0.469525 0.191382 0.195392 0.140712
17 0.466608 0.397711 0.228930 0.242782
2 0.471347 0.397346 0.258822 0.271216
3 0.519466 0.356153 0.118839 0.136337
4 0.487022 0.483377 0.121027 0.121027
13 0.440362 0.561024 0.088947 0.054681
5 0.439997 0.565398 0.107174 0.060513
6 0.480096 0.584354 0.127588 0.110090
7 0.496500 0.708661 0.109361 0.126859
15 0.465150 0.766623 0.191018 0.131963
15 0.391878 0.709390 0.107174 0.115194
8 0.453485 0.796515 0.201225 0.072178
8 0.413386 0.738189 0.163313 0.059055
0 0.442913 0.460630 0.387139 0.774278