0 0.528483 0.292148 0.344111 0.496536
1 0.525262 0.101617 0.162149 0.096998
2 0.530536 0.250994 0.267513 0.191493
3 0.438639 0.194220 0.052925 0.083718
3 0.635425 0.221164 0.053888 0.099115
4 0.416025 0.265429 0.042340 0.051001
4 0.632538 0.302476 0.036567 0.059661
5 0.397370 0.319274 0.046797 0.052267
5 0.626798 0.367590 0.054698 0.066245
6 0.560249 0.381873 0.069892 0.064422
6 0.472732 0.383696 0.080831 0.064422
7 0.552652 0.443256 0.054698 0.049836
7 0.459969 0.437178 0.055306 0.038896
8 0.533204 0.498866 0.054698 0.057737
8 0.439913 0.495219 0.085693 0.067461
17 0.533204 0.245128 0.192051 0.175033
9 0.542523 0.078097 0.123982 0.048013
11 0.510615 0.108180 0.068676 0.032819
13 0.625886 0.366375 0.046797 0.054090
13 0.394332 0.318058 0.035858 0.044974
15 0.439913 0.494915 0.079616 0.055913
15 0.532292 0.496738 0.046797 0.049836