0 0.693448 0.623276 0.220690 0.753448
0 0.155517 0.822414 0.103448 0.337931
14 0.641724 0.833621 0.058621 0.087931
1 0.688276 0.352586 0.127586 0.177586
1 0.165862 0.693966 0.041379 0.053448
9 0.686552 0.331034 0.100000 0.124138
9 0.167586 0.686207 0.031034 0.027586
2 0.700345 0.602586 0.137931 0.339655
2 0.161552 0.774138 0.053448 0.110345
17 0.163276 0.772414 0.046552 0.096552
17 0.703793 0.606897 0.117241 0.334483
3 0.670172 0.556034 0.056897 0.212069
3 0.171034 0.761207 0.024138 0.063793
4 0.670172 0.729310 0.050000 0.131034
5 0.640000 0.834483 0.051724 0.068966
6 0.686552 0.892241 0.082759 0.215517
6 0.749483 0.896552 0.046552 0.206896
6 0.157241 0.869828 0.027586 0.081034
6 0.134828 0.874138 0.006897 0.079310
7 0.156379 0.941379 0.022414 0.055172
7 0.136614 0.939812 0.013919 0.045141
8 0.159639 0.977273 0.030564 0.014107
8 0.132994 0.972179 0.010188 0.013323
15 0.160815 0.975313 0.032915 0.016458
15 0.134561 0.970219 0.016458 0.021944