15 0.514655 0.546552 0.463793 0.906896
1 0.652586 0.231897 0.125862 0.270690
9 0.662931 0.162069 0.098276 0.131034
11 0.626724 0.292241 0.060345 0.036207
10 0.636207 0.237931 0.100000 0.075862
2 0.564655 0.510345 0.225862 0.344828
17 0.562931 0.507759 0.201724 0.305172
3 0.689655 0.412069 0.065517 0.093103
3 0.529310 0.368966 0.075862 0.100000
4 0.710345 0.368103 0.037931 0.174138
4 0.530172 0.275000 0.101724 0.150000
5 0.680172 0.215517 0.074138 0.089655
5 0.612931 0.175862 0.074138 0.075862
14 0.677586 0.214655 0.055172 0.081034
14 0.615517 0.174138 0.055172 0.072414
6 0.431034 0.730172 0.134483 0.191379
6 0.514655 0.770690 0.112069 0.151724
7 0.454310 0.904310 0.125862 0.160345
7 0.365517 0.905172 0.134483 0.165517