0 0.480370 0.543495 0.267898 0.913010
1 0.475751 0.185142 0.129330 0.187067
2 0.466513 0.423018 0.143187 0.284065
3 0.419169 0.359507 0.090069 0.138568
4 0.397229 0.483064 0.050808 0.094688
5 0.399538 0.597383 0.064665 0.124711
3 0.540416 0.326020 0.060046 0.127021
4 0.551963 0.412625 0.055427 0.032333
5 0.572748 0.485373 0.060046 0.099307
6 0.466513 0.670131 0.050808 0.173210
7 0.456120 0.823711 0.057737 0.110855
8 0.467667 0.936490 0.076212 0.103926
6 0.510347 0.647331 0.032604 0.145361
9 0.470271 0.154870 0.104605 0.116832
11 0.481139 0.226192 0.069284 0.025812
13 0.574197 0.484988 0.040755 0.076077
13 0.388081 0.586877 0.043472 0.089662
15 0.468233 0.939410 0.051623 0.082869
8 0.479781 0.844315 0.096454 0.052982
15 0.503555 0.845673 0.021736 0.033963
17 0.470271 0.419101 0.134493 0.278495