0 0.129330 0.561586 0.087760 0.630485
1 0.130485 0.346805 0.080831 0.168591
6 0.142032 0.790223 0.053118 0.182448
18 0.127021 0.568514 0.046189 0.233256
9 0.136259 0.311008 0.073903 0.096998
12 0.138568 0.377983 0.041570 0.027714
0 0.267898 0.548884 0.263279 0.655889
1 0.300231 0.330639 0.180139 0.205543
2 0.255196 0.628560 0.228637 0.464203
3 0.271363 0.548884 0.127021 0.212471
4 0.322812 0.716705 0.109828 0.109315
5 0.361560 0.828329 0.078522 0.083141
9 0.316910 0.286374 0.140108 0.126251
12 0.353862 0.354119 0.041570 0.046189
14 0.363100 0.833718 0.053888 0.063125
18 0.233770 0.638183 0.189376 0.451116
0 0.453169 0.605081 0.203233 0.538876
1 0.479343 0.401848 0.107775 0.123172
2 0.478940 0.563950 0.130870 0.223909
3 0.390227 0.503244 0.077349 0.111294
3 0.530665 0.505444 0.031819 0.076102
6 0.403900 0.740570 0.061586 0.123172
6 0.473954 0.729022 0.063125 0.103156
7 0.393636 0.831409 0.059533 0.064665
7 0.474724 0.805235 0.067744 0.043110
8 0.490890 0.857583 0.078522 0.036952
9 0.483339 0.375014 0.082481 0.068184
12 0.491037 0.422303 0.069284 0.019795
15 0.488838 0.857803 0.062686 0.032992
17 0.460794 0.568569 0.145167 0.230947
0 0.692456 0.581986 0.353349 0.581986
1 0.702848 0.370670 0.175520 0.154734
2 0.740295 0.607152 0.204223 0.333040
3 0.831024 0.545035 0.076212 0.161663
4 0.833333 0.682448 0.066975 0.108545
5 0.820631 0.795612 0.060046 0.127021
6 0.735181 0.823326 0.073903 0.090069
6 0.683218 0.817552 0.030023 0.069284
7 0.642802 0.586605 0.060046 0.078522
5 0.565820 0.605044 0.080282 0.042890
18 0.744529 0.591847 0.167162 0.295832
9 0.697240 0.351919 0.140768 0.109975
14 0.824260 0.803915 0.049489 0.092379
14 0.560871 0.602661 0.070384 0.039591
0 0.626978 0.628047 0.141134 0.493970
1 0.657771 0.420837 0.053888 0.074416
3 0.600676 0.470875 0.062869 0.071850
4 0.576940 0.538876 0.041057 0.059020
6 0.621846 0.680652 0.069284 0.127021
7 0.609657 0.786502 0.052605 0.076982
8 0.592336 0.854503 0.061586 0.035925
18 0.651997 0.524976 0.088530 0.165512
15 0.593553 0.855984 0.052111 0.030201