9 0.551872 0.259704 0.129852 0.106368
9 0.745269 0.282498 0.142285 0.087029
11 0.558433 0.313925 0.083575 0.032463
12 0.734563 0.338445 0.080812 0.023484
1 0.748031 0.317723 0.146429 0.168532
1 0.552217 0.291131 0.138831 0.184418
14 0.565686 0.478657 0.059400 0.051112
14 0.694502 0.553599 0.049040 0.047659
14 0.651333 0.560851 0.037298 0.052493
5 0.566377 0.479348 0.071833 0.067689
5 0.696919 0.552563 0.060782 0.062163
5 0.652369 0.561887 0.051803 0.062854
3 0.857163 0.466915 0.058019 0.150573
4 0.799834 0.552908 0.151955 0.066998
18 0.784639 0.535295 0.179583 0.280425
2 0.783257 0.540821 0.194778 0.288714
17 0.524589 0.511466 0.171985 0.294930
2 0.527006 0.513192 0.185108 0.301147
6 0.746305 0.751140 0.089101 0.133306
6 0.837478 0.748031 0.090482 0.114657
6 0.560851 0.732145 0.073215 0.135378
6 0.489018 0.731109 0.069070 0.148501
7 0.858544 0.845075 0.098080 0.064235
7 0.757356 0.848529 0.089101 0.055947
7 0.542202 0.842312 0.085647 0.076668
7 0.474858 0.843349 0.040751 0.064926
0 0.807087 0.537402 0.317585 0.704724
0 0.519029 0.536745 0.245407 0.724409