3 0.581365 0.506562 0.148731 0.178478
3 0.163167 0.545932 0.113736 0.207349
18 0.359143 0.638451 0.309711 0.434383
2 0.348644 0.648294 0.348206 0.477690
4 0.178040 0.765092 0.090989 0.199475
4 0.715223 0.637795 0.178478 0.107612
14 0.746719 0.764436 0.129484 0.148294
14 0.192913 0.915354 0.071741 0.077428
5 0.197288 0.921260 0.108486 0.089239
5 0.752843 0.765092 0.152231 0.160105
1 0.337270 0.297900 0.276465 0.241470
12 0.328521 0.320210 0.171479 0.049869
10 0.334646 0.241470 0.246719 0.083990
0 0.498250 0.571522 0.815398 0.856955
0 0.493001 0.314961 0.073491 0.157480