0 0.421897 0.438793 0.422414 0.801724
1 0.385690 0.133621 0.208621 0.167241
9 0.377931 0.090517 0.182759 0.077586
11 0.421897 0.125000 0.091379 0.036207
2 0.414138 0.354310 0.262069 0.312069
17 0.418448 0.362069 0.239655 0.268966
3 0.283965 0.314655 0.112069 0.132759
3 0.539138 0.271552 0.029310 0.091379
4 0.566724 0.377586 0.039655 0.103448
4 0.306379 0.444828 0.115517 0.120690
5 0.371034 0.553448 0.117241 0.086207
5 0.576207 0.465517 0.062069 0.079310
13 0.372759 0.556034 0.100000 0.077586
13 0.577069 0.466379 0.056897 0.067241
6 0.390862 0.573276 0.115517 0.122414
6 0.496034 0.561207 0.112069 0.115517
7 0.386552 0.695690 0.106897 0.122414
7 0.492586 0.662069 0.115517 0.082759
8 0.439138 0.796552 0.160345 0.068966
8 0.542586 0.730172 0.174138 0.050000
15 0.526207 0.690517 0.186207 0.125862
15 0.421034 0.756034 0.165517 0.146552