9 0.553497 0.095723 0.214606 0.078740
11 0.511811 0.153621 0.137409 0.021615
1 0.549251 0.127374 0.229273 0.166744
17 0.568550 0.356261 0.249344 0.264783
2 0.564690 0.353945 0.275591 0.278678
3 0.634553 0.298749 0.118882 0.129690
4 0.605990 0.439633 0.140497 0.133549
13 0.527250 0.541146 0.103443 0.072564
13 0.433457 0.486722 0.057897 0.067161
5 0.531496 0.542690 0.118110 0.083372
5 0.431527 0.485950 0.072564 0.073336
15 0.502161 0.749575 0.175235 0.131234
15 0.677011 0.683959 0.176007 0.128146
7 0.553883 0.698240 0.107303 0.132006
7 0.673537 0.635325 0.118110 0.112706
6 0.644589 0.559673 0.101899 0.109619
6 0.555041 0.566620 0.095723 0.125058
0 0.571522 0.429134 0.452756 0.818898