0 0.545035 0.418399 0.503464 0.806005
1 0.593533 0.120477 0.180139 0.187067
2 0.572748 0.327477 0.318707 0.286979
3 0.404157 0.256736 0.110855 0.145497
3 0.729792 0.306390 0.096998 0.152425
4 0.387991 0.371055 0.087760 0.069284
4 0.724018 0.421863 0.090069 0.069284
5 0.390960 0.463956 0.090729 0.094853
5 0.686242 0.506434 0.072583 0.090729
6 0.599225 0.529116 0.122897 0.104751
6 0.450346 0.528291 0.100627 0.104751
7 0.590564 0.615308 0.092379 0.067634
7 0.435087 0.599637 0.088255 0.032992
8 0.576542 0.721709 0.112174 0.138568
8 0.401683 0.687067 0.122072 0.135269
9 0.594688 0.080419 0.161663 0.099802
11 0.595513 0.130320 0.130320 0.049489
13 0.388073 0.460244 0.060211 0.070934
13 0.692841 0.511795 0.061036 0.061861
15 0.396734 0.694078 0.095678 0.099802
15 0.579017 0.731194 0.087430 0.106401
17 0.565820 0.322501 0.301881 0.287034