12 0.409449 0.141076 0.070866 0.024934
10 0.387303 0.085302 0.109252 0.076115
10 0.475394 0.119423 0.057087 0.055118
1 0.471949 0.136483 0.065945 0.128609
1 0.383858 0.127953 0.120079 0.174541
3 0.269193 0.327428 0.062008 0.185039
4 0.317913 0.391732 0.137795 0.074803
14 0.403543 0.391076 0.055118 0.070866
14 0.468996 0.459974 0.060039 0.043307
5 0.470472 0.459318 0.076772 0.060367
5 0.407480 0.389108 0.066929 0.082677
18 0.350886 0.419291 0.164370 0.413386
2 0.354331 0.421916 0.188976 0.455381
6 0.307579 0.729659 0.083661 0.212598
6 0.401083 0.738189 0.087598 0.229659
7 0.383366 0.921916 0.073819 0.148294
7 0.287894 0.872047 0.093504 0.106299
15 0.270669 0.944882 0.084646 0.110236
15 0.352854 0.974409 0.058071 0.051181
8 0.272146 0.940945 0.109252 0.118110
8 0.352854 0.970472 0.081693 0.059055
0 0.359252 0.506562 0.372047 0.986876