9 0.502487 0.068034 0.191325 0.089101
11 0.492126 0.128471 0.155408 0.024865
1 0.499378 0.108786 0.187871 0.162315
13 0.562578 0.294240 0.136069 0.069070
13 0.447576 0.277317 0.125708 0.068380
5 0.447230 0.275245 0.138831 0.084956
5 0.562578 0.295966 0.148501 0.071142
3 0.681724 0.257978 0.109131 0.138831
3 0.360202 0.262122 0.076668 0.119492
4 0.423746 0.340517 0.196850 0.049731
4 0.632684 0.344316 0.142285 0.060091
17 0.514574 0.321522 0.302528 0.268684
2 0.519409 0.323249 0.321868 0.288714
6 0.462080 0.521481 0.138141 0.102224
6 0.609200 0.533914 0.146429 0.120182
7 0.633375 0.668601 0.125708 0.132615
7 0.481420 0.635792 0.113275 0.118110
15 0.647189 0.742506 0.128471 0.167150
15 0.476931 0.694157 0.126399 0.145048
8 0.646498 0.778422 0.116038 0.092554
8 0.475204 0.729037 0.131234 0.076668
0 0.540026 0.431759 0.471129 0.837270