0 0.405517 0.531897 0.306897 0.505172
1 0.373621 0.330172 0.105172 0.081034
9 0.383965 0.312069 0.084483 0.031034
2 0.352069 0.426724 0.144828 0.156897
17 0.355517 0.429310 0.103448 0.131034
12 0.383103 0.333621 0.075862 0.012069
3 0.373621 0.391379 0.098276 0.048276
4 0.451207 0.412931 0.077586 0.053448
4 0.433965 0.458621 0.053448 0.048276
5 0.511552 0.462931 0.060345 0.025862
5 0.483103 0.468103 0.041379 0.039655
13 0.512414 0.462931 0.055172 0.025862
13 0.477069 0.470690 0.043103 0.037931
6 0.369310 0.562931 0.103448 0.105172
7 0.393448 0.650000 0.082759 0.072414
8 0.430517 0.726724 0.115517 0.060345
15 0.427931 0.720690 0.106897 0.072414