0 0.551963 0.438414 0.489607 0.679754
1 0.621247 0.190531 0.175520 0.136259
2 0.575058 0.377598 0.369515 0.237875
3 0.460739 0.274827 0.117783 0.106236
3 0.717090 0.356813 0.103926 0.145497
4 0.412240 0.367428 0.076212 0.054982
4 0.688992 0.461489 0.052267 0.048620
5 0.668328 0.538673 0.076577 0.081439
13 0.664681 0.533811 0.057129 0.059560
5 0.385722 0.447510 0.070500 0.083870
13 0.388153 0.448726 0.046189 0.064422
6 0.579596 0.542523 0.098456 0.087517
6 0.456829 0.524290 0.115473 0.051051
7 0.564402 0.613022 0.082655 0.053482
7 0.433127 0.579596 0.077793 0.044974
8 0.546777 0.704793 0.088732 0.115473
8 0.380252 0.659212 0.108180 0.097241
15 0.382683 0.662250 0.108180 0.088732
15 0.538268 0.704793 0.066853 0.098456
9 0.634901 0.165309 0.126413 0.075362
11 0.625785 0.198128 0.098456 0.048620
17 0.595397 0.354929 0.263766 0.245533