0 0.319828 0.630172 0.467241 0.481034
0 0.665517 0.651724 0.327586 0.448276
0 0.880172 0.528448 0.118966 0.239655
0 0.800000 0.483621 0.096552 0.181034
0 0.579310 0.568103 0.137931 0.325862
0 0.663793 0.429310 0.055172 0.096552
0 0.636207 0.399138 0.058621 0.074138
0 0.532759 0.401724 0.068966 0.072414
0 0.478448 0.398276 0.056897 0.048276
0 0.300000 0.510345 0.144828 0.203448
0 0.325000 0.390517 0.098276 0.129310
1 0.893103 0.462069 0.058621 0.082759
1 0.785345 0.428448 0.032759 0.043103
1 0.720690 0.503448 0.141379 0.144828
1 0.415517 0.566379 0.186207 0.208621
1 0.596504 0.463793 0.082663 0.093103
1 0.305172 0.450862 0.082759 0.098276
1 0.536590 0.407232 0.042146 0.055077
1 0.487979 0.398132 0.034004 0.035920
1 0.445594 0.388793 0.025862 0.035441
1 0.632136 0.388075 0.027299 0.033046
1 0.667529 0.409483 0.034483 0.033525
1 0.322701 0.365469 0.076628 0.059866
9 0.318391 0.354933 0.071839 0.042625
9 0.314799 0.426293 0.091475 0.061782
9 0.459052 0.481753 0.154885 0.127682
10 0.899282 0.441188 0.056034 0.040230
10 0.789607 0.409100 0.034962 0.021073
10 0.731897 0.473036 0.107280 0.090517
10 0.666044 0.403592 0.028257 0.022510
10 0.600000 0.437117 0.071839 0.046456
10 0.635201 0.381322 0.022510 0.018199
10 0.541331 0.394492 0.036877 0.037835
10 0.492481 0.389224 0.034004 0.018678
10 0.446743 0.384195 0.022031 0.022989
11 0.883525 0.469349 0.019157 0.009579
11 0.626580 0.385680 0.009100 0.005268
11 0.444301 0.627059 0.037835 0.046456
12 0.331801 0.466475 0.012452 0.013410
12 0.576293 0.460489 0.017720 0.012931
12 0.676197 0.509579 0.034004 0.032567
12 0.785872 0.427921 0.020594 0.009100
12 0.521648 0.404981 0.022989 0.014368
2 0.229624 0.745455 0.264890 0.257053
2 0.267109 0.550265 0.098143 0.157825
2 0.732759 0.724138 0.236074 0.262599
2 0.581565 0.564324 0.102122 0.194960
2 0.892905 0.532493 0.113395 0.100796
2 0.804973 0.486936 0.070955 0.102785
18 0.733886 0.725332 0.218170 0.241379
18 0.888395 0.531167 0.102785 0.092838
18 0.589523 0.569695 0.100796 0.145225
17 0.245623 0.727520 0.230769 0.200928
17 0.270159 0.563064 0.111406 0.126658
3 0.775796 0.659748 0.078912 0.105438
3 0.925663 0.531432 0.049735 0.076923
4 0.653846 0.626326 0.171088 0.169098
4 0.880305 0.541446 0.047082 0.061671
5 0.842374 0.502520 0.031167 0.033156
5 0.530703 0.533687 0.084218 0.090186
14 0.531698 0.532029 0.106101 0.108090
14 0.840716 0.503183 0.039788 0.039788
14 0.958103 0.662931 0.043103 0.053448
5 0.956149 0.662701 0.038506 0.039655
4 0.969943 0.593736 0.059195 0.092529