0 0.396844 0.466513 0.667436 0.909931
1 0.239800 0.124711 0.270208 0.212471
2 0.310239 0.330254 0.457275 0.309469
3 0.139338 0.381062 0.120092 0.203233
4 0.198229 0.526559 0.108545 0.087760
3 0.481139 0.222864 0.138568 0.140878
4 0.536567 0.344111 0.106236 0.073903
5 0.560816 0.454965 0.103926 0.138568
5 0.266359 0.613164 0.124711 0.085450
6 0.473056 0.542725 0.094688 0.110855
6 0.370285 0.592379 0.073903 0.140878
7 0.369130 0.706697 0.145497 0.050808
7 0.512317 0.620092 0.085450 0.043880
8 0.590839 0.721709 0.233256 0.145497
8 0.424557 0.810624 0.187067 0.157044
15 0.422248 0.810624 0.163972 0.129330
15 0.583911 0.715935 0.210162 0.115473
13 0.266359 0.610855 0.096998 0.066975
13 0.567744 0.468822 0.085450 0.101617
9 0.222479 0.070439 0.170901 0.080831
11 0.264049 0.121247 0.147806 0.062356
17 0.295227 0.347575 0.371824 0.367206