0 0.436490 0.386836 0.572748 0.727483
1 0.443418 0.116628 0.161663 0.154734
2 0.441109 0.323326 0.267898 0.240185
3 0.595843 0.258661 0.096998 0.133949
4 0.596998 0.364896 0.071594 0.060046
5 0.598152 0.445727 0.064665 0.083141
3 0.287529 0.269053 0.080831 0.127021
4 0.296767 0.374134 0.062356 0.087760
5 0.312933 0.452656 0.066975 0.069284
6 0.390300 0.490762 0.078522 0.080831
6 0.506928 0.475751 0.080831 0.078522
7 0.385681 0.555427 0.073903 0.043880
7 0.520785 0.554273 0.085450 0.041570
8 0.536952 0.644342 0.131640 0.133949
8 0.377598 0.643187 0.108545 0.127021
9 0.438799 0.100462 0.133949 0.103926
13 0.592379 0.438799 0.039261 0.041570
15 0.521940 0.654734 0.064665 0.117783
15 0.393764 0.648961 0.090069 0.101617
17 0.437644 0.306005 0.233256 0.196305