10 0.658136 0.090551 0.093176 0.036745
11 0.652231 0.121391 0.086614 0.022310
1 0.651575 0.128609 0.119423 0.118110
18 0.664698 0.291995 0.148294 0.182415
2 0.663386 0.290026 0.174541 0.212598
3 0.774278 0.262467 0.094488 0.133858
3 0.591207 0.236877 0.072178 0.103675
4 0.772310 0.326772 0.106299 0.052493
4 0.570866 0.301181 0.060367 0.053806
14 0.553806 0.345144 0.028871 0.049869
14 0.681102 0.327428 0.068241 0.040682
5 0.679790 0.332677 0.094488 0.056430
5 0.552493 0.345801 0.060367 0.059055
6 0.721785 0.489501 0.089239 0.175853
6 0.625984 0.490157 0.097113 0.179790
7 0.620735 0.677822 0.076115 0.179790
7 0.710630 0.607612 0.027559 0.057743
15 0.713911 0.648294 0.070866 0.110236
15 0.620735 0.798556 0.078740 0.080052
8 0.620079 0.799213 0.127297 0.110236
8 0.725066 0.648294 0.090551 0.125984
0 0.677822 0.479003 0.374016 0.866142