0 0.473441 0.525019 0.378753 0.949962
1 0.424942 0.202463 0.133949 0.180139
2 0.439204 0.457130 0.153154 0.335931
3 0.368705 0.335683 0.046189 0.086301
4 0.527936 0.302865 0.053482 0.105749
4 0.341963 0.301649 0.046189 0.093594
5 0.486609 0.197723 0.053482 0.085086
5 0.388761 0.200762 0.081439 0.093594
6 0.499372 0.695474 0.064422 0.142215
6 0.428265 0.700944 0.072931 0.143430
7 0.518820 0.828167 0.057129 0.119120
7 0.445890 0.833029 0.052267 0.109396
8 0.537661 0.941210 0.075362 0.102103
8 0.455006 0.938241 0.072931 0.093734
9 0.434021 0.170423 0.082822 0.106713
11 0.443179 0.237716 0.048578 0.029466
13 0.479414 0.191925 0.039818 0.073266
13 0.398981 0.200685 0.047782 0.081230
15 0.534761 0.943697 0.062913 0.092379
15 0.452736 0.934140 0.064506 0.076451
17 0.438003 0.438799 0.141754 0.302620