0 0.145690 0.443966 0.260345 0.439655
0 0.404310 0.336207 0.239655 0.600000
0 0.644828 0.486207 0.334483 0.941379
1 0.196552 0.296552 0.106897 0.110345
1 0.396552 0.219828 0.113793 0.191379
1 0.572414 0.156034 0.144828 0.232759
9 0.191379 0.292241 0.086207 0.084483
9 0.571552 0.148276 0.115517 0.213793
9 0.401724 0.223276 0.086207 0.167241
2 0.670690 0.193966 0.248276 0.339655
2 0.436207 0.189655 0.151724 0.227586
2 0.102586 0.418103 0.136207 0.256897
17 0.093103 0.408621 0.106897 0.227586
17 0.663793 0.181034 0.227586 0.324138
17 0.446552 0.187069 0.120690 0.181034
3 0.685345 0.307759 0.074138 0.274138
3 0.172414 0.393966 0.079310 0.067241
3 0.503448 0.274138 0.051724 0.248276
4 0.650862 0.499138 0.118966 0.118966
4 0.475000 0.456897 0.060345 0.110345
4 0.229310 0.454310 0.058621 0.074138
5 0.568103 0.625000 0.081034 0.122414
5 0.412931 0.581034 0.087931 0.075862
13 0.563793 0.623276 0.103448 0.136207
13 0.419828 0.575000 0.101724 0.081034
6 0.129310 0.506897 0.117241 0.089655
6 0.768966 0.430172 0.120690 0.281034
7 0.736207 0.695690 0.124138 0.232759
7 0.644828 0.691379 0.082759 0.224138
7 0.135345 0.534483 0.118966 0.075862
8 0.693966 0.897414 0.094828 0.077586
8 0.601724 0.838793 0.068966 0.046552
8 0.103448 0.625862 0.068966 0.068966
15 0.100000 0.614655 0.089655 0.101724
15 0.603448 0.828448 0.082759 0.081034
15 0.688793 0.879310 0.105172 0.131034