0 0.805118 0.535433 0.377953 0.929134
0 0.444882 0.538714 0.381890 0.922572
10 0.747539 0.211942 0.205709 0.114173
10 0.500492 0.194882 0.195866 0.132546
12 0.493602 0.280840 0.117126 0.049869
12 0.748524 0.302493 0.121063 0.066929
1 0.745079 0.258530 0.222441 0.330709
1 0.499016 0.260499 0.218504 0.295276
18 0.462598 0.698819 0.255906 0.526247
18 0.799213 0.639108 0.220472 0.514436
2 0.802657 0.643701 0.276575 0.576115
2 0.465059 0.706037 0.278543 0.561680
3 0.310531 0.599738 0.105315 0.320210
3 0.931594 0.622703 0.083661 0.311024
3 0.589075 0.634514 0.126969 0.345144
4 0.666339 0.547244 0.078740 0.246719
4 0.481791 0.757874 0.193898 0.203412
4 0.358760 0.782808 0.187992 0.127297
13 0.656496 0.349081 0.072835 0.181102
5 0.660433 0.340551 0.080709 0.203412