9 0.492631 0.179184 0.147385 0.063598
11 0.500202 0.218554 0.128205 0.021199
1 0.497678 0.207450 0.157480 0.128205
17 0.478498 0.383606 0.224107 0.218050
2 0.474965 0.382596 0.251363 0.236220
3 0.339693 0.337674 0.081769 0.112053
4 0.332122 0.449223 0.070664 0.098930
3 0.603675 0.357359 0.050474 0.127196
4 0.630426 0.442661 0.049465 0.077731
13 0.641530 0.515344 0.037351 0.065617
5 0.643549 0.518877 0.055522 0.082778
13 0.340198 0.529982 0.070664 0.058550
5 0.340703 0.538562 0.085807 0.059560
15 0.345245 0.683929 0.074702 0.114072
15 0.510297 0.704623 0.116091 0.125177
8 0.508783 0.731375 0.121139 0.073693
8 0.342722 0.712195 0.065617 0.081769
7 0.391177 0.626388 0.089845 0.097920
7 0.508278 0.639007 0.103977 0.117101
6 0.515344 0.557238 0.112053 0.096911
6 0.401272 0.561276 0.110034 0.102968
0 0.450737 0.449223 0.402786 0.658187