0 0.552069 0.515517 0.555172 0.962069
1 0.448621 0.146552 0.275862 0.217241
9 0.451207 0.097414 0.253448 0.105172
11 0.515000 0.152586 0.139655 0.036207
2 0.516724 0.444828 0.432759 0.351724
17 0.522759 0.448276 0.368966 0.317241
3 0.410690 0.396552 0.172414 0.155172
4 0.500345 0.559483 0.189655 0.163793
5 0.590000 0.658621 0.106897 0.110345
13 0.589138 0.674138 0.091379 0.075862
6 0.526207 0.688793 0.151724 0.143103
6 0.627931 0.655172 0.137931 0.151724
7 0.539138 0.838793 0.153448 0.163793
7 0.622759 0.781034 0.093103 0.113793
8 0.703793 0.875000 0.206897 0.063793
8 0.634828 0.963793 0.248276 0.072414
15 0.618448 0.923276 0.284483 0.146552
15 0.691724 0.824138 0.220690 0.158621