0 0.439954 0.564665 0.547344 0.824480
1 0.540416 0.258661 0.193995 0.170901
2 0.510393 0.510393 0.249423 0.332564
3 0.630485 0.458430 0.083141 0.159353
3 0.389145 0.407621 0.048499 0.108545
4 0.605081 0.584296 0.096998 0.083141
4 0.376443 0.494226 0.073903 0.050808
5 0.569284 0.699769 0.136259 0.138568
5 0.329099 0.583141 0.117783 0.103926
6 0.502309 0.710162 0.108545 0.127021
6 0.371824 0.663972 0.138568 0.108545
7 0.474596 0.833718 0.094688 0.106236
7 0.338337 0.766744 0.140878 0.083141
8 0.450346 0.924942 0.120092 0.090069
8 0.266744 0.859122 0.177829 0.106236
9 0.535797 0.226328 0.152425 0.101617
12 0.521940 0.278291 0.096998 0.039261
13 0.562356 0.692841 0.094688 0.106236
13 0.338337 0.585450 0.080831 0.071594
15 0.265589 0.868360 0.161663 0.060046
15 0.445727 0.933025 0.083141 0.050808
17 0.506928 0.496536 0.242494 0.286374