0 0.588915 0.428406 0.517321 0.806005
1 0.579677 0.116628 0.230947 0.182448
2 0.581986 0.351039 0.360277 0.295612
3 0.759815 0.285219 0.092379 0.150115
4 0.743649 0.421478 0.106236 0.122402
3 0.406467 0.286374 0.087760 0.152425
4 0.406467 0.420323 0.060046 0.096998
5 0.704388 0.521940 0.120092 0.069284
5 0.430716 0.506928 0.099307 0.071594
6 0.644342 0.581986 0.087760 0.106236
6 0.511547 0.566975 0.122402 0.108545
8 0.672055 0.742494 0.138568 0.159353
8 0.501155 0.715935 0.157044 0.143187
9 0.574031 0.075956 0.164742 0.095458
11 0.555556 0.142930 0.115473 0.026174
13 0.707211 0.517321 0.083141 0.046189
13 0.420837 0.506543 0.064665 0.061586
15 0.661021 0.738260 0.101617 0.143187
15 0.487811 0.712856 0.112394 0.129330
17 0.590967 0.346420 0.315627 0.264819