0 0.588915 0.710709 0.175520 0.577691
1 0.545630 0.468052 0.091189 0.087760
2 0.571594 0.640108 0.136259 0.247113
3 0.632794 0.581216 0.073903 0.101617
4 0.605081 0.674750 0.087760 0.066975
6 0.604514 0.814189 0.065638 0.098456
7 0.626393 0.904745 0.055913 0.068069
6 0.557716 0.801426 0.030388 0.065638
7 0.581419 0.908391 0.029172 0.077793
9 0.539926 0.455245 0.075583 0.048289
12 0.521555 0.496186 0.034642 0.020995
17 0.578242 0.639828 0.120722 0.226398
0 0.476905 0.697460 0.159353 0.558891
1 0.445505 0.472286 0.091933 0.103926
2 0.455614 0.614035 0.103318 0.176249
6 0.432519 0.774888 0.059560 0.139784
6 0.504234 0.770026 0.059560 0.134922
7 0.448928 0.875775 0.058344 0.057129
7 0.522467 0.880029 0.040112 0.075362
8 0.445890 0.937563 0.066853 0.051051
8 0.523682 0.948503 0.047405 0.048620
9 0.448928 0.448118 0.080224 0.051051
12 0.439812 0.482152 0.040112 0.012155
15 0.447105 0.946680 0.044974 0.042543
15 0.527936 0.953973 0.034034 0.037681
17 0.453790 0.606134 0.094810 0.165309