0 0.476520 0.452656 0.438799 0.854503
1 0.501925 0.150115 0.240185 0.175520
9 0.500770 0.112009 0.219400 0.071594
11 0.542340 0.160508 0.122402 0.025404
2 0.458045 0.370670 0.314088 0.274827
3 0.337952 0.314088 0.129330 0.152425
4 0.354119 0.446882 0.078522 0.094688
3 0.593149 0.321016 0.043880 0.120092
5 0.597767 0.495381 0.066975 0.136259
13 0.597767 0.503464 0.039261 0.096998
5 0.393379 0.542725 0.120092 0.083141
13 0.378368 0.549654 0.080831 0.069284
6 0.508853 0.553118 0.083141 0.080831
7 0.348345 0.635104 0.103926 0.083141
7 0.455735 0.627021 0.064665 0.048499
8 0.366821 0.764434 0.182448 0.161663
8 0.485758 0.729792 0.166282 0.124711
15 0.366821 0.773672 0.150115 0.120092
15 0.482294 0.735566 0.122402 0.090069
17 0.475366 0.366051 0.247113 0.265589