0 0.443418 0.530023 0.434180 0.898383
1 0.556454 0.220554 0.175263 0.210162
2 0.509238 0.422633 0.339492 0.323326
3 0.383372 0.356813 0.115473 0.163972
3 0.613164 0.400693 0.066975 0.136259
4 0.333718 0.498845 0.094688 0.096998
4 0.585450 0.515012 0.062356 0.069284
5 0.323326 0.605081 0.106236 0.106236
5 0.579677 0.605081 0.069284 0.096998
6 0.498845 0.674365 0.092379 0.161663
6 0.381062 0.665127 0.096998 0.143187
7 0.318707 0.777136 0.087760 0.080831
7 0.487298 0.802540 0.083141 0.071594
8 0.486143 0.898383 0.173210 0.101617
8 0.289325 0.869515 0.093662 0.099307
9 0.557865 0.167821 0.166282 0.086220
12 0.576341 0.212471 0.089299 0.040031
13 0.319220 0.600462 0.089299 0.098537
13 0.581730 0.594303 0.060046 0.083141
15 0.487041 0.898383 0.141647 0.081601
15 0.285348 0.869900 0.064665 0.067744
17 0.507057 0.421093 0.255581 0.287914