12 0.778973 0.227034 0.204073 0.078740
10 0.771917 0.088583 0.235553 0.164042
12 0.282358 0.391732 0.255092 0.069554
10 0.239481 0.261155 0.316965 0.154856
1 0.231882 0.387795 0.379924 0.476378
1 0.784400 0.202756 0.293084 0.405512
18 0.209087 0.786089 0.379924 0.404199
18 0.797969 0.669291 0.385351 0.616798
2 0.219606 0.783465 0.439212 0.433070
2 0.792334 0.670604 0.415331 0.658792
3 0.545048 0.648950 0.127003 0.463255
14 0.650884 0.928478 0.236638 0.143044
5 0.655769 0.918635 0.270289 0.162730
0 0.734260 0.500000 0.531479 1.000000
0 0.226119 0.554462 0.452238 0.891076