0 0.520172 0.559483 0.625862 0.815517
3 0.540862 0.277586 0.143103 0.200000
1 0.321034 0.300000 0.217241 0.241379
9 0.304655 0.295690 0.194828 0.229310
11 0.368448 0.326724 0.029310 0.060345
2 0.545172 0.349138 0.331034 0.363793
17 0.532241 0.350000 0.308621 0.324138
3 0.393448 0.485345 0.096552 0.129310
4 0.539138 0.446552 0.118966 0.137931
5 0.471897 0.588793 0.118966 0.101724
5 0.471897 0.679310 0.105172 0.062069
13 0.474483 0.567241 0.124138 0.158621
13 0.464138 0.678448 0.100000 0.046552
7 0.749483 0.762069 0.132759 0.227586
7 0.379655 0.785345 0.124138 0.167241
8 0.326207 0.898276 0.141379 0.062069
8 0.780517 0.905172 0.091379 0.041379
15 0.332241 0.885345 0.136207 0.077586
15 0.776207 0.892241 0.106897 0.101724
6 0.658965 0.478448 0.144828 0.201724