0 0.490000 0.534483 0.331034 0.927586
1 0.504655 0.183621 0.208621 0.198276
9 0.497759 0.143103 0.194828 0.106897
2 0.508965 0.462069 0.241379 0.358621
17 0.508965 0.456897 0.210345 0.334483
3 0.416724 0.393966 0.091379 0.139655
4 0.392586 0.542241 0.098276 0.146552
13 0.365000 0.668103 0.067241 0.125862
5 0.359828 0.665517 0.053448 0.096552
6 0.484828 0.712931 0.127586 0.170690
6 0.580517 0.705172 0.060345 0.134483
7 0.601207 0.852586 0.070690 0.146552
7 0.514138 0.872414 0.117241 0.151724
8 0.510690 0.977586 0.165517 0.031034
8 0.609828 0.937931 0.043103 0.024138
15 0.608965 0.931897 0.062069 0.039655
15 0.508965 0.968103 0.172414 0.053448