10 0.288506 0.315273 0.124151 0.048119
10 0.826355 0.221222 0.118319 0.043745
12 0.283923 0.336833 0.073324 0.017498
12 0.815940 0.249344 0.084156 0.014998
1 0.822189 0.248406 0.131650 0.126859
1 0.285589 0.338708 0.126651 0.104987
18 0.814690 0.434321 0.183310 0.239970
18 0.277257 0.516810 0.193309 0.217473
2 0.808024 0.435258 0.203308 0.250594
2 0.275591 0.517123 0.209974 0.233096
13 0.961755 0.649919 0.067492 0.086239
13 0.465983 0.307149 0.089156 0.073116
13 0.282673 0.487127 0.102487 0.100612
13 0.186435 0.492126 0.086656 0.083115
5 0.285589 0.487127 0.118319 0.110611
5 0.186852 0.494313 0.104154 0.087489
5 0.469316 0.306212 0.112486 0.084989
5 0.960255 0.649294 0.079490 0.092488
4 0.963838 0.545244 0.059993 0.119360
4 0.537641 0.352143 0.099154 0.075616
4 0.355997 0.527434 0.089156 0.071241
4 0.150606 0.532433 0.049994 0.074991
3 0.660542 0.352456 0.141649 0.077490
3 0.950090 0.402137 0.082490 0.160605
3 0.390160 0.470879 0.064159 0.126859
3 0.156439 0.461817 0.074991 0.117485
6 0.730534 0.646482 0.111653 0.184352
6 0.846353 0.656793 0.123318 0.194976
6 0.346415 0.729909 0.118319 0.183727
6 0.223930 0.739908 0.109986 0.202475
7 0.363496 0.909886 0.115819 0.162480
7 0.208932 0.919573 0.086656 0.159355
7 0.860101 0.851144 0.117485 0.186227
7 0.773862 0.846144 0.126651 0.199975
15 0.916760 0.974253 0.074157 0.042495
15 0.808441 0.974566 0.090822 0.040620
8 0.920510 0.972378 0.104987 0.052493
8 0.810524 0.973941 0.108320 0.046869
0 0.707130 0.545932 0.585739 0.908136
0 0.289151 0.606299 0.414698 0.787402