0 0.556197 0.367377 0.270208 0.387478
1 0.594182 0.215128 0.081439 0.077017
2 0.569872 0.315847 0.200559 0.167601
3 0.502411 0.273085 0.072931 0.080224
3 0.645233 0.307727 0.064422 0.071715
4 0.477493 0.330214 0.042543 0.024310
5 0.450456 0.371275 0.030353 0.056747
4 0.639503 0.369295 0.029693 0.047509
5 0.651380 0.415484 0.042890 0.039591
13 0.649731 0.412515 0.035632 0.029693
13 0.455075 0.376223 0.025074 0.038931
17 0.575828 0.317497 0.157044 0.161663
9 0.595293 0.200704 0.079842 0.046849
11 0.599582 0.232377 0.076542 0.023095
6 0.582426 0.430001 0.075223 0.055427
6 0.499615 0.422413 0.065325 0.040251
7 0.557352 0.468272 0.067305 0.021115
7 0.486088 0.460024 0.048829 0.028373
8 0.532278 0.510173 0.059386 0.060046
8 0.469592 0.513802 0.058067 0.079182
15 0.472231 0.514462 0.043550 0.073903
15 0.527989 0.509843 0.046849 0.058067