0 0.629655 0.497414 0.427586 0.887931
1 0.484828 0.153448 0.137931 0.193103
9 0.476207 0.111207 0.120690 0.091379
12 0.452069 0.165517 0.044828 0.034483
2 0.543448 0.356897 0.148276 0.296552
17 0.521897 0.370690 0.105172 0.251724
3 0.567586 0.303448 0.086207 0.137931
4 0.596034 0.437069 0.060345 0.129310
5 0.577069 0.554310 0.063793 0.105172
13 0.577931 0.550862 0.065517 0.101724
6 0.663276 0.523276 0.094828 0.256897
7 0.739138 0.735345 0.139655 0.229310
7 0.668448 0.737069 0.077586 0.167241
8 0.783103 0.890517 0.075862 0.077586
8 0.717586 0.877586 0.096552 0.065517
15 0.783103 0.881897 0.062069 0.098276
15 0.717586 0.873276 0.096552 0.056897