1 0.355643 0.045932 0.070866 0.060367
10 0.358924 0.018373 0.106299 0.018373
12 0.354643 0.037808 0.089364 0.013123
3 0.275278 0.081552 0.074366 0.061867
4 0.265592 0.152543 0.058743 0.067617
2 0.353393 0.121235 0.103112 0.107487
14 0.280902 0.204349 0.043120 0.024997
10 0.538714 0.442257 0.198163 0.073491
12 0.530840 0.501312 0.166667 0.031496
1 0.524934 0.499344 0.244094 0.187664
14 0.732940 0.340551 0.098425 0.114173
5 0.725722 0.335302 0.141732 0.140420
4 0.823491 0.494094 0.124672 0.153543
3 0.802493 0.661417 0.174541 0.165354
17 0.557087 0.799869 0.366142 0.397638
2 0.563648 0.797900 0.423885 0.398950
0 0.621391 0.630577 0.625984 0.738845
5 0.284777 0.207349 0.099738 0.031496