0 0.475345 0.587931 0.291379 0.424138
0 0.716724 0.455172 0.201724 0.344828
7 0.497759 0.736207 0.039655 0.068966
7 0.543448 0.754310 0.058621 0.094828
7 0.699483 0.567241 0.025862 0.062069
7 0.315000 0.602586 0.029310 0.053448
0 0.290862 0.488793 0.136207 0.374138
1 0.292586 0.355172 0.084483 0.075862
1 0.513276 0.426724 0.091379 0.094828
1 0.715000 0.333621 0.077586 0.084483
9 0.715000 0.313793 0.063793 0.041379
9 0.512414 0.422414 0.065517 0.068966
9 0.282241 0.336207 0.070690 0.048276
11 0.709828 0.341379 0.043103 0.027586
2 0.522759 0.543103 0.113793 0.168966
2 0.708965 0.417241 0.072414 0.131034
2 0.301207 0.444828 0.105172 0.144828
17 0.518448 0.543966 0.115517 0.167241
17 0.708103 0.425000 0.063793 0.139655
17 0.301207 0.444828 0.087931 0.144828
3 0.431379 0.476724 0.079310 0.036207
3 0.752069 0.416379 0.041379 0.070690
3 0.661552 0.365517 0.025862 0.037931
3 0.277069 0.456897 0.053448 0.065517
4 0.728793 0.467241 0.050000 0.031034
3 0.581379 0.515517 0.034483 0.051724
4 0.628793 0.401724 0.043103 0.055172
4 0.376207 0.467241 0.034483 0.034483
4 0.299483 0.511207 0.036207 0.039655
5 0.352931 0.442241 0.036207 0.022414
5 0.602069 0.448276 0.031034 0.044828
14 0.602069 0.444828 0.031034 0.048276
14 0.352069 0.444828 0.041379 0.034483
6 0.493448 0.663793 0.041379 0.062069
6 0.704655 0.508621 0.046552 0.044828
6 0.547759 0.664655 0.050000 0.070690
6 0.318448 0.549138 0.029310 0.032759
8 0.682241 0.601724 0.056897 0.024138
8 0.785690 0.497414 0.032759 0.053448
8 0.313276 0.649138 0.053448 0.039655
15 0.784828 0.493103 0.037931 0.075862
15 0.685690 0.598276 0.060345 0.037931
15 0.316724 0.649138 0.056897 0.050000