10 0.513998 0.056430 0.507437 0.110236
11 0.471129 0.146325 0.337708 0.087927
1 0.493876 0.174541 0.432196 0.349081
18 0.611111 0.686352 0.463692 0.627296
2 0.597988 0.681759 0.559930 0.636482
3 0.902231 0.574147 0.195538 0.379265
3 0.291776 0.545276 0.150481 0.337270
3 0.107174 0.348425 0.194226 0.203412
4 0.365267 0.727690 0.237970 0.111549
4 0.878609 0.832021 0.242782 0.173228
4 0.134296 0.490157 0.108486 0.077428
14 0.658355 0.805774 0.337708 0.233596
14 0.420385 0.859580 0.306212 0.199475
5 0.425634 0.857612 0.379703 0.216535
5 0.653106 0.807743 0.344707 0.258530
6 0.146544 0.716535 0.167979 0.215223
6 0.045276 0.793963 0.090551 0.278215
7 0.154418 0.891076 0.099738 0.136483
0 0.585521 0.499344 0.828958 0.998688