0 0.512317 0.400693 0.676674 0.801386
1 0.372594 0.080831 0.226328 0.161662
2 0.410700 0.295612 0.348730 0.346420
3 0.622017 0.177829 0.161663 0.133949
4 0.664742 0.301386 0.117783 0.103926
3 0.284834 0.306005 0.161663 0.150115
4 0.337952 0.428406 0.129330 0.094688
5 0.386451 0.516166 0.120092 0.071594
5 0.684373 0.406467 0.129330 0.101617
13 0.675135 0.408776 0.078522 0.078522
13 0.388761 0.508083 0.101617 0.064665
6 0.633564 0.497691 0.110855 0.062356
6 0.501925 0.531178 0.087760 0.106236
7 0.489222 0.616628 0.103926 0.055427
6 0.650885 0.556582 0.103926 0.032333
8 0.705158 0.672055 0.161663 0.166282
8 0.526174 0.720554 0.127021 0.152425
15 0.697075 0.667436 0.127021 0.147806
15 0.538876 0.721709 0.096998 0.136259
9 0.356428 0.041570 0.193995 0.078522
11 0.369130 0.100462 0.145497 0.080831
17 0.418784 0.289838 0.332564 0.339492