0 0.852759 0.577586 0.294482 0.844828
15 0.923621 0.929310 0.112069 0.086207
15 0.777069 0.966379 0.108621 0.067241
1 0.847759 0.249138 0.112069 0.153448
10 0.853793 0.233621 0.089655 0.108621
11 0.892586 0.241379 0.022414 0.051724
2 0.840862 0.493103 0.139655 0.344828
17 0.834828 0.488793 0.113793 0.318966
3 0.871897 0.421552 0.053448 0.146552
4 0.904655 0.547414 0.067241 0.108621
5 0.946897 0.644828 0.051724 0.075862
14 0.941724 0.631897 0.048276 0.098276
6 0.826207 0.733621 0.100000 0.153448
6 0.877931 0.740517 0.037931 0.125862
7 0.879655 0.863793 0.051724 0.093103
7 0.784828 0.870690 0.100000 0.120690
8 0.924483 0.936207 0.079310 0.055172
8 0.775345 0.974138 0.091379 0.044828