0 0.577931 0.443103 0.510345 0.882759
1 0.533965 0.100000 0.229310 0.200000
2 0.575345 0.337931 0.298276 0.313793
3 0.746897 0.266379 0.134483 0.174138
3 0.402069 0.303448 0.086207 0.144828
4 0.768448 0.407759 0.091379 0.098276
4 0.396034 0.444828 0.074138 0.103448
5 0.383103 0.537069 0.079310 0.094828
5 0.784828 0.527586 0.110345 0.100000
13 0.383103 0.540517 0.062069 0.077586
13 0.782241 0.525862 0.098276 0.086207
6 0.483965 0.566379 0.136207 0.129310
6 0.664138 0.558621 0.134483 0.124138
7 0.469310 0.706034 0.124138 0.132759
7 0.687414 0.687069 0.129310 0.125862
8 0.421897 0.822414 0.191379 0.120690
8 0.633965 0.800000 0.181034 0.082759
15 0.427069 0.801724 0.181034 0.162069
15 0.641724 0.765517 0.165517 0.165517
9 0.533103 0.060345 0.213793 0.120690
11 0.518448 0.105172 0.201724 0.072414
17 0.570172 0.338793 0.267241 0.301724