0 0.441513 0.545932 0.591964 0.908136
0 0.675462 0.505906 0.504528 0.988188
0 0.294999 0.590551 0.362740 0.774278
0 0.082809 0.618766 0.165617 0.762467
10 0.783575 0.101050 0.167782 0.141732
10 0.423789 0.135171 0.098070 0.055118
10 0.289682 0.244094 0.103978 0.091864
10 0.022549 0.280840 0.045098 0.028871
12 0.029048 0.316929 0.058095 0.022310
12 0.422017 0.176509 0.089799 0.030184
12 0.739267 0.124016 0.050807 0.059055
12 0.273140 0.268373 0.042536 0.038058
1 0.293226 0.265092 0.155966 0.167979
1 0.795391 0.109580 0.207955 0.219160
1 0.423198 0.181102 0.127609 0.181102
1 0.043226 0.341207 0.086452 0.128609
18 0.064494 0.523622 0.128988 0.275591
18 0.399567 0.412730 0.155966 0.276903
18 0.821385 0.402887 0.189050 0.314961
18 0.292045 0.432415 0.111067 0.229659
2 0.293817 0.433727 0.157148 0.271654
2 0.402521 0.412073 0.176053 0.299213
2 0.824339 0.407480 0.197321 0.368766
2 0.075719 0.527559 0.151438 0.299213
14 0.049824 0.585958 0.073257 0.051181
14 0.412564 0.559711 0.089799 0.072178
14 0.399567 0.493438 0.049626 0.041995
14 0.292045 0.476378 0.077983 0.039370
5 0.396613 0.493438 0.064986 0.068241
5 0.411973 0.561680 0.105159 0.089239
5 0.292045 0.476378 0.085073 0.065617
5 0.056914 0.583333 0.080346 0.074803
3 0.680779 0.341207 0.148877 0.217848
4 0.537219 0.466535 0.142969 0.253281
3 0.469870 0.391076 0.081528 0.141732
6 0.790665 0.719816 0.113430 0.305774