0 0.637385 0.622767 0.103498 0.412151
1 0.640379 0.453472 0.046189 0.066455
2 0.645511 0.558549 0.076982 0.140279
3 0.618567 0.521769 0.031648 0.058164
3 0.672455 0.517920 0.026516 0.055598
4 0.610013 0.575656 0.026516 0.041057
5 0.604454 0.620563 0.023950 0.045334
6 0.653209 0.669746 0.027371 0.071850
6 0.628831 0.669746 0.014541 0.071850
7 0.651926 0.740313 0.026516 0.062441
7 0.628831 0.740741 0.017963 0.063297
8 0.649360 0.797622 0.043623 0.047045
8 0.618721 0.794201 0.037307 0.033754
15 0.647737 0.801603 0.031385 0.035530
15 0.618424 0.793905 0.020134 0.022503
14 0.604804 0.623655 0.017765 0.034938
9 0.641519 0.434456 0.031977 0.026056
12 0.641815 0.457255 0.024279 0.013620
17 0.641519 0.557036 0.060401 0.131462