0 0.405517 0.474138 0.396552 0.834483
1 0.455517 0.152586 0.220690 0.181034
9 0.461552 0.116379 0.208621 0.094828
11 0.490000 0.174138 0.117241 0.034483
2 0.427931 0.374138 0.275862 0.310345
17 0.434828 0.382759 0.234483 0.272414
3 0.277931 0.307759 0.120690 0.143103
3 0.565000 0.335345 0.046552 0.108621
4 0.557241 0.459483 0.041379 0.132759
4 0.284828 0.454310 0.089655 0.150000
5 0.545172 0.557759 0.075862 0.081034
5 0.319310 0.575862 0.117241 0.096552
13 0.319310 0.573276 0.106897 0.074138
13 0.543448 0.558621 0.065517 0.065517
6 0.330517 0.587931 0.136207 0.134483
6 0.448621 0.592241 0.120690 0.118966
7 0.420172 0.712069 0.115517 0.106897
7 0.294310 0.721552 0.091379 0.136207
8 0.452931 0.804310 0.198276 0.087931
8 0.315000 0.836207 0.139655 0.100000
15 0.310690 0.797414 0.137931 0.167241
15 0.443448 0.768966 0.175862 0.162069