0 0.555427 0.559661 0.528868 0.880677
1 0.707852 0.291378 0.182448 0.334873
2 0.527714 0.716320 0.394919 0.533487
3 0.472286 0.571978 0.205543 0.254042
3 0.730947 0.573133 0.034642 0.159353
4 0.370670 0.842186 0.117783 0.249423
4 0.650115 0.861817 0.062356 0.219400
9 0.706697 0.219784 0.170901 0.187067
11 0.695150 0.339877 0.110855 0.066975
17 0.549654 0.710547 0.374134 0.498845
0 0.214781 0.540801 0.420323 0.879908
1 0.330254 0.271747 0.166282 0.304850
9 0.337182 0.193226 0.161663 0.129330
11 0.333718 0.302925 0.103926 0.066975
17 0.251732 0.657429 0.212471 0.517321
3 0.121247 0.518861 0.131640 0.207852
4 0.055427 0.761355 0.078522 0.235566