9 0.495251 0.069054 0.224347 0.075616
11 0.540870 0.128421 0.150606 0.029371
1 0.500875 0.120610 0.224347 0.173728
17 0.551806 0.355268 0.242470 0.278090
3 0.658043 0.295588 0.048744 0.139983
3 0.370579 0.323397 0.106237 0.178103
4 0.683352 0.420260 0.058118 0.109361
4 0.414323 0.474628 0.138733 0.124359
2 0.532746 0.367454 0.306837 0.306212
13 0.697725 0.517123 0.045619 0.069366
13 0.470566 0.578990 0.103737 0.078115
5 0.471816 0.581177 0.114986 0.086239
5 0.696475 0.519310 0.056868 0.084989
6 0.604924 0.589926 0.133733 0.143732
6 0.473066 0.605549 0.123735 0.167479
7 0.460781 0.752488 0.112058 0.123570
7 0.589614 0.712723 0.114361 0.098113
15 0.637108 0.752718 0.219348 0.135608
15 0.500562 0.808024 0.173728 0.157480
8 0.514623 0.839583 0.173103 0.095613
8 0.634608 0.780215 0.206849 0.098113
0 0.525591 0.466535 0.515748 0.901575