0 0.123613 0.635171 0.236336 0.545932
0 0.342880 0.634514 0.219705 0.526247
0 0.520570 0.620735 0.272224 0.509186
0 0.714015 0.603018 0.153181 0.434383
0 0.865445 0.594488 0.212702 0.404199
10 0.171318 0.400919 0.123420 0.101050
10 0.303929 0.433071 0.103288 0.078740
10 0.532387 0.423228 0.101537 0.072178
10 0.714891 0.471129 0.093659 0.057743
10 0.871572 0.454724 0.097160 0.066929
12 0.879450 0.519029 0.086656 0.030184
12 0.730646 0.530840 0.083155 0.035433
12 0.303491 0.503281 0.083155 0.048556
12 0.180071 0.479003 0.095410 0.041995
11 0.523196 0.484908 0.077903 0.045932
1 0.173069 0.452100 0.133924 0.242782
1 0.305242 0.486220 0.114667 0.216535
1 0.531074 0.476378 0.125170 0.217848
1 0.721893 0.524278 0.100662 0.192913
1 0.863695 0.501969 0.093659 0.198163
18 0.149435 0.729659 0.133924 0.296588
18 0.864570 0.647638 0.077903 0.143045
18 0.721018 0.676509 0.077903 0.153543
18 0.537639 0.677822 0.113791 0.153543
18 0.307868 0.705381 0.104163 0.179790
2 0.151624 0.724409 0.157557 0.330709
2 0.309618 0.706693 0.128672 0.206037
2 0.543328 0.671260 0.146178 0.206037
2 0.722768 0.671260 0.098911 0.171916
2 0.863695 0.645669 0.100662 0.157480
3 0.057964 0.708661 0.087532 0.251969
3 0.437852 0.667323 0.075277 0.237533
3 0.654931 0.683071 0.054270 0.171916
3 0.792356 0.641076 0.028010 0.145669
3 0.934158 0.646325 0.040265 0.150919
14 0.589720 0.762467 0.056896 0.052493
14 0.584031 0.807087 0.036763 0.041995
14 0.203267 0.681759 0.073527 0.074803
14 0.326687 0.837927 0.042015 0.045932
14 0.452295 0.814304 0.060397 0.048556
14 0.861944 0.751312 0.034137 0.051181
14 0.925842 0.740814 0.046392 0.061680
14 0.961292 0.709318 0.040265 0.019685
5 0.324061 0.842520 0.064774 0.065617
5 0.204580 0.683727 0.083155 0.094488
5 0.454921 0.818898 0.086656 0.073491
5 0.594534 0.765092 0.085781 0.076115
5 0.590595 0.809711 0.067399 0.062992
5 0.860631 0.750656 0.050768 0.073491
5 0.925842 0.737533 0.058646 0.078740
5 0.960417 0.709318 0.054270 0.045932