0 0.378753 0.510393 0.748268 0.951501
1 0.182448 0.162818 0.277136 0.233256
2 0.273672 0.519630 0.385681 0.448037
3 0.424942 0.280600 0.170901 0.090069
4 0.441109 0.173210 0.166282 0.110855
4 0.039261 0.384527 0.050808 0.200924
5 0.058891 0.163972 0.071594 0.184758
5 0.237875 0.120092 0.138568 0.106236
13 0.065820 0.161663 0.039261 0.170901
13 0.234411 0.108545 0.117783 0.073903
17 0.255196 0.509238 0.408776 0.413395
9 0.152425 0.113164 0.226328 0.129330
12 0.193995 0.212471 0.124711 0.060046
6 0.533487 0.792148 0.157044 0.249423
6 0.315242 0.863741 0.182448 0.189376
7 0.568129 0.958430 0.143187 0.036952