0 0.494751 0.522966 0.507437 0.628609
10 0.474081 0.276684 0.129046 0.038276
12 0.457677 0.314414 0.099154 0.028434
1 0.478456 0.302384 0.156751 0.102800
18 0.486476 0.437172 0.092593 0.140529
2 0.483195 0.435258 0.125401 0.154199
3 0.549176 0.396435 0.060513 0.106080
4 0.538240 0.504976 0.061971 0.106627
14 0.531314 0.579888 0.043745 0.039917
5 0.533501 0.579888 0.064159 0.047572
6 0.453667 0.565671 0.086760 0.112095
6 0.569226 0.573053 0.049577 0.114829
7 0.406277 0.658355 0.091134 0.080927
15 0.352690 0.706748 0.090405 0.032262
8 0.349045 0.707021 0.110819 0.047025
15 0.516368 0.775645 0.067804 0.053040
8 0.520742 0.774278 0.091134 0.065617