0 0.472286 0.442648 0.630485 0.877598
1 0.478060 0.175135 0.244804 0.350269
2 0.411085 0.608930 0.355658 0.526559
3 0.563510 0.498075 0.115473 0.235566
3 0.235566 0.463433 0.096998 0.217090
4 0.258661 0.644727 0.152425 0.136259
4 0.606236 0.678214 0.108545 0.096998
5 0.426097 0.529253 0.163972 0.182448
5 0.702079 0.503849 0.152425 0.200924
9 0.463048 0.099692 0.191686 0.159353
12 0.487298 0.204773 0.129330 0.083141
14 0.423788 0.531563 0.150115 0.187067
14 0.696305 0.505004 0.122402 0.189376
17 0.414550 0.598537 0.330254 0.496536