10 0.861069 0.240814 0.077903 0.066929
10 0.660183 0.292651 0.084031 0.052493
10 0.390148 0.324147 0.095410 0.078740
10 0.109171 0.332021 0.097160 0.076115
11 0.105669 0.395013 0.084906 0.039370
11 0.389272 0.397638 0.065649 0.052493
12 0.654494 0.346457 0.067399 0.036745
12 0.872448 0.296588 0.074402 0.031496
1 0.863695 0.284777 0.109415 0.178478
1 0.656682 0.343832 0.098036 0.178478
1 0.386646 0.370079 0.111165 0.196850
1 0.109608 0.375328 0.115542 0.178478
18 0.400651 0.491470 0.118168 0.150919
18 0.654056 0.481627 0.129547 0.165354
18 0.856254 0.463911 0.133048 0.221785
2 0.854941 0.465879 0.147929 0.246719
18 0.135868 0.530184 0.119043 0.202100
2 0.658433 0.484252 0.147053 0.204724
2 0.394524 0.504593 0.149679 0.174541
2 0.138931 0.527559 0.139176 0.220472
14 0.428662 0.580052 0.062148 0.060367
14 0.384458 0.587927 0.035013 0.052493
5 0.431725 0.584646 0.071776 0.077428
5 0.382270 0.589239 0.055145 0.068241
3 0.489496 0.465223 0.050768 0.140420
3 0.330188 0.523622 0.052519 0.175853
3 0.223837 0.513123 0.044641 0.207349
3 0.058840 0.519029 0.050768 0.161417
3 0.732397 0.482940 0.042891 0.152231
3 0.581842 0.500656 0.051644 0.206037
3 0.934595 0.450131 0.027135 0.191601
3 0.982397 0.449475 0.035206 0.169291
3 0.772662 0.455381 0.046392 0.204724
0 0.141120 0.503937 0.253842 0.490814
0 0.408092 0.480315 0.257343 0.477690
0 0.651868 0.480971 0.214453 0.513123
0 0.848814 0.476378 0.224957 0.608924