0 0.377598 0.471517 0.491917 0.870670
1 0.323326 0.142417 0.258661 0.175520
2 0.338337 0.401078 0.311778 0.327945
3 0.215935 0.349115 0.127021 0.150115
4 0.232246 0.464877 0.081120 0.053695
3 0.482679 0.292533 0.092379 0.115473
4 0.502309 0.401078 0.071594 0.069284
5 0.526559 0.489992 0.078522 0.108545
5 0.290127 0.524201 0.092379 0.053406
6 0.316109 0.629571 0.095266 0.122691
6 0.443129 0.606476 0.103926 0.070727
7 0.329099 0.736384 0.109700 0.076501
7 0.444573 0.682256 0.089492 0.060624
8 0.389001 0.827319 0.154446 0.099596
8 0.488597 0.759478 0.186201 0.085162
13 0.520352 0.486672 0.053406 0.088048
13 0.294457 0.527810 0.060624 0.028868
9 0.301674 0.099596 0.207852 0.080831
11 0.345699 0.163828 0.145785 0.059180
15 0.390445 0.828522 0.145785 0.066397
15 0.489319 0.757073 0.167436 0.064954
17 0.339203 0.392610 0.265589 0.291570