9 0.481053 0.098835 0.273130 0.087762
11 0.525344 0.162402 0.155020 0.036089
1 0.477772 0.143127 0.258366 0.197671
17 0.513451 0.402313 0.267388 0.305938
2 0.508530 0.406824 0.293635 0.328084
3 0.346949 0.355971 0.127953 0.177165
3 0.617208 0.322343 0.040190 0.131234
4 0.652887 0.454396 0.059055 0.119751
4 0.393701 0.517552 0.160761 0.150919
13 0.451115 0.629511 0.111549 0.077920
13 0.665190 0.555692 0.039370 0.072999
5 0.668061 0.554462 0.056594 0.080381
5 0.453166 0.631562 0.123852 0.082021
6 0.577838 0.631972 0.105807 0.117290
6 0.449885 0.645505 0.141896 0.164042
7 0.554462 0.742700 0.118110 0.107448
7 0.429380 0.787812 0.112369 0.120571
15 0.604495 0.801345 0.224738 0.132874
15 0.476952 0.858350 0.207513 0.166503
8 0.489255 0.889928 0.199311 0.093504
8 0.601214 0.823491 0.223097 0.106627
0 0.498031 0.496719 0.523622 0.951444