0 0.455735 0.529253 0.494226 0.939954
1 0.617398 0.173595 0.143187 0.196305
3 0.484373 0.288068 0.103464 0.113626
3 0.635874 0.338414 0.044342 0.118245
4 0.603541 0.420169 0.064665 0.074827
4 0.435874 0.381370 0.069284 0.063741
6 0.464973 0.723172 0.094226 0.198614
6 0.368899 0.697306 0.079446 0.218938
7 0.420631 0.888068 0.081293 0.120092
7 0.341186 0.859892 0.068360 0.091455
8 0.295920 0.947652 0.088684 0.091455
8 0.389222 0.976289 0.053580 0.039723
10 0.635874 0.128406 0.107159 0.105312
11 0.615550 0.200462 0.070208 0.042494
15 0.297306 0.956890 0.074827 0.065589
15 0.390146 0.982294 0.025866 0.022171
17 0.528703 0.420103 0.225998 0.339822