0 0.672759 0.562069 0.296552 0.793103
15 0.615000 0.900000 0.101724 0.075862
15 0.681379 0.869828 0.082759 0.067241
1 0.662414 0.258621 0.110345 0.162069
9 0.663276 0.218103 0.094828 0.077586
11 0.687414 0.257759 0.022414 0.039655
2 0.647759 0.431897 0.112069 0.243103
17 0.651207 0.443103 0.084483 0.237931
3 0.661552 0.410345 0.070690 0.120690
4 0.726207 0.505172 0.072414 0.065517
5 0.783103 0.563793 0.044828 0.065517
5 0.589138 0.579310 0.036207 0.082759
13 0.775345 0.557759 0.050000 0.077586
13 0.589138 0.578448 0.029310 0.084483
6 0.640862 0.645690 0.063793 0.170690
6 0.693448 0.650000 0.034483 0.155172
7 0.672759 0.793103 0.048276 0.131034
7 0.601207 0.793103 0.067241 0.137931
8 0.613276 0.907759 0.094828 0.036207
8 0.678793 0.871552 0.060345 0.032759