0 0.530023 0.372979 0.404157 0.741339
1 0.560046 0.058891 0.196305 0.108545
2 0.532333 0.243649 0.390300 0.284065
3 0.385681 0.153580 0.101617 0.150115
3 0.685912 0.203233 0.073903 0.157044
4 0.367206 0.273672 0.060046 0.080831
4 0.669746 0.318707 0.069284 0.069284
5 0.644342 0.403002 0.083141 0.094688
5 0.382217 0.367206 0.099307 0.092379
13 0.369515 0.361432 0.064665 0.076212
13 0.642032 0.404157 0.060046 0.078522
6 0.562356 0.431871 0.085450 0.078522
6 0.461894 0.418014 0.050808 0.055427
7 0.577367 0.506928 0.073903 0.062356
7 0.427252 0.474596 0.073903 0.057737
8 0.569284 0.612009 0.113164 0.157044
8 0.408776 0.583141 0.115473 0.154734
15 0.406467 0.570439 0.101617 0.120092
15 0.564665 0.609700 0.090069 0.133949
9 0.562356 0.028868 0.159353 0.048499
11 0.555427 0.055427 0.117783 0.050808
17 0.545035 0.224018 0.281755 0.277136