18 0.551181 0.759843 0.254593 0.472441
2 0.555118 0.753937 0.286964 0.492126
3 0.773841 0.554462 0.171479 0.166667
3 0.358705 0.584646 0.160105 0.148294
4 0.285214 0.472441 0.079615 0.249344
4 0.856955 0.425853 0.094488 0.311024
14 0.821085 0.167323 0.106737 0.177165
14 0.285652 0.281496 0.087489 0.127297
5 0.285652 0.282152 0.104987 0.144357
5 0.823710 0.166667 0.127734 0.204724
12 0.555556 0.384514 0.116360 0.044619
10 0.557743 0.314304 0.125984 0.095801
1 0.553368 0.395013 0.132983 0.283465
0 0.564742 0.518373 0.733158 0.963254