0 0.298621 0.584483 0.534483 0.831034
0 0.713276 0.455172 0.563793 0.910344
1 0.534828 0.122414 0.213793 0.244828
1 0.140862 0.324138 0.205172 0.286207
9 0.117586 0.260345 0.158621 0.144828
9 0.514138 0.056034 0.158621 0.112068
11 0.537414 0.131034 0.108621 0.058621
11 0.152069 0.336207 0.093103 0.072414
2 0.279655 0.674138 0.296552 0.517241
2 0.710690 0.537069 0.413793 0.608621
17 0.281379 0.650862 0.272414 0.439655
17 0.696897 0.514655 0.348276 0.529310
3 0.786552 0.368103 0.117241 0.232759
3 0.542586 0.442241 0.098276 0.167241
3 0.410690 0.537931 0.110345 0.203448
3 0.163276 0.628448 0.115517 0.184483
4 0.243448 0.806897 0.168966 0.155172
4 0.447759 0.729310 0.060345 0.189655
4 0.644310 0.577586 0.184483 0.141379
5 0.825345 0.516379 0.143103 0.136207
5 0.429655 0.920690 0.106897 0.131034
5 0.329655 0.937069 0.141379 0.122414
14 0.827931 0.522414 0.117241 0.127586
14 0.433965 0.918966 0.094828 0.113793
14 0.331379 0.940517 0.120690 0.105172