0 0.515012 0.443610 0.277136 0.787914
1 0.509238 0.142225 0.090069 0.180523
2 0.505774 0.357198 0.120092 0.244804
4 0.426097 0.331601 0.036952 0.072748
4 0.581409 0.329292 0.026559 0.047344
5 0.435912 0.260008 0.047344 0.063510
5 0.586028 0.258276 0.038106 0.073903
6 0.474596 0.555042 0.060046 0.140878
6 0.545035 0.554465 0.064665 0.135104
7 0.468822 0.678022 0.034642 0.081986
7 0.537529 0.672248 0.056582 0.081986
8 0.462471 0.766359 0.049654 0.087760
8 0.550808 0.745574 0.083141 0.060046
9 0.501155 0.105081 0.071594 0.064665
11 0.505196 0.154734 0.063510 0.030023
13 0.582564 0.252887 0.028868 0.057737
13 0.440724 0.262440 0.034642 0.052488
15 0.548849 0.743754 0.064035 0.049339
15 0.463293 0.770523 0.039891 0.065085
17 0.508433 0.350444 0.115473 0.248793