10 0.380873 0.124672 0.224186 0.175853
0 0.393621 0.498031 0.726188 0.988189
12 0.402853 0.264436 0.143303 0.101050
1 0.374280 0.233596 0.247924 0.440945
18 0.376038 0.594488 0.335840 0.430446
2 0.379555 0.593832 0.358698 0.489501
4 0.541760 0.797244 0.252320 0.124672
4 0.198008 0.863517 0.252320 0.202100
3 0.154929 0.555118 0.153853 0.440945
3 0.597147 0.551837 0.139787 0.379265
14 0.410325 0.896982 0.177591 0.129921
14 0.340432 0.783465 0.129237 0.104987
5 0.335597 0.772966 0.152974 0.144357
5 0.409886 0.899606 0.210120 0.148294