0 0.740955 0.581986 0.187067 0.438799
1 0.770158 0.406835 0.078321 0.071292
2 0.774174 0.525823 0.092379 0.156642
3 0.744051 0.486662 0.048198 0.058239
4 0.721960 0.534860 0.040165 0.030124
5 0.677779 0.532851 0.036148 0.030124
6 0.751079 0.649831 0.054222 0.083342
6 0.793754 0.645312 0.021086 0.078321
7 0.764133 0.727650 0.040165 0.066272
7 0.794256 0.711082 0.020082 0.047193
8 0.752586 0.778860 0.081333 0.034140
8 0.800783 0.756267 0.033136 0.033136
9 0.771033 0.396349 0.070604 0.048829
12 0.750247 0.418784 0.027714 0.015836
13 0.676015 0.529968 0.028373 0.020455
15 0.753217 0.780381 0.075883 0.026394
15 0.800396 0.756626 0.023755 0.025074
18 0.777961 0.524359 0.076542 0.147806
0 0.615983 0.551541 0.075244 0.266706
1 0.613375 0.445007 0.049169 0.052149
2 0.611885 0.510194 0.056619 0.084184
3 0.589535 0.490452 0.020860 0.035760
6 0.596240 0.580223 0.023840 0.051404
6 0.629020 0.578361 0.025330 0.049169
7 0.597358 0.627157 0.023095 0.037994
7 0.622315 0.621942 0.019370 0.032035
8 0.599965 0.661054 0.031290 0.025330
8 0.629392 0.655094 0.035015 0.025330
9 0.611885 0.433336 0.043209 0.022350
12 0.619707 0.448236 0.029055 0.014900
15 0.600710 0.662048 0.025330 0.020860
15 0.627157 0.653108 0.033525 0.016390
18 0.611513 0.508952 0.048424 0.075244
0 0.554893 0.551541 0.060344 0.286076
1 0.555266 0.438675 0.052149 0.057364
2 0.553031 0.507959 0.059599 0.090144
6 0.544091 0.599220 0.023840 0.070029
6 0.564206 0.598103 0.019370 0.046934
7 0.539994 0.651742 0.018625 0.030545
7 0.560481 0.645410 0.017880 0.026820
8 0.543346 0.680424 0.032780 0.022350
8 0.568682 0.674878 0.028424 0.021318
9 0.553286 0.424291 0.042636 0.025463
12 0.558319 0.440280 0.025463 0.012436
15 0.544995 0.680109 0.027240 0.018357
15 0.568978 0.674187 0.023095 0.013620
18 0.549733 0.509662 0.049742 0.086457
0 0.507533 0.567057 0.098977 0.319202
1 0.502997 0.435912 0.053613 0.056912
2 0.504216 0.513600 0.070898 0.095163
3 0.476190 0.492412 0.034642 0.051138
4 0.476190 0.534889 0.031343 0.025569
5 0.484026 0.585203 0.027219 0.038766
5 0.539288 0.585203 0.023919 0.033817
6 0.491449 0.604998 0.037116 0.060211
6 0.525679 0.607885 0.024744 0.056087
7 0.484026 0.661498 0.023919 0.044540
7 0.512895 0.659436 0.023919 0.040416
8 0.484026 0.704388 0.033817 0.037941
8 0.524442 0.700264 0.050313 0.032992
9 0.503543 0.423107 0.049742 0.027832
12 0.516571 0.437911 0.030793 0.008883
13 0.485482 0.583684 0.023095 0.023687
13 0.539370 0.585164 0.013620 0.023095
15 0.484298 0.708040 0.025463 0.033162
15 0.524269 0.698269 0.041452 0.023095
18 0.506504 0.510254 0.066323 0.088826
0 0.413138 0.570402 0.109975 0.389310
1 0.419187 0.415338 0.069284 0.070384
2 0.416987 0.501668 0.080282 0.108875
3 0.385645 0.490121 0.032992 0.070384
4 0.396642 0.550057 0.037391 0.036292
5 0.399391 0.590198 0.036292 0.041790
6 0.404340 0.610543 0.039591 0.069284
6 0.440082 0.608893 0.025294 0.072583
7 0.403790 0.672129 0.040691 0.042890
7 0.437883 0.673228 0.020895 0.049489
8 0.402141 0.728766 0.039591 0.054987
8 0.445581 0.724367 0.040691 0.037391
9 0.421818 0.398157 0.057057 0.036001
12 0.434384 0.419893 0.033284 0.008830
13 0.398383 0.590726 0.023774 0.027170
15 0.406874 0.731332 0.029887 0.042114
15 0.444573 0.722841 0.037359 0.025132
18 0.417297 0.504234 0.071673 0.107510