0 0.441109 0.535027 0.332564 0.896074
1 0.456120 0.193226 0.136259 0.189376
2 0.450500 0.445958 0.189684 0.325943
3 0.394919 0.336413 0.073903 0.060046
4 0.345266 0.316782 0.043880 0.094688
4 0.533487 0.351424 0.073903 0.062356
6 0.501155 0.686297 0.073903 0.140878
6 0.439954 0.688607 0.053118 0.140878
7 0.506928 0.787914 0.034642 0.057737
7 0.449192 0.801771 0.034642 0.076212
8 0.528868 0.875674 0.083141 0.103926
8 0.442263 0.924172 0.076212 0.127021
5 0.509668 0.234570 0.055699 0.100530
5 0.388761 0.219626 0.047548 0.062492
9 0.453426 0.164896 0.061894 0.119169
11 0.452502 0.236490 0.045266 0.025866
14 0.498691 0.228637 0.030485 0.078522
14 0.392918 0.220323 0.035104 0.054503
15 0.527791 0.868360 0.053580 0.081293
15 0.444650 0.932102 0.072055 0.084988
17 0.456197 0.440955 0.137644 0.301155