0 0.553368 0.644357 0.442695 0.711286
10 0.563867 0.380577 0.134733 0.044619
11 0.555993 0.413386 0.104987 0.034121
1 0.554243 0.400919 0.167979 0.114173
14 0.589239 0.458661 0.059493 0.032808
14 0.453631 0.487533 0.078740 0.038058
5 0.451881 0.487533 0.106737 0.051181
5 0.595363 0.463911 0.082240 0.045932
4 0.603237 0.548556 0.080490 0.115486
4 0.451881 0.547900 0.075241 0.064304
3 0.639108 0.514436 0.054243 0.086614
18 0.551619 0.585302 0.134733 0.188976
2 0.553368 0.584646 0.155731 0.216535
6 0.586614 0.779528 0.173228 0.173228
7 0.620735 0.935696 0.101487 0.120735