0 0.543880 0.491917 0.612009 0.960739
1 0.441109 0.123557 0.387991 0.228637
2 0.437356 0.419794 0.366628 0.354600
3 0.349885 0.357968 0.150115 0.217090
4 0.406467 0.513857 0.189376 0.085450
5 0.516022 0.655552 0.171767 0.148672
6 0.658199 0.592764 0.089492 0.147229
7 0.503753 0.760200 0.138568 0.049076
7 0.640156 0.695968 0.082275 0.044746
8 0.573759 0.878560 0.272806 0.153002
8 0.706553 0.810720 0.232390 0.144342
15 0.584584 0.882891 0.219400 0.121247
15 0.704388 0.807111 0.193418 0.105370
13 0.493649 0.628127 0.101039 0.085162
9 0.430139 0.067841 0.256928 0.095266
11 0.504475 0.126299 0.171767 0.056293
17 0.487154 0.399105 0.347864 0.321882