10 0.711315 0.075459 0.260842 0.095801
10 0.346466 0.093176 0.227824 0.086614
12 0.350594 0.171916 0.219570 0.068241
12 0.699759 0.162073 0.224522 0.064304
1 0.702235 0.162730 0.272398 0.307087
1 0.331608 0.177822 0.267446 0.295276
14 0.654359 0.471785 0.265795 0.164042
14 0.329132 0.520341 0.209664 0.122047
14 0.604832 0.682415 0.133723 0.131234
14 0.519811 0.827428 0.082545 0.101050
5 0.654359 0.471129 0.308718 0.183727
5 0.329132 0.526247 0.252588 0.146982
5 0.609785 0.691601 0.163439 0.141732
5 0.522287 0.831365 0.123817 0.127297
4 0.843387 0.616798 0.204712 0.301837
4 0.131849 0.621391 0.217919 0.203412
3 0.098006 0.494094 0.150232 0.303150
3 0.903645 0.490157 0.127119 0.342520
18 0.745159 0.589239 0.245984 0.514436
18 0.299416 0.576772 0.245984 0.502625
2 0.292812 0.591207 0.292209 0.549869
2 0.744333 0.593176 0.287256 0.556430