0 0.530793 0.610855 0.265589 0.690531
1 0.582756 0.356813 0.106236 0.163972
2 0.508853 0.502309 0.115473 0.205543
3 0.485758 0.454965 0.055427 0.129330
4 0.490377 0.595843 0.050808 0.106236
4 0.556197 0.596998 0.057737 0.085450
5 0.504234 0.686212 0.046189 0.082542
7 0.499615 0.794457 0.046189 0.115473
8 0.501925 0.899538 0.069284 0.090069
6 0.440724 0.613164 0.025404 0.117783
9 0.581601 0.334873 0.066975 0.110855
11 0.590198 0.406295 0.056454 0.027371
5 0.571807 0.664614 0.048755 0.041057
14 0.503806 0.680010 0.032504 0.058164
14 0.567958 0.662903 0.032504 0.030793
15 0.509366 0.904542 0.045334 0.070995
17 0.505517 0.496963 0.150543 0.253186