0 0.358737 0.618168 0.540416 0.748268
1 0.273287 0.377983 0.235566 0.230947
2 0.272132 0.719784 0.311778 0.461894
3 0.406082 0.551193 0.099307 0.120092
4 0.501925 0.592764 0.078522 0.087760
5 0.581601 0.604311 0.076212 0.083141
3 0.192456 0.643572 0.143187 0.212471
4 0.307929 0.805235 0.240185 0.092379
9 0.270488 0.322976 0.199454 0.111274
12 0.321926 0.394359 0.088180 0.048289
14 0.585415 0.602211 0.065085 0.060886
0 0.725173 0.439184 0.267898 0.381062
1 0.707852 0.364126 0.224018 0.212471
9 0.704388 0.314473 0.175520 0.099307
12 0.675520 0.382602 0.076212 0.064665
17 0.720554 0.538106 0.235566 0.138568
0 0.870670 0.590069 0.254042 0.796767
1 0.886836 0.344111 0.226328 0.267898
17 0.879908 0.743649 0.226328 0.466513
3 0.836028 0.652425 0.166282 0.270208
4 0.845266 0.890300 0.124711 0.182448
12 0.886836 0.279446 0.217090 0.129330
12 0.833718 0.364896 0.073903 0.041570