9 0.517904 0.198725 0.132171 0.054368
11 0.515561 0.236220 0.116235 0.024372
1 0.510874 0.220285 0.146232 0.114361
3 0.385264 0.355268 0.061867 0.119985
4 0.383858 0.453225 0.053431 0.064679
13 0.397919 0.514623 0.062805 0.044994
5 0.393232 0.517904 0.089051 0.049681
3 0.635077 0.344019 0.064679 0.108736
4 0.636952 0.428853 0.062805 0.066554
13 0.648669 0.493532 0.041245 0.055306
5 0.651481 0.496344 0.058118 0.060930
17 0.512748 0.377765 0.202475 0.187477
2 0.509468 0.375422 0.218410 0.205287
6 0.471972 0.530090 0.083427 0.092801
6 0.572272 0.528684 0.107799 0.095613
7 0.467754 0.621016 0.091864 0.077803
7 0.584927 0.634608 0.093738 0.108736
15 0.601331 0.682883 0.098425 0.117173
15 0.471504 0.654293 0.071241 0.110611
8 0.606018 0.722253 0.104049 0.064679
8 0.474316 0.688508 0.073116 0.060930
0 0.507124 0.460724 0.414323 0.623360