0 0.479985 0.500000 0.648961 0.995381
1 0.365666 0.103926 0.263279 0.207852
2 0.436105 0.353349 0.445727 0.378753
3 0.253657 0.363741 0.140878 0.177829
3 0.624326 0.255196 0.157044 0.214781
4 0.266590 0.507082 0.115935 0.094996
4 0.647421 0.424942 0.083141 0.101617
5 0.649731 0.551963 0.120092 0.129330
5 0.292918 0.619784 0.131640 0.123018
6 0.557352 0.601617 0.060046 0.099307
6 0.443033 0.628176 0.122402 0.106236
7 0.645112 0.674365 0.087760 0.069284
7 0.444188 0.730947 0.170901 0.071594
8 0.661278 0.832564 0.166282 0.210162
8 0.471901 0.889145 0.212471 0.193995
15 0.470747 0.882217 0.159353 0.184758
15 0.655504 0.819861 0.099307 0.184758
13 0.289915 0.623865 0.095150 0.097921
13 0.647421 0.543495 0.085912 0.099769
9 0.366590 0.068360 0.198614 0.116397
11 0.361971 0.117783 0.180139 0.076674
17 0.421093 0.345497 0.381524 0.378753