9 0.466535 0.171916 0.203412 0.076115
11 0.466535 0.225066 0.187664 0.024934
1 0.458661 0.198163 0.208661 0.162730
3 0.370079 0.398950 0.125984 0.154856
17 0.446850 0.408793 0.248031 0.250656
2 0.489501 0.416667 0.139108 0.242782
4 0.395013 0.507874 0.107612 0.097113
13 0.431102 0.606299 0.080052 0.070866
5 0.435696 0.606299 0.115486 0.086614
13 0.600394 0.526247 0.056430 0.062992
5 0.606955 0.528871 0.080052 0.078740
6 0.543307 0.601050 0.107612 0.107612
6 0.410761 0.608268 0.104987 0.122047
7 0.401575 0.723097 0.094488 0.099738
7 0.515092 0.686352 0.085302 0.089239
15 0.528215 0.729659 0.158793 0.110236
15 0.429134 0.780840 0.196850 0.125984
8 0.435039 0.815617 0.185039 0.087927
8 0.528871 0.762467 0.154856 0.068241
0 0.453412 0.471785 0.416010 0.801837