0 0.517321 0.380293 0.254042 0.355658
1 0.489607 0.245189 0.087760 0.076212
2 0.491917 0.336413 0.138568 0.110855
3 0.577367 0.301771 0.041570 0.060046
3 0.434180 0.323711 0.060046 0.057737
4 0.584386 0.346873 0.033963 0.027170
5 0.589820 0.380157 0.033963 0.036680
4 0.435629 0.367930 0.032604 0.025812
5 0.441063 0.403931 0.040755 0.040755
13 0.446497 0.398497 0.021736 0.029887
13 0.588462 0.380157 0.023095 0.028529
17 0.503555 0.338722 0.138568 0.111398
6 0.492687 0.429063 0.054340 0.058416
6 0.569443 0.423629 0.055699 0.044831
7 0.498121 0.473894 0.040755 0.023095
7 0.568763 0.459630 0.040755 0.027170
8 0.513744 0.515329 0.061133 0.048906
8 0.583707 0.509894 0.076077 0.062492
15 0.583707 0.507177 0.062492 0.040755
15 0.510347 0.510574 0.043472 0.036680
9 0.485894 0.230041 0.078794 0.038038
11 0.507630 0.252457 0.048906 0.023095