0 0.353448 0.522414 0.662069 0.955172
0 0.778448 0.294828 0.187931 0.348276
0 0.889655 0.693103 0.220690 0.410345
1 0.181034 0.204310 0.262069 0.284483
1 0.768966 0.200000 0.096552 0.124138
1 0.852586 0.561207 0.136207 0.132759
9 0.181034 0.139655 0.213793 0.151724
9 0.763793 0.178448 0.068966 0.053448
9 0.847414 0.531897 0.105172 0.081034
12 0.205172 0.212931 0.158621 0.039655
12 0.872759 0.553448 0.048276 0.024138
12 0.760690 0.199138 0.037931 0.018966
2 0.294310 0.646552 0.450000 0.665517
2 0.784828 0.353448 0.134483 0.227586
2 0.908965 0.742241 0.179310 0.284483
17 0.302069 0.658621 0.427586 0.558621
17 0.793448 0.350862 0.110345 0.194828
17 0.910690 0.738793 0.165517 0.274138
3 0.100345 0.568966 0.106897 0.262069
3 0.542586 0.480172 0.105172 0.218966
3 0.722759 0.303448 0.065517 0.068966
3 0.855517 0.276724 0.027586 0.070690
3 0.843448 0.727586 0.065517 0.113793
4 0.551207 0.682759 0.105172 0.165517
4 0.192586 0.793103 0.284483 0.131034
4 0.742586 0.380172 0.091379 0.039655
4 0.861552 0.350000 0.025862 0.062069
4 0.879655 0.806034 0.103448 0.053448
5 0.407241 0.867241 0.113793 0.093103
5 0.514138 0.871552 0.117241 0.156897
5 0.974310 0.816379 0.051379 0.067241
5 0.924483 0.824138 0.051724 0.062069
5 0.811552 0.403448 0.036207 0.044828
5 0.846247 0.404767 0.034483 0.045639
13 0.787424 0.394118 0.079108 0.058824
13 0.846247 0.391582 0.046653 0.074037
13 0.977759 0.807759 0.044482 0.081034
13 0.904655 0.828448 0.077586 0.056897
13 0.336552 0.838793 0.255172 0.150000
13 0.522759 0.815517 0.134483 0.244828