0 0.630485 0.489607 0.720554 0.946882
1 0.635104 0.122402 0.157044 0.203233
2 0.650115 0.356813 0.334873 0.265589
3 0.523095 0.252887 0.099307 0.094688
3 0.777136 0.245958 0.090069 0.090069
4 0.434180 0.248268 0.060046 0.066975
4 0.871824 0.232102 0.076212 0.066975
5 0.956120 0.170901 0.069284 0.124711
5 0.340647 0.200924 0.099307 0.133949
13 0.341801 0.199769 0.083141 0.099307
13 0.963048 0.175520 0.046189 0.096998
9 0.637413 0.081986 0.096998 0.090069
12 0.645497 0.143187 0.076212 0.050808
6 0.645497 0.593533 0.085450 0.207852
6 0.745958 0.596998 0.092379 0.219400
7 0.674365 0.770208 0.073903 0.131640
7 0.769053 0.762125 0.064665 0.106236
8 0.788684 0.881062 0.108545 0.117783
8 0.663972 0.898383 0.103926 0.110855
15 0.681628 0.900191 0.067276 0.091375
15 0.782542 0.884627 0.082338 0.080329
17 0.653513 0.346922 0.241992 0.270107