0 0.536552 0.482759 0.479310 0.965517
1 0.493448 0.106897 0.268966 0.213793
9 0.494310 0.059483 0.256897 0.118966
11 0.551207 0.119828 0.125862 0.036207
2 0.528793 0.374138 0.401724 0.365517
17 0.523621 0.390517 0.356897 0.301724
3 0.418448 0.353448 0.143103 0.179310
4 0.485690 0.523276 0.143103 0.143103
5 0.540862 0.611207 0.112069 0.101724
13 0.546897 0.622414 0.103448 0.075862
6 0.517586 0.638793 0.158621 0.136207
6 0.615000 0.625862 0.087931 0.113793
7 0.511552 0.781897 0.136207 0.156897
7 0.607241 0.740517 0.093103 0.115517
8 0.671034 0.839655 0.182759 0.072414
8 0.581379 0.914655 0.258621 0.091379
15 0.573621 0.888793 0.222414 0.136207
15 0.668448 0.800862 0.194828 0.156897