0 0.514655 0.590517 0.156897 0.615517
1 0.518966 0.349138 0.062069 0.094828
9 0.517241 0.328448 0.044828 0.046552
11 0.533532 0.369620 0.014269 0.030321
2 0.515101 0.523603 0.091558 0.244352
17 0.516885 0.520927 0.083234 0.228300
3 0.573960 0.440071 0.027348 0.063020
3 0.459810 0.467122 0.026159 0.073127
4 0.459512 0.539358 0.026754 0.071344
4 0.564744 0.376457 0.036266 0.057075
5 0.464269 0.575327 0.010107 0.013674
5 0.548395 0.352675 0.020214 0.021403
13 0.463971 0.575030 0.010702 0.013080
13 0.550178 0.357134 0.024970 0.026754
6 0.496968 0.685137 0.038644 0.097503
6 0.538585 0.684245 0.038644 0.094530
7 0.494887 0.788882 0.034483 0.109988
7 0.532937 0.781748 0.030916 0.094530
8 0.540369 0.853389 0.050535 0.048751
8 0.492509 0.870927 0.039239 0.049346
15 0.541558 0.846552 0.046968 0.060048
15 0.491914 0.865279 0.042806 0.064209