0 0.614229 0.594383 0.293625 0.721359
1 0.584375 0.446875 0.218750 0.234375
2 0.712500 0.626563 0.070833 0.065625
3 0.708333 0.910937 0.062500 0.071875
3 0.539583 0.881250 0.091667 0.075000
4 0.534375 0.653125 0.102083 0.181250
4 0.641667 0.658594 0.125000 0.198437
5 0.553125 0.792969 0.064583 0.117188
5 0.680208 0.809375 0.097917 0.128125
6 0.710417 0.434375 0.058333 0.153125
6 0.475000 0.425781 0.016667 0.120313
7 0.719792 0.549219 0.060417 0.085938
8 0.566667 0.291406 0.104167 0.117188
0 0.334844 0.597969 0.273271 0.754500
1 0.353125 0.478125 0.227083 0.278125
2 0.279167 0.617188 0.037500 0.034375
3 0.409375 0.892969 0.114583 0.048438
3 0.296875 0.957031 0.056250 0.029687
4 0.328125 0.690625 0.118750 0.162500
4 0.423958 0.672656 0.077083 0.151562
5 0.307292 0.851562 0.081250 0.184375
5 0.406250 0.808594 0.095833 0.126562
6 0.463542 0.432031 0.010417 0.139063
6 0.239583 0.448437 0.058333 0.131250
7 0.251042 0.561719 0.072917 0.117188
8 0.391667 0.293750 0.116667 0.134375
