0 0.407813 0.550741 0.230250 0.629200
1 0.418750 0.461176 0.134375 0.169412
2 0.421094 0.521176 0.054688 0.068235
2 0.464844 0.525882 0.048438 0.058824
3 0.334375 0.822353 0.062500 0.077647
4 0.390625 0.625882 0.100000 0.141176
4 0.476562 0.611765 0.071875 0.117647
5 0.385937 0.690588 0.093750 0.209412
6 0.497656 0.481176 0.045312 0.167059
6 0.341406 0.496471 0.048438 0.188235
7 0.501563 0.580000 0.037500 0.091765
7 0.360156 0.574118 0.085938 0.098824
8 0.425781 0.347059 0.073438 0.167059
0 0.682906 0.539082 0.256781 0.636518
1 0.671875 0.461176 0.118750 0.207059
2 0.673438 0.489412 0.043750 0.056471
2 0.715625 0.489412 0.043750 0.061176
3 0.760156 0.805882 0.064062 0.068235
3 0.610156 0.811765 0.045312 0.065882
4 0.653125 0.624706 0.059375 0.176471
4 0.735938 0.611765 0.109375 0.164706
5 0.606250 0.652941 0.053125 0.247059
5 0.767188 0.655294 0.078125 0.242353
6 0.760938 0.431765 0.075000 0.138824
6 0.601562 0.437647 0.068750 0.127059
7 0.771094 0.515294 0.070312 0.065882
7 0.603125 0.520000 0.100000 0.075294
8 0.682031 0.347059 0.076563 0.167059
