0 0.513164 0.473753 0.387910 0.564304
1 0.515797 0.299213 0.115846 0.199475
12 0.504388 0.307087 0.080741 0.047244
10 0.518869 0.242782 0.095661 0.070866
3 0.564505 0.469160 0.043004 0.129921
3 0.455680 0.431759 0.034227 0.047244
4 0.435933 0.478346 0.029839 0.053806
4 0.539493 0.550525 0.070210 0.061680
14 0.499561 0.601050 0.035983 0.057743
14 0.423647 0.529528 0.042126 0.040682
5 0.426280 0.529528 0.054413 0.059055
5 0.501755 0.601706 0.049147 0.064304
7 0.532033 0.625328 0.097416 0.082677
7 0.395124 0.608924 0.050025 0.099738
16 0.359141 0.658793 0.051780 0.041995
16 0.449098 0.675853 0.031594 0.055118
8 0.452169 0.672572 0.043004 0.072178
8 0.358702 0.656168 0.070210 0.057743