0 0.593258 0.425844 0.185391 0.330354
1 0.583594 0.381250 0.070312 0.079167
2 0.667969 0.432292 0.020313 0.014583
2 0.546094 0.272917 0.017188 0.016667
3 0.515625 0.516667 0.021875 0.029167
3 0.572656 0.575000 0.026562 0.020833
4 0.561719 0.439583 0.042188 0.100000
4 0.546094 0.426042 0.032813 0.093750
5 0.574219 0.528125 0.017188 0.072917
5 0.539062 0.489583 0.053125 0.041667
6 0.592969 0.321875 0.035937 0.039583
6 0.615625 0.410417 0.021875 0.037500
7 0.565625 0.294792 0.028125 0.027083
7 0.639844 0.429167 0.032813 0.016667
8 0.632031 0.380208 0.029687 0.035417
