0 0.778027 0.654160 0.443413 0.691680
1 0.805333 0.637000 0.282667 0.338000
2 0.770667 0.938000 0.154667 0.116000
4 0.814667 0.902000 0.104000 0.188000
4 0.916000 0.883000 0.130667 0.226000
6 0.954667 0.538000 0.080000 0.124000
6 0.634667 0.615000 0.149333 0.214000
7 0.652000 0.812000 0.184000 0.176000
8 0.782667 0.412000 0.168000 0.188000
0 0.298853 0.561010 0.571307 0.875620
2 0.064000 0.528000 0.106667 0.080000
2 0.446667 0.717000 0.130667 0.138000
4 0.425333 0.864000 0.200000 0.260000
6 0.506667 0.469000 0.128000 0.234000
6 0.136000 0.478000 0.096000 0.220000
7 0.517333 0.615000 0.122667 0.110000
7 0.102667 0.589000 0.114667 0.066000
8 0.224000 0.866000 0.224000 0.256000
