0 0.299931 0.576115 0.445667 0.847769
0 0.682119 0.531496 0.323962 0.937008
11 0.348526 0.323491 0.113825 0.061680
12 0.705760 0.239501 0.085806 0.040682
10 0.689562 0.175197 0.112949 0.082677
10 0.321383 0.250000 0.138341 0.090551
1 0.327074 0.316273 0.154977 0.246719
1 0.691313 0.232940 0.128709 0.227034
3 0.623018 0.503937 0.090184 0.233596
3 0.163342 0.559711 0.123456 0.221785
3 0.431267 0.604987 0.072673 0.244094
4 0.671175 0.702756 0.118203 0.153543
4 0.452719 0.826772 0.075299 0.183727
4 0.131821 0.702100 0.083180 0.083990
4 0.770552 0.766404 0.075299 0.083990
18 0.640092 0.574803 0.185622 0.485564
18 0.310876 0.682415 0.211889 0.522310
2 0.314378 0.688320 0.225898 0.552493
2 0.641405 0.578084 0.197004 0.513123
14 0.472857 0.965879 0.070046 0.068241
5 0.475922 0.961286 0.088433 0.077428
5 0.774055 0.770341 0.085806 0.094488
5 0.131821 0.708005 0.098940 0.108924