0 0.483852 0.462139 0.395672 0.757849
1 0.385156 0.330969 0.151562 0.250591
2 0.339844 0.450355 0.042188 0.082742
2 0.446094 0.406619 0.054688 0.033097
3 0.655469 0.713948 0.048438 0.104019
3 0.396094 0.804965 0.051562 0.063830
4 0.396875 0.541371 0.059375 0.189125
4 0.451562 0.483452 0.087500 0.125296
5 0.388281 0.686761 0.042188 0.111111
6 0.437500 0.286052 0.065625 0.132388
6 0.317188 0.268322 0.034375 0.073286
7 0.468750 0.365248 0.021875 0.068558
7 0.329688 0.358156 0.021875 0.101655
8 0.352344 0.167849 0.064062 0.156028
0 0.576641 0.529905 0.484875 0.744917
1 0.568750 0.405437 0.162500 0.262411
2 0.418750 0.550827 0.037500 0.075650
2 0.788281 0.463357 0.054688 0.061466
3 0.565625 0.860520 0.081250 0.066194
3 0.361719 0.804965 0.045312 0.120567
4 0.504687 0.637116 0.081250 0.224586
4 0.592187 0.596927 0.093750 0.167849
5 0.435937 0.742317 0.109375 0.080378
5 0.587500 0.750591 0.106250 0.167849
6 0.684375 0.375887 0.062500 0.070922
6 0.521875 0.359338 0.075000 0.141844
7 0.736719 0.420804 0.073438 0.066194
7 0.458594 0.462175 0.073438 0.125296
8 0.624219 0.238771 0.070312 0.146572
