0 0.671938 0.734133 0.322781 0.427453
1 0.647656 0.682813 0.120313 0.178125
2 0.635938 0.537500 0.031250 0.034375
3 0.808594 0.914062 0.039062 0.062500
3 0.552344 0.908594 0.064062 0.048438
4 0.624219 0.772656 0.039062 0.042188
4 0.703906 0.810937 0.067187 0.084375
5 0.587500 0.857031 0.043750 0.064062
5 0.761719 0.868750 0.079687 0.078125
6 0.655469 0.608594 0.032813 0.045312
6 0.574219 0.629687 0.032813 0.037500
7 0.641406 0.573438 0.029687 0.040625
8 0.614844 0.578125 0.045312 0.059375
0 0.507828 0.635969 0.409844 0.591781
1 0.482031 0.585938 0.132812 0.193750
2 0.326562 0.375000 0.043750 0.065625
2 0.475781 0.628125 0.045312 0.046875
3 0.690625 0.900781 0.037500 0.054688
3 0.422656 0.903125 0.064062 0.046875
4 0.436719 0.738281 0.098437 0.114062
4 0.541406 0.736719 0.114062 0.129688
5 0.417969 0.837500 0.060937 0.090625
5 0.653125 0.846875 0.075000 0.081250
6 0.547656 0.570312 0.048438 0.081250
6 0.385937 0.497656 0.071875 0.070312
7 0.531250 0.627344 0.087500 0.054688
7 0.340625 0.445312 0.043750 0.081250
8 0.485938 0.460938 0.065625 0.081250
