0 0.691444 0.479328 0.567911 0.336094
1 0.673709 0.379688 0.244131 0.084375
2 0.659624 0.623437 0.065728 0.043750
2 0.942488 0.494531 0.053991 0.064062
3 0.793427 0.587500 0.079812 0.053125
3 0.712441 0.598437 0.072770 0.043750
4 0.672535 0.447656 0.143192 0.060937
4 0.784038 0.432031 0.150235 0.104688
5 0.671362 0.532813 0.145540 0.109375
5 0.764085 0.528906 0.110329 0.085938
6 0.752347 0.357031 0.218310 0.057813
6 0.580986 0.463281 0.072770 0.101562
7 0.886150 0.412500 0.129108 0.118750
7 0.629108 0.555469 0.075117 0.092188
8 0.500000 0.385156 0.187793 0.104688
