0 0.611742 0.430704 0.242078 0.481784
1 0.617969 0.307512 0.151562 0.150235
2 0.562500 0.409624 0.043750 0.063380
3 0.685937 0.633803 0.056250 0.065728
3 0.705469 0.558685 0.042188 0.046948
4 0.618750 0.437793 0.031250 0.100939
4 0.650781 0.441315 0.098437 0.183099
5 0.674219 0.517606 0.064062 0.072770
5 0.648438 0.564554 0.093750 0.096244
6 0.575000 0.282864 0.053125 0.053991
6 0.555469 0.327465 0.023438 0.030516
7 0.588281 0.329812 0.035937 0.096244
7 0.528906 0.348592 0.051562 0.053991
8 0.522656 0.241784 0.064062 0.098592
