0 0.476586 0.520000 0.623016 0.960000
1 0.526563 0.757042 0.331250 0.476526
2 0.201563 0.775822 0.075000 0.180751
2 0.584375 0.920188 0.106250 0.150235
6 0.703125 0.746479 0.134375 0.342723
6 0.375000 0.671362 0.143750 0.267606
7 0.691406 0.922535 0.148438 0.145540
7 0.302344 0.750000 0.057813 0.147887
8 0.532031 0.295775 0.264062 0.511737
0 0.253711 0.332101 0.337297 0.659178
1 0.346875 0.126761 0.143750 0.248826
2 0.184375 0.274648 0.065625 0.037559
2 0.141406 0.227700 0.114062 0.061033
4 0.285156 0.427230 0.073438 0.366197
4 0.353906 0.408451 0.126562 0.460094
5 0.285156 0.627934 0.073438 0.058685
7 0.243750 0.130282 0.137500 0.255869
7 0.243750 0.190141 0.078125 0.183099
