0 0.510656 0.548875 0.978688 0.901344
1 0.780941 0.483594 0.428218 0.420312
2 0.636139 0.567969 0.262376 0.076563
4 0.186881 0.708594 0.215347 0.132812
4 0.591584 0.742188 0.574257 0.121875
5 0.184406 0.832812 0.309406 0.325000
5 0.413366 0.852344 0.227723 0.285938
6 0.988861 0.453125 0.012376 0.184375
6 0.555693 0.442969 0.116337 0.214062
7 0.871287 0.586719 0.247525 0.079687
7 0.488861 0.555469 0.096535 0.045312
8 0.777228 0.219531 0.237624 0.223438
0 0.334629 0.411234 0.669257 0.683156
1 0.391089 0.362500 0.366337 0.243750
2 0.037129 0.551562 0.064356 0.071875
2 0.455446 0.483594 0.103960 0.107813
4 0.099010 0.632031 0.198020 0.089063
5 0.024752 0.687500 0.049505 0.071875
6 0.606436 0.323437 0.103960 0.081250
6 0.198020 0.359375 0.148515 0.153125
7 0.506188 0.434375 0.042079 0.031250
7 0.126238 0.414062 0.069307 0.037500
8 0.391089 0.189062 0.212871 0.190625
