0 0.412641 0.664507 0.240281 0.393803
1 0.392188 0.659624 0.078125 0.173709
2 0.369531 0.687793 0.032813 0.051643
3 0.306250 0.833333 0.015625 0.023474
3 0.337500 0.814554 0.046875 0.065728
4 0.360938 0.747653 0.081250 0.119718
5 0.381250 0.819249 0.053125 0.037559
6 0.421094 0.684272 0.017188 0.035211
6 0.360156 0.580986 0.067187 0.068075
7 0.443750 0.715962 0.065625 0.051643
7 0.342969 0.643192 0.042188 0.065728
8 0.417187 0.532864 0.059375 0.112676
0 0.140609 0.515739 0.233344 0.658427
1 0.175000 0.363850 0.121875 0.173709
2 0.169531 0.539906 0.020313 0.051643
3 0.057031 0.782864 0.054688 0.082160
3 0.138281 0.812207 0.067187 0.051643
4 0.121875 0.517606 0.078125 0.218310
4 0.165625 0.545775 0.018750 0.166667
5 0.104688 0.687793 0.096875 0.140845
5 0.147656 0.710094 0.054688 0.161972
6 0.204687 0.372066 0.071875 0.105634
7 0.178906 0.467136 0.032813 0.098592
8 0.220312 0.245305 0.056250 0.110329
0 0.893508 0.543521 0.167578 0.677653
1 0.921875 0.389671 0.084375 0.192488
2 0.860156 0.437793 0.020313 0.035211
3 0.836719 0.848592 0.054688 0.049296
3 0.938281 0.860329 0.023438 0.025822
4 0.934375 0.573944 0.043750 0.180751
4 0.897656 0.563380 0.076563 0.197183
5 0.862500 0.744131 0.062500 0.178404
5 0.932031 0.755869 0.035937 0.183099
6 0.886719 0.345070 0.035937 0.103286
6 0.962500 0.383803 0.018750 0.138498
7 0.872656 0.402582 0.026562 0.049296
7 0.959375 0.443662 0.012500 0.023474
8 0.914844 0.252347 0.051562 0.082160
