0 0.725000 0.697578 0.187500 0.479821
1 0.760938 0.646861 0.071875 0.136771
2 0.653125 0.513453 0.034375 0.049327
2 0.708594 0.492152 0.020313 0.060538
3 0.737500 0.923767 0.028125 0.022422
3 0.800000 0.890135 0.028125 0.058296
4 0.753125 0.781390 0.034375 0.127803
4 0.760156 0.760090 0.076563 0.112108
5 0.771094 0.859865 0.045312 0.051570
5 0.735156 0.856502 0.029687 0.107623
6 0.766406 0.579596 0.048438 0.056054
6 0.712500 0.591928 0.037500 0.049327
7 0.731250 0.541480 0.037500 0.056054
7 0.683594 0.556054 0.039062 0.058296
8 0.763281 0.538117 0.039062 0.058296
0 0.503906 0.646749 0.157812 0.607623
1 0.537500 0.577354 0.071875 0.141256
2 0.450000 0.376682 0.037500 0.062780
2 0.526563 0.418161 0.031250 0.047085
3 0.566406 0.921525 0.023438 0.049327
3 0.487500 0.892377 0.043750 0.067265
4 0.514062 0.706278 0.040625 0.121076
4 0.555469 0.713004 0.042188 0.130045
5 0.500000 0.818386 0.031250 0.098655
5 0.563281 0.839686 0.026562 0.123318
6 0.565625 0.519058 0.021875 0.051570
6 0.496094 0.497758 0.045312 0.071749
7 0.553906 0.468610 0.039062 0.076233
7 0.469531 0.437220 0.035937 0.071749
8 0.546875 0.484305 0.043750 0.071749
0 0.361859 0.732578 0.144281 0.417982
1 0.339844 0.671525 0.089063 0.163677
2 0.367188 0.586323 0.021875 0.051570
2 0.420312 0.604260 0.021875 0.038117
3 0.335156 0.918161 0.020313 0.033632
4 0.325781 0.788117 0.060937 0.078475
4 0.377344 0.793722 0.054688 0.107623
5 0.339844 0.859865 0.032813 0.078475
5 0.392969 0.883408 0.026562 0.098655
6 0.392188 0.628924 0.028125 0.060538
6 0.315625 0.624439 0.028125 0.060538
7 0.413281 0.640135 0.026562 0.038117
7 0.339844 0.635650 0.048438 0.060538
8 0.345313 0.562780 0.040625 0.071749
