0 0.527531 0.574596 0.298750 0.817994
1 0.497656 0.423398 0.098437 0.245125
2 0.397656 0.257660 0.032813 0.069638
3 0.627344 0.940111 0.042188 0.075209
3 0.461719 0.954039 0.023438 0.047354
4 0.492188 0.662953 0.050000 0.228412
4 0.543750 0.646240 0.075000 0.233983
5 0.475000 0.850975 0.040625 0.164345
5 0.589063 0.830084 0.065625 0.172702
6 0.558594 0.377437 0.057813 0.125348
6 0.423438 0.377437 0.065625 0.091922
7 0.599219 0.479109 0.054688 0.111421
7 0.389844 0.356546 0.023438 0.128134
8 0.480469 0.250696 0.057813 0.144847
