0 0.510516 0.426276 0.208406 0.579766
1 0.504687 0.303279 0.087500 0.185012
2 0.418750 0.153396 0.025000 0.035129
2 0.601562 0.357143 0.021875 0.035129
3 0.564844 0.696721 0.039062 0.030445
3 0.421875 0.694379 0.025000 0.035129
4 0.470313 0.470726 0.059375 0.177986
4 0.525781 0.481265 0.048438 0.170960
5 0.442969 0.613583 0.042188 0.121780
5 0.545312 0.624122 0.031250 0.124122
6 0.557813 0.274005 0.043750 0.070258
6 0.448437 0.234192 0.065625 0.046838
7 0.587500 0.318501 0.040625 0.051522
7 0.418750 0.211944 0.018750 0.081967
8 0.524219 0.187354 0.042188 0.093677
