0 0.787469 0.559500 0.256521 0.604031
1 0.779167 0.453906 0.175000 0.220312
2 0.673958 0.582031 0.031250 0.048438
2 0.773958 0.555469 0.072917 0.054688
3 0.804167 0.835156 0.204167 0.045312
3 0.737500 0.810937 0.112500 0.046875
4 0.798958 0.627344 0.135417 0.123438
4 0.717708 0.623437 0.056250 0.131250
5 0.746875 0.737500 0.072917 0.100000
5 0.813542 0.750000 0.164583 0.128125
6 0.844792 0.418750 0.077083 0.112500
6 0.704167 0.430469 0.058333 0.098437
7 0.823958 0.503125 0.093750 0.087500
7 0.687500 0.514844 0.037500 0.073438
8 0.759375 0.314844 0.102083 0.092188
0 0.496167 0.638125 0.262792 0.337719
1 0.453125 0.586719 0.097917 0.142187
2 0.534375 0.665625 0.031250 0.034375
2 0.416667 0.515625 0.029167 0.021875
3 0.580208 0.784375 0.077083 0.028125
3 0.433333 0.763281 0.062500 0.020313
4 0.435417 0.685156 0.058333 0.051562
4 0.498958 0.675781 0.089583 0.060937
5 0.432292 0.729688 0.052083 0.046875
5 0.557292 0.735156 0.122917 0.085938
6 0.490625 0.585938 0.052083 0.056250
7 0.518750 0.629687 0.037500 0.037500
8 0.480208 0.511719 0.077083 0.054688
