0 0.144656 0.545927 0.287562 0.908062
1 0.107813 0.530208 0.184375 0.493750
2 0.221094 0.541667 0.085938 0.083333
2 0.248438 0.570833 0.056250 0.050000
4 0.080469 0.875000 0.160938 0.241667
4 0.182031 0.879167 0.070312 0.233333
6 0.040625 0.405208 0.081250 0.206250
7 0.089063 0.552083 0.178125 0.095833
8 0.125781 0.219792 0.139063 0.231250
0 0.479695 0.675365 0.261516 0.649271
1 0.431250 0.585417 0.103125 0.250000
2 0.582031 0.578125 0.032813 0.043750
2 0.562500 0.555208 0.037500 0.022917
4 0.428906 0.792708 0.079687 0.181250
4 0.479687 0.786458 0.050000 0.193750
5 0.392188 0.937500 0.062500 0.116667
5 0.488281 0.936458 0.032813 0.118750
6 0.466406 0.507292 0.029687 0.056250
6 0.435937 0.533333 0.103125 0.095833
7 0.512500 0.543750 0.068750 0.037500
7 0.527344 0.571875 0.076563 0.035417
8 0.422656 0.420833 0.067187 0.108333
