0 0.679688 0.414297 0.259094 0.662693
1 0.705469 0.492974 0.173437 0.428571
2 0.587500 0.597190 0.065625 0.046838
2 0.582031 0.540984 0.064062 0.079625
4 0.746875 0.701405 0.096875 0.058548
6 0.754687 0.481265 0.081250 0.278689
7 0.696875 0.577283 0.162500 0.100703
8 0.651563 0.221311 0.109375 0.222482
0 0.442055 0.474098 0.282734 0.719719
1 0.438281 0.562061 0.226562 0.482436
2 0.457031 0.591335 0.067187 0.091335
2 0.521875 0.591335 0.059375 0.091335
4 0.505469 0.811475 0.029687 0.035129
6 0.546875 0.449649 0.056250 0.210773
6 0.339844 0.524590 0.067187 0.262295
7 0.558594 0.615925 0.042188 0.037471
7 0.381250 0.646370 0.115625 0.121780
8 0.418750 0.264637 0.096875 0.248244
