0 0.161117 0.692510 0.322234 0.614979
1 0.221094 0.661458 0.160938 0.281250
2 0.096875 0.694792 0.059375 0.081250
2 0.180469 0.854167 0.082812 0.104167
3 0.267969 0.967708 0.039062 0.056250
4 0.278906 0.845833 0.067187 0.125000
5 0.122656 0.760417 0.129688 0.129167
5 0.221094 0.911458 0.098437 0.168750
6 0.293750 0.683333 0.053125 0.237500
6 0.086719 0.593750 0.132812 0.116667
7 0.252344 0.795833 0.089063 0.075000
7 0.042188 0.667708 0.068750 0.056250
8 0.224219 0.492708 0.095312 0.197917
0 0.678648 0.677010 0.392391 0.645979
1 0.687500 0.652083 0.171875 0.241667
2 0.664844 0.809375 0.082812 0.114583
2 0.682031 0.800000 0.092188 0.100000
4 0.580469 0.906250 0.198437 0.179167
4 0.773438 0.904167 0.196875 0.183333
6 0.782813 0.648958 0.081250 0.222917
6 0.582031 0.659375 0.060937 0.210417
7 0.771875 0.772917 0.103125 0.083333
7 0.588281 0.787500 0.073438 0.066667
8 0.679688 0.450000 0.096875 0.195833
0 0.416297 0.696625 0.273031 0.606750
1 0.439844 0.665625 0.085938 0.206250
3 0.466406 0.942708 0.057813 0.106250
3 0.322656 0.947917 0.085938 0.095833
4 0.403125 0.763542 0.068750 0.335417
4 0.489844 0.771875 0.117188 0.297917
5 0.351562 0.746875 0.093750 0.310417
5 0.482812 0.737500 0.096875 0.325000
8 0.395313 0.507292 0.090625 0.206250
