0 0.532281 0.445667 0.264031 0.511000
1 0.606250 0.326042 0.106250 0.152083
2 0.421875 0.337500 0.043750 0.050000
2 0.614844 0.516667 0.035937 0.058333
3 0.531250 0.680208 0.040625 0.027083
3 0.431250 0.578125 0.053125 0.035417
4 0.526563 0.439583 0.103125 0.116667
4 0.590625 0.470833 0.084375 0.137500
5 0.467187 0.526042 0.050000 0.106250
5 0.556250 0.608333 0.046875 0.141667
6 0.648438 0.368750 0.025000 0.100000
6 0.532031 0.272917 0.082812 0.050000
7 0.638281 0.455208 0.039062 0.081250
7 0.464844 0.296875 0.064062 0.052083
8 0.620313 0.242708 0.050000 0.097917
