0 0.359156 0.584980 0.352531 0.800438
1 0.396094 0.532869 0.204687 0.340637
2 0.314844 0.656375 0.104688 0.093625
4 0.341406 0.831673 0.101562 0.296813
4 0.450781 0.839641 0.123438 0.280876
6 0.501563 0.460159 0.037500 0.151394
6 0.250781 0.476096 0.110937 0.167331
7 0.237500 0.595618 0.084375 0.091633
8 0.378906 0.296813 0.098437 0.187251
0 0.683055 0.567928 0.405297 0.841873
1 0.646094 0.525896 0.245312 0.398406
2 0.557813 0.841633 0.062500 0.117530
2 0.838281 0.700199 0.064062 0.097610
4 0.633594 0.837649 0.098437 0.260956
4 0.725781 0.825697 0.120313 0.260956
5 0.657813 0.974104 0.059375 0.019920
5 0.750781 0.969124 0.070312 0.029880
6 0.783594 0.443227 0.107813 0.205179
6 0.542969 0.519920 0.054688 0.207171
7 0.826562 0.586653 0.056250 0.133466
7 0.550781 0.704183 0.042188 0.161355
8 0.603906 0.268924 0.126562 0.211155
