0 0.508370 0.511453 0.228860 0.662320
1 0.562000 0.385333 0.112000 0.216000
2 0.417000 0.413333 0.050000 0.042667
3 0.472000 0.804000 0.064000 0.066667
3 0.447000 0.724000 0.034000 0.034667
4 0.474000 0.525333 0.112000 0.096000
4 0.505000 0.556000 0.150000 0.141333
5 0.426000 0.590667 0.016000 0.024000
5 0.459000 0.692000 0.066000 0.173333
6 0.546000 0.388000 0.080000 0.104000
6 0.522000 0.368000 0.044000 0.080000
7 0.480000 0.424000 0.076000 0.037333
7 0.469000 0.400000 0.070000 0.021333
8 0.553000 0.258667 0.058000 0.138667
