0 0.445391 0.452265 0.253375 0.338099
1 0.453906 0.395540 0.120313 0.119718
2 0.330469 0.491784 0.026562 0.049296
2 0.553125 0.460094 0.031250 0.046948
3 0.375000 0.600939 0.050000 0.032864
4 0.471875 0.510563 0.050000 0.025822
4 0.464844 0.481221 0.098437 0.061033
5 0.460156 0.550469 0.057813 0.082160
5 0.407813 0.545775 0.043750 0.119718
6 0.479687 0.370892 0.053125 0.061033
6 0.389844 0.400235 0.042188 0.053991
7 0.524219 0.413146 0.045312 0.070423
7 0.357031 0.442488 0.042188 0.068075
8 0.414062 0.330986 0.040625 0.089202
