0 0.594836 0.333406 0.314517 0.212594
1 0.591075 0.299219 0.158470 0.110937
2 0.720401 0.272656 0.056466 0.026562
2 0.700364 0.422656 0.049180 0.029687
3 0.724044 0.373437 0.049180 0.071875
4 0.627505 0.350000 0.030965 0.093750
4 0.671220 0.304688 0.071038 0.118750
5 0.649362 0.392188 0.067395 0.031250
5 0.675774 0.357812 0.058288 0.031250
6 0.574681 0.291406 0.085610 0.035937
6 0.582878 0.368750 0.061931 0.046875
7 0.653005 0.279687 0.078324 0.028125
7 0.665756 0.412500 0.023679 0.021875
8 0.489071 0.327344 0.081967 0.073438
