0 0.365263 0.524278 0.525180 0.757218
4 0.380015 0.434383 0.133754 0.070866
3 0.343626 0.341207 0.072778 0.115486
18 0.273799 0.372703 0.173093 0.225722
2 0.269865 0.372703 0.212432 0.241470
11 0.360345 0.229003 0.098348 0.030184
10 0.345593 0.190945 0.139655 0.048556
1 0.341659 0.218504 0.178994 0.114173
14 0.459677 0.488189 0.088514 0.044619
5 0.463611 0.489501 0.112117 0.055118
6 0.328874 0.573491 0.133754 0.165354
6 0.232492 0.574803 0.074745 0.170604
15 0.205938 0.806430 0.076712 0.051181
15 0.352477 0.805774 0.169159 0.055118
8 0.358378 0.807087 0.204565 0.062992
8 0.207905 0.806430 0.092447 0.061680