0 0.182664 0.610847 0.285078 0.650356
1 0.141406 0.588912 0.189062 0.357741
2 0.287500 0.639121 0.068750 0.064854
2 0.267188 0.617155 0.028125 0.025105
3 0.097656 0.882845 0.073438 0.096234
4 0.168750 0.812762 0.181250 0.182008
4 0.211719 0.720711 0.067187 0.073222
5 0.263281 0.900628 0.076563 0.060669
5 0.158594 0.876569 0.067187 0.041841
6 0.108594 0.569038 0.092188 0.179916
7 0.236719 0.608787 0.045312 0.037657
7 0.189062 0.641213 0.128125 0.056485
8 0.166406 0.380753 0.092188 0.154812
0 0.558070 0.595293 0.247297 0.559289
1 0.544531 0.509414 0.120313 0.202929
2 0.491406 0.445607 0.023438 0.066946
2 0.539844 0.443515 0.032813 0.079498
4 0.618750 0.695607 0.087500 0.127615
5 0.648438 0.800209 0.050000 0.131799
6 0.599219 0.493724 0.035937 0.129707
6 0.464844 0.463389 0.035937 0.119247
7 0.567187 0.527197 0.071875 0.112971
7 0.471094 0.517782 0.048438 0.094142
8 0.528906 0.372385 0.073438 0.104603
0 0.786359 0.677134 0.427281 0.645732
1 0.862500 0.466527 0.268750 0.205021
2 0.607812 0.576360 0.053125 0.035565
2 0.607031 0.611925 0.070312 0.060669
3 0.796875 0.980126 0.084375 0.031381
4 0.859375 0.692469 0.046875 0.259414
4 0.932031 0.664226 0.129688 0.303347
5 0.839844 0.887029 0.039062 0.163180
5 0.889844 0.901674 0.051562 0.188285
6 0.760156 0.564854 0.064062 0.209205
6 0.724219 0.564854 0.026562 0.083682
7 0.695312 0.637029 0.115625 0.064854
7 0.684375 0.600418 0.081250 0.016736
8 0.678906 0.480126 0.098437 0.148536
