0 0.655227 0.566940 0.547627 0.858280
1 0.734667 0.491000 0.226667 0.346000
2 0.473333 0.540000 0.104000 0.076000
2 0.672000 0.677000 0.133333 0.094000
4 0.657333 0.799000 0.077333 0.166000
4 0.782667 0.791000 0.194667 0.338000
5 0.688000 0.935000 0.090667 0.114000
5 0.777333 0.975000 0.120000 0.034000
6 0.854667 0.446000 0.141333 0.228000
6 0.636000 0.450000 0.061333 0.176000
7 0.817333 0.603000 0.216000 0.122000
7 0.588000 0.539000 0.120000 0.058000
8 0.714667 0.250000 0.181333 0.200000
0 0.223227 0.539780 0.332587 0.802240
1 0.245333 0.408000 0.218667 0.248000
2 0.096000 0.453000 0.080000 0.050000
2 0.362667 0.585000 0.042667 0.070000
3 0.281333 0.902000 0.109333 0.072000
3 0.184000 0.865000 0.128000 0.054000
4 0.201333 0.614000 0.114667 0.192000
4 0.310667 0.617000 0.136000 0.206000
5 0.204000 0.772000 0.077333 0.132000
5 0.312000 0.796000 0.069333 0.148000
6 0.357333 0.350000 0.053333 0.132000
6 0.129333 0.372000 0.061333 0.132000
7 0.360000 0.483000 0.048000 0.142000
7 0.134667 0.452000 0.050667 0.048000
8 0.228000 0.223000 0.114667 0.142000
