0 0.340094 0.629391 0.519896 0.546219
1 0.380208 0.504687 0.185417 0.175000
2 0.552083 0.526563 0.054167 0.028125
2 0.128125 0.489844 0.081250 0.045312
3 0.331250 0.774219 0.037500 0.032813
3 0.347917 0.829688 0.033333 0.056250
4 0.373958 0.653125 0.081250 0.125000
4 0.310417 0.619531 0.070833 0.107813
5 0.370833 0.764844 0.070833 0.098437
5 0.341667 0.717187 0.037500 0.093750
6 0.325000 0.432812 0.125000 0.053125
6 0.469792 0.504687 0.043750 0.068750
7 0.218750 0.458594 0.112500 0.035937
7 0.500000 0.532813 0.054167 0.025000
8 0.476042 0.409375 0.085417 0.078125
