0 0.090172 0.202677 0.170219 0.379771
1 0.083594 0.279167 0.157812 0.220833
2 0.045312 0.326042 0.050000 0.072917
6 0.142187 0.253125 0.059375 0.152083
7 0.117188 0.311458 0.109375 0.039583
8 0.046875 0.093750 0.084375 0.162500
0 0.854773 0.466292 0.290453 0.923583
1 0.866406 0.356250 0.182812 0.462500
2 0.736719 0.494792 0.054688 0.068750
2 0.840625 0.606250 0.096875 0.062500
6 0.960156 0.369792 0.073438 0.310417
7 0.942969 0.572917 0.107813 0.120833
7 0.768750 0.426042 0.056250 0.106250
8 0.850000 0.101042 0.156250 0.193750
