0 0.314340 0.586347 0.250520 0.776533
1 0.250000 0.474212 0.124000 0.295129
2 0.413000 0.679083 0.046000 0.080229
4 0.290000 0.726361 0.100000 0.249284
4 0.242000 0.732092 0.068000 0.232092
5 0.265000 0.905444 0.142000 0.120344
5 0.245000 0.892550 0.054000 0.100287
6 0.323000 0.455587 0.058000 0.171920
7 0.365000 0.590258 0.094000 0.131805
8 0.277000 0.282235 0.066000 0.151862
0 0.649610 0.465287 0.265900 0.799685
1 0.647000 0.265043 0.114000 0.174785
2 0.756000 0.568768 0.040000 0.088825
4 0.660000 0.689112 0.076000 0.146132
4 0.646000 0.699140 0.092000 0.148997
5 0.616000 0.797994 0.092000 0.123209
5 0.651000 0.808023 0.046000 0.080229
6 0.560000 0.295129 0.068000 0.177650
6 0.714000 0.289398 0.052000 0.183381
7 0.736000 0.446991 0.064000 0.160458
8 0.685000 0.133238 0.094000 0.128940
