0 0.772258 0.635953 0.141766 0.683153
1 0.793750 0.495294 0.065625 0.176471
2 0.738281 0.454118 0.023438 0.032941
2 0.714063 0.562353 0.021875 0.032941
3 0.764062 0.942353 0.071875 0.044706
3 0.790625 0.936471 0.081250 0.042353
4 0.810156 0.671765 0.029687 0.185882
4 0.785156 0.670588 0.064062 0.197647
5 0.810156 0.834118 0.029687 0.181176
5 0.774219 0.845882 0.045312 0.157647
6 0.778125 0.483529 0.034375 0.143529
6 0.757812 0.497647 0.015625 0.049412
7 0.750781 0.542353 0.051562 0.040000
7 0.744531 0.495294 0.020313 0.058824
8 0.802344 0.354118 0.067187 0.110588
