0 0.433986 0.530375 0.790490 0.745469
1 0.566434 0.373437 0.298368 0.234375
2 0.094406 0.375781 0.104895 0.054688
2 0.780886 0.405469 0.088578 0.070312
3 0.569930 0.873437 0.202797 0.053125
3 0.508159 0.852344 0.116550 0.039062
4 0.498834 0.572656 0.223776 0.173437
4 0.600233 0.559375 0.314685 0.200000
5 0.540793 0.742969 0.200466 0.210938
5 0.475524 0.744531 0.191142 0.179688
6 0.608392 0.303125 0.153846 0.093750
6 0.365967 0.339844 0.107226 0.073438
7 0.708625 0.347656 0.111888 0.082812
7 0.230769 0.357031 0.186480 0.039062
8 0.438228 0.245312 0.200466 0.153125
