0 0.446313 0.513208 0.303031 0.569667
1 0.491406 0.538542 0.167187 0.239583
2 0.391406 0.523958 0.032813 0.064583
2 0.405469 0.425000 0.042188 0.075000
3 0.542188 0.750000 0.078125 0.087500
4 0.387500 0.632292 0.100000 0.097917
4 0.442969 0.695833 0.214062 0.100000
5 0.332031 0.678125 0.076563 0.110417
5 0.420312 0.739583 0.168750 0.091667
6 0.513281 0.503125 0.101562 0.139583
6 0.435156 0.502083 0.051562 0.154167
7 0.442188 0.507292 0.068750 0.122917
7 0.408594 0.560417 0.020313 0.083333
8 0.497656 0.327083 0.117188 0.187500
