0 0.423058 0.340551 0.306787 0.594488
0 0.883301 0.152887 0.233398 0.305774
12 0.407376 0.231627 0.132320 0.048556
12 0.911663 0.030840 0.060769 0.027559
10 0.405906 0.143701 0.143102 0.111549
1 0.404925 0.222441 0.172507 0.276903
18 0.419138 0.440945 0.175447 0.207349
2 0.417667 0.438976 0.197990 0.227034
3 0.517153 0.418635 0.053908 0.152231
3 0.309851 0.450787 0.050968 0.169291
3 0.935187 0.175197 0.050968 0.140420
3 0.860696 0.169948 0.041166 0.098425
4 0.829821 0.166667 0.030385 0.089239
14 0.825900 0.096457 0.028424 0.048556
5 0.824430 0.091864 0.043127 0.060367
18 0.926366 0.171916 0.109777 0.178478
2 0.926856 0.168635 0.122519 0.203412
1 0.920485 0.047900 0.111737 0.095800