0 0.607352 0.570515 0.200453 0.778033
1 0.610938 0.419204 0.109375 0.266979
2 0.614844 0.379391 0.026562 0.042155
2 0.621094 0.348946 0.032813 0.056206
3 0.550000 0.919204 0.065625 0.058548
3 0.675781 0.914520 0.051562 0.067916
4 0.595313 0.638173 0.093750 0.213115
4 0.599219 0.646370 0.104688 0.224824
5 0.639062 0.812646 0.059375 0.192037
5 0.550000 0.817330 0.059375 0.159251
6 0.671094 0.379391 0.045312 0.103044
6 0.556250 0.367681 0.075000 0.121780
7 0.660156 0.411007 0.057813 0.105386
7 0.562500 0.395785 0.084375 0.065574
8 0.635938 0.249415 0.059375 0.128806
