0 0.460961 0.549333 0.245891 0.535071
1 0.432812 0.451515 0.109375 0.208081
2 0.356250 0.479798 0.037500 0.034343
2 0.350000 0.514141 0.025000 0.030303
3 0.560937 0.782828 0.040625 0.050505
3 0.363281 0.776768 0.045312 0.038384
4 0.396875 0.596970 0.078125 0.131313
4 0.469531 0.592929 0.089063 0.111111
5 0.372656 0.704040 0.032813 0.111111
5 0.522656 0.697980 0.070312 0.131313
6 0.427344 0.424242 0.057813 0.109091
7 0.389062 0.488889 0.059375 0.056566
7 0.379688 0.461616 0.021875 0.030303
8 0.411719 0.334343 0.048438 0.082828
