0 0.434586 0.181115 0.252359 0.194646
1 0.467187 0.205208 0.053125 0.031250
2 0.519531 0.191667 0.014063 0.016667
2 0.508594 0.153125 0.023438 0.018750
3 0.348438 0.164583 0.031250 0.070833
3 0.348438 0.253125 0.031250 0.043750
4 0.373437 0.198958 0.050000 0.047917
4 0.415625 0.166667 0.059375 0.095833
5 0.327344 0.188542 0.039062 0.110417
5 0.406250 0.134375 0.081250 0.093750
6 0.521094 0.216667 0.032813 0.016667
7 0.503125 0.191667 0.025000 0.062500
7 0.492969 0.171875 0.014063 0.027083
8 0.538281 0.205208 0.039062 0.039583
