0 0.273141 0.516372 0.322344 0.573368
1 0.255469 0.406445 0.098437 0.209979
2 0.414062 0.440748 0.034375 0.041580
2 0.137500 0.485447 0.040625 0.056133
3 0.188281 0.761954 0.042188 0.027027
3 0.327344 0.782744 0.048438 0.027027
4 0.274219 0.577963 0.095312 0.133056
4 0.232813 0.574844 0.053125 0.139293
5 0.309375 0.698545 0.040625 0.149688
5 0.211719 0.699584 0.073438 0.114345
6 0.206250 0.370062 0.056250 0.091476
6 0.312500 0.355509 0.062500 0.079002
7 0.169531 0.430353 0.042188 0.070686
7 0.364844 0.403326 0.079687 0.062370
8 0.288281 0.271310 0.054688 0.085239
