0 0.534492 0.507617 0.387859 0.783318
1 0.572656 0.348131 0.114062 0.271028
2 0.371094 0.561916 0.057813 0.077103
2 0.702344 0.649533 0.045312 0.112150
3 0.432812 0.849299 0.100000 0.077103
3 0.530469 0.758178 0.051562 0.067757
4 0.549219 0.509346 0.129688 0.130841
4 0.606250 0.528037 0.196875 0.233645
5 0.517188 0.635514 0.071875 0.200935
5 0.492188 0.709112 0.084375 0.245327
6 0.615625 0.352804 0.096875 0.228972
6 0.487500 0.364486 0.078125 0.177570
7 0.664844 0.521028 0.070312 0.191589
7 0.431250 0.482477 0.084375 0.142523
8 0.519531 0.207944 0.076563 0.177570
