0 0.615461 0.574157 0.142422 0.644941
1 0.623437 0.449649 0.096875 0.206089
2 0.561719 0.562061 0.023438 0.060890
2 0.654687 0.490632 0.031250 0.035129
3 0.619531 0.867681 0.029687 0.044496
3 0.569531 0.782201 0.039062 0.084309
4 0.588281 0.645199 0.054688 0.105386
4 0.636719 0.625293 0.042188 0.154567
5 0.572656 0.724824 0.032813 0.058548
5 0.628906 0.776347 0.035937 0.152225
6 0.672656 0.416862 0.023438 0.079625
6 0.566406 0.402810 0.039062 0.084309
7 0.675781 0.471897 0.017188 0.039813
7 0.554688 0.490632 0.021875 0.096019
8 0.626563 0.326698 0.040625 0.096019
