0 0.716664 0.500000 0.395828 0.977518
1 0.672656 0.495316 0.239063 0.451991
2 0.564063 0.641686 0.078125 0.112412
2 0.824219 0.661593 0.079687 0.105386
4 0.629687 0.838407 0.115625 0.290398
4 0.746875 0.844262 0.125000 0.278689
6 0.833594 0.402810 0.139063 0.257611
6 0.550000 0.481265 0.062500 0.264637
7 0.871094 0.569087 0.079687 0.154567
7 0.526563 0.588993 0.015625 0.021077
8 0.653125 0.172131 0.115625 0.283372
0 0.273656 0.523665 0.382844 0.952670
1 0.288281 0.586651 0.260937 0.573770
2 0.226562 0.709602 0.087500 0.121780
4 0.231250 0.928571 0.140625 0.133489
4 0.352344 0.922717 0.110937 0.145199
6 0.423438 0.514052 0.028125 0.288056
6 0.142969 0.477752 0.098437 0.285714
7 0.435156 0.681499 0.054688 0.079625
7 0.146094 0.679157 0.110937 0.149883
8 0.307812 0.218970 0.128125 0.320843
