0 0.528513 0.451658 0.346699 0.853938
1 0.516340 0.309641 0.192810 0.315359
2 0.414216 0.441176 0.027778 0.052288
2 0.572712 0.426471 0.063725 0.055556
3 0.407680 0.805556 0.070261 0.062092
3 0.529412 0.820261 0.055556 0.071895
4 0.469771 0.545752 0.142157 0.189542
4 0.542484 0.551471 0.068627 0.184641
5 0.424020 0.699346 0.050654 0.140523
5 0.546569 0.699346 0.050654 0.140523
6 0.629085 0.258170 0.114379 0.117647
6 0.420752 0.255719 0.050654 0.129085
7 0.643791 0.367647 0.088235 0.104575
7 0.413399 0.370915 0.026144 0.104575
8 0.475490 0.098856 0.094771 0.148693
