0 0.455609 0.496063 0.911218 0.679790
11 0.218742 0.320210 0.147418 0.047244
11 0.193526 0.246063 0.193971 0.090551
18 0.224561 0.336614 0.290957 0.161417
2 0.229410 0.333333 0.327811 0.170604
6 0.417562 0.396325 0.133840 0.086614
6 0.357431 0.498688 0.164875 0.133858
3 0.477693 0.320866 0.176514 0.103675
3 0.070354 0.430446 0.133840 0.136483
4 0.649358 0.400262 0.151297 0.091864
13 0.807444 0.469160 0.157117 0.098425
5 0.800655 0.470472 0.190092 0.106299
7 0.564010 0.491470 0.302595 0.137795
7 0.514548 0.627297 0.261861 0.120735
15 0.641599 0.725066 0.131900 0.143045
15 0.754102 0.571522 0.104744 0.080052
8 0.758951 0.575459 0.137720 0.093176
8 0.642569 0.727034 0.164875 0.160105