0 0.389900 0.522472 0.453360 0.752825
1 0.401000 0.405204 0.122000 0.245353
2 0.538000 0.397770 0.036000 0.066914
2 0.184000 0.496283 0.044000 0.107807
3 0.245000 0.864312 0.078000 0.055762
3 0.583000 0.845725 0.050000 0.040892
4 0.474000 0.613383 0.080000 0.230483
4 0.377000 0.604089 0.154000 0.182156
5 0.542000 0.765799 0.092000 0.163569
5 0.295000 0.752788 0.070000 0.204461
6 0.436000 0.323420 0.060000 0.081784
6 0.309000 0.397770 0.086000 0.118959
7 0.238000 0.455390 0.068000 0.078067
7 0.493000 0.353160 0.058000 0.059480
8 0.344000 0.249071 0.064000 0.148699
0 0.296940 0.517491 0.363120 0.733643
1 0.280000 0.399628 0.136000 0.241636
2 0.137000 0.475836 0.038000 0.052045
2 0.278000 0.334572 0.056000 0.066914
3 0.443000 0.851301 0.038000 0.037175
3 0.186000 0.856877 0.028000 0.040892
4 0.261000 0.589219 0.090000 0.137546
4 0.344000 0.620818 0.092000 0.245353
5 0.215000 0.732342 0.054000 0.215613
5 0.402000 0.773234 0.060000 0.148699
6 0.315000 0.310409 0.042000 0.063197
6 0.206000 0.395911 0.036000 0.122677
7 0.313000 0.353160 0.018000 0.022305
7 0.166000 0.479554 0.036000 0.044610
8 0.225000 0.256506 0.066000 0.163569
