0 0.357460 0.585586 0.447540 0.716203
1 0.427419 0.435156 0.201613 0.214062
2 0.197581 0.426563 0.060484 0.046875
2 0.180444 0.467969 0.058468 0.051562
3 0.540323 0.900000 0.072581 0.071875
3 0.196573 0.879687 0.086694 0.068750
4 0.324597 0.614844 0.181452 0.182812
4 0.479839 0.617969 0.125000 0.160938
5 0.239919 0.770312 0.088710 0.162500
5 0.517137 0.781250 0.070565 0.175000
6 0.436492 0.467969 0.171371 0.079687
6 0.304435 0.366406 0.096774 0.082812
7 0.277218 0.490625 0.163306 0.046875
7 0.243952 0.408594 0.052419 0.054688
8 0.460685 0.352344 0.131048 0.110937
