0 0.467212 0.522172 0.348165 0.726156
1 0.469412 0.389844 0.247059 0.235937
2 0.324706 0.577344 0.065882 0.060937
2 0.605882 0.576562 0.058824 0.065625
3 0.568235 0.839844 0.115294 0.054688
3 0.375294 0.849219 0.058824 0.054688
4 0.408235 0.602344 0.124706 0.214062
4 0.525882 0.602344 0.115294 0.207813
5 0.378824 0.766406 0.056471 0.110937
5 0.547059 0.757812 0.068235 0.106250
6 0.601176 0.367188 0.063529 0.128125
6 0.341176 0.361719 0.070588 0.139063
7 0.610588 0.488281 0.049412 0.120313
7 0.324706 0.489063 0.065882 0.118750
8 0.477647 0.217969 0.127059 0.120313
