0 0.664195 0.552951 0.503766 0.714614
1 0.548438 0.608899 0.209375 0.337237
2 0.492969 0.855972 0.073438 0.091335
2 0.725781 0.826698 0.067187 0.084309
3 0.859375 0.300937 0.106250 0.166276
3 0.478906 0.270492 0.067187 0.124122
4 0.750000 0.577283 0.118750 0.147541
5 0.495312 0.295082 0.040625 0.079625
5 0.791406 0.422717 0.095312 0.245902
6 0.670312 0.571429 0.109375 0.238876
6 0.462500 0.638173 0.068750 0.208431
7 0.702344 0.730679 0.089063 0.154567
7 0.467969 0.786885 0.070312 0.084309
8 0.541406 0.447307 0.129688 0.206089
