0 0.438002 0.518477 0.788362 0.933828
1 0.462882 0.307031 0.257642 0.304688
2 0.794760 0.204687 0.069869 0.056250
2 0.732533 0.173437 0.093886 0.081250
3 0.700873 0.933594 0.113537 0.085938
3 0.134279 0.910156 0.181223 0.089063
4 0.374454 0.605469 0.272926 0.326562
4 0.609170 0.571094 0.222707 0.242188
5 0.241266 0.818750 0.146288 0.125000
5 0.695415 0.785937 0.093886 0.234375
6 0.501092 0.260937 0.233624 0.090625
7 0.644105 0.221094 0.135371 0.067187
7 0.698690 0.257812 0.179039 0.096875
8 0.442140 0.133594 0.159389 0.154688
