0 0.705672 0.467829 0.477187 0.740200
1 0.719531 0.311804 0.164062 0.218263
2 0.485938 0.344098 0.040625 0.091314
2 0.914844 0.399777 0.051562 0.077951
3 0.760938 0.781737 0.071875 0.093541
3 0.880469 0.740535 0.073438 0.113586
4 0.776563 0.502227 0.121875 0.238307
4 0.792188 0.413140 0.109375 0.211581
5 0.846094 0.650334 0.089063 0.120267
5 0.768750 0.626949 0.062500 0.229399
6 0.796094 0.256125 0.085938 0.075724
6 0.610938 0.293987 0.068750 0.080178
7 0.859375 0.305122 0.062500 0.093541
7 0.546875 0.317372 0.065625 0.055679
8 0.679688 0.188196 0.071875 0.171492
0 0.471391 0.338352 0.189188 0.474165
1 0.496875 0.243875 0.109375 0.184855
2 0.461719 0.375278 0.029687 0.046771
2 0.517969 0.357461 0.017188 0.042316
3 0.392188 0.532294 0.031250 0.075724
3 0.482812 0.546771 0.059375 0.042316
4 0.475781 0.403118 0.032813 0.102450
4 0.514844 0.391982 0.048438 0.089087
5 0.435937 0.471047 0.090625 0.069042
5 0.505469 0.482183 0.067187 0.095768
6 0.507812 0.208241 0.056250 0.104677
7 0.486719 0.293987 0.032813 0.062361
8 0.531250 0.152561 0.046875 0.073497
