0 0.903102 0.621628 0.186328 0.648642
1 0.902344 0.546838 0.107813 0.236534
2 0.827344 0.635831 0.026562 0.058548
2 0.983594 0.649883 0.020313 0.053864
3 0.912500 0.901639 0.034375 0.060890
4 0.917188 0.695550 0.065625 0.098361
5 0.907031 0.805621 0.045312 0.131148
6 0.959375 0.488290 0.046875 0.105386
6 0.866406 0.494145 0.023438 0.112412
7 0.978906 0.578454 0.029687 0.093677
7 0.847656 0.573770 0.042188 0.084309
8 0.900000 0.386417 0.046875 0.093677
0 0.436758 0.478806 0.217172 0.944215
1 0.419531 0.324356 0.114062 0.311475
2 0.345313 0.487119 0.034375 0.056206
2 0.525781 0.511710 0.032813 0.067916
3 0.440625 0.918033 0.046875 0.056206
3 0.414062 0.887588 0.053125 0.103044
4 0.388281 0.583138 0.070312 0.220141
4 0.456250 0.579625 0.062500 0.278689
5 0.393750 0.770492 0.071875 0.163934
5 0.460156 0.806792 0.048438 0.185012
6 0.489063 0.271663 0.050000 0.177986
6 0.368750 0.250585 0.021875 0.177986
7 0.505469 0.416862 0.048438 0.131148
7 0.358594 0.395785 0.035937 0.121780
8 0.423438 0.106557 0.071875 0.185012
