0 0.627578 0.412912 0.164625 0.460766
1 0.642969 0.310905 0.117188 0.134571
2 0.558594 0.448956 0.023438 0.058005
2 0.597656 0.375870 0.035937 0.037123
3 0.657031 0.611369 0.045312 0.044084
3 0.614844 0.617169 0.048438 0.041763
4 0.616406 0.441995 0.073438 0.127610
4 0.664062 0.407193 0.084375 0.113689
5 0.603125 0.545244 0.053125 0.106729
5 0.643750 0.522042 0.053125 0.139211
6 0.639844 0.291183 0.029687 0.109049
6 0.578906 0.312065 0.026562 0.085847
7 0.625781 0.353828 0.042188 0.044084
7 0.576562 0.383991 0.031250 0.071926
8 0.594531 0.240139 0.057813 0.099768
