0 0.275575 0.427711 0.533159 0.308734
1 0.346234 0.488281 0.286611 0.179688
2 0.034519 0.510156 0.052301 0.048438
2 0.394351 0.368750 0.077406 0.056250
6 0.437238 0.417187 0.075314 0.031250
6 0.187238 0.507812 0.060669 0.084375
7 0.464435 0.403906 0.104603 0.057813
7 0.111925 0.539062 0.131799 0.059375
8 0.278243 0.371094 0.158996 0.145313
0 0.761611 0.361539 0.438201 0.303891
1 0.716527 0.379688 0.269874 0.075000
2 0.904812 0.335156 0.081590 0.076563
6 0.903766 0.439063 0.125523 0.134375
6 0.572176 0.389062 0.060669 0.062500
7 0.934100 0.433594 0.073222 0.123438
8 0.672594 0.280469 0.190377 0.126562
