0 0.534844 0.501115 0.204312 0.660675
1 0.525781 0.384458 0.114062 0.212679
2 0.473438 0.488753 0.040625 0.053170
2 0.607031 0.503067 0.032813 0.044990
3 0.589844 0.798569 0.048438 0.047035
3 0.500781 0.791411 0.032813 0.044990
4 0.507812 0.568507 0.046875 0.175869
4 0.560156 0.566462 0.051562 0.167689
5 0.504687 0.714724 0.028125 0.116564
5 0.575000 0.720859 0.028125 0.108384
6 0.594531 0.359918 0.035937 0.114519
6 0.456250 0.360941 0.037500 0.112474
7 0.600000 0.447853 0.025000 0.065440
7 0.452344 0.439673 0.035937 0.061350
8 0.520312 0.250511 0.056250 0.116564
