0 0.414550 0.494324 0.403220 0.807267
1 0.414000 0.280781 0.128000 0.261261
2 0.232000 0.442943 0.040000 0.081081
2 0.591000 0.306306 0.042000 0.042042
3 0.431000 0.620120 0.058000 0.099099
3 0.340000 0.831832 0.052000 0.102102
4 0.393000 0.492492 0.066000 0.186186
4 0.445000 0.402402 0.062000 0.096096
5 0.370000 0.686186 0.048000 0.201201
5 0.458000 0.475976 0.032000 0.213213
6 0.477000 0.201201 0.086000 0.096096
6 0.335000 0.285285 0.070000 0.132132
7 0.542000 0.261261 0.068000 0.084084
7 0.277000 0.367868 0.070000 0.099099
8 0.369000 0.151652 0.066000 0.123123
