0 0.287925 0.511852 0.506038 0.546234
1 0.295991 0.345313 0.266509 0.209375
2 0.156840 0.421094 0.077830 0.039062
2 0.430425 0.535156 0.068396 0.051562
3 0.280660 0.753125 0.061321 0.050000
3 0.068396 0.749219 0.047170 0.051562
4 0.141509 0.503906 0.141509 0.151562
4 0.258255 0.517969 0.096698 0.154688
5 0.090802 0.650781 0.087264 0.151562
5 0.266509 0.662500 0.061321 0.137500
6 0.403302 0.389062 0.099057 0.068750
6 0.200472 0.278125 0.146226 0.075000
7 0.391509 0.464844 0.075472 0.092188
7 0.153302 0.350781 0.056604 0.098437
8 0.435142 0.296875 0.129717 0.084375
