0 0.363117 0.497057 0.245766 0.649023
1 0.315625 0.366324 0.068750 0.228792
2 0.471094 0.433162 0.023438 0.033419
2 0.392188 0.245501 0.040625 0.074550
3 0.401562 0.757069 0.056250 0.043702
3 0.261719 0.769923 0.026562 0.095116
4 0.322656 0.571979 0.085938 0.177378
4 0.365625 0.528278 0.071875 0.136247
5 0.317188 0.700514 0.096875 0.100257
5 0.385156 0.659383 0.035937 0.161954
6 0.364844 0.372751 0.082812 0.118252
7 0.358594 0.263496 0.029687 0.038560
7 0.423438 0.421594 0.075000 0.041131
8 0.337500 0.239075 0.053125 0.097686
