0 0.599164 0.445656 0.364109 0.851499
1 0.612500 0.302108 0.234375 0.266979
2 0.491406 0.062061 0.045312 0.049180
2 0.535156 0.504684 0.032813 0.077283
3 0.740625 0.791569 0.075000 0.107728
3 0.617188 0.752927 0.096875 0.091335
4 0.617188 0.478923 0.050000 0.128806
4 0.684375 0.474239 0.090625 0.222482
5 0.626563 0.626464 0.056250 0.170960
5 0.703906 0.672131 0.114062 0.196721
6 0.600781 0.407494 0.067187 0.177986
6 0.556250 0.127635 0.106250 0.110070
7 0.572656 0.484778 0.064062 0.079625
7 0.557813 0.069087 0.090625 0.063232
8 0.465625 0.252927 0.081250 0.135831
