0 0.455031 0.476406 0.406625 0.670979
1 0.472656 0.318750 0.142187 0.216667
2 0.278125 0.441667 0.046875 0.087500
2 0.639062 0.453125 0.034375 0.106250
3 0.505469 0.772917 0.064062 0.070833
3 0.375781 0.641667 0.082812 0.075000
4 0.414844 0.460417 0.148438 0.154167
4 0.504687 0.496875 0.093750 0.202083
5 0.378125 0.563542 0.071875 0.081250
5 0.493750 0.664583 0.065625 0.150000
6 0.560156 0.288542 0.079687 0.089583
6 0.374219 0.301042 0.085938 0.114583
7 0.614062 0.357292 0.056250 0.114583
7 0.321094 0.371875 0.073438 0.085417
8 0.449219 0.214583 0.073438 0.137500
