0 0.217766 0.487992 0.200469 0.468047
1 0.255469 0.398438 0.079687 0.140625
2 0.136719 0.411719 0.035937 0.035937
2 0.284375 0.414844 0.034375 0.035937
3 0.261719 0.701562 0.079687 0.021875
4 0.247656 0.523438 0.070312 0.115625
5 0.251563 0.633594 0.078125 0.110937
6 0.290625 0.357812 0.037500 0.053125
6 0.221094 0.405469 0.020313 0.039062
7 0.299219 0.395313 0.029687 0.028125
7 0.186719 0.417969 0.064062 0.026562
8 0.259375 0.303125 0.046875 0.081250
0 0.454266 0.518570 0.190062 0.382859
1 0.453125 0.423438 0.171875 0.103125
2 0.396875 0.529687 0.025000 0.037500
2 0.522656 0.575781 0.045312 0.042188
3 0.464062 0.696094 0.071875 0.023438
4 0.444531 0.516406 0.060937 0.120313
4 0.477344 0.516406 0.060937 0.117188
5 0.435156 0.629687 0.042188 0.150000
5 0.469531 0.617969 0.048438 0.157812
6 0.491406 0.445312 0.067187 0.093750
6 0.382031 0.420312 0.039062 0.043750
7 0.525000 0.517969 0.037500 0.076563
7 0.399219 0.478125 0.026562 0.078125
8 0.400781 0.378125 0.060937 0.090625
0 0.734977 0.367531 0.263641 0.375750
1 0.696094 0.322656 0.157812 0.101562
2 0.835156 0.199219 0.054688 0.042188
2 0.789844 0.351562 0.026562 0.018750
3 0.752344 0.525781 0.092188 0.048438
4 0.669531 0.393750 0.114062 0.090625
4 0.709375 0.467969 0.131250 0.092188
5 0.746094 0.437500 0.060937 0.134375
6 0.709375 0.267188 0.065625 0.050000
7 0.759375 0.342969 0.040625 0.023438
7 0.774219 0.239063 0.082812 0.065625
8 0.775781 0.238281 0.073438 0.092188
