0 0.680380 0.535240 0.220840 0.267867
1 0.662000 0.470667 0.112000 0.061333
2 0.717000 0.609333 0.022000 0.034667
2 0.770000 0.534667 0.032000 0.034667
3 0.661000 0.652000 0.034000 0.024000
3 0.586000 0.628000 0.024000 0.024000
4 0.630000 0.529333 0.064000 0.093333
4 0.660000 0.534667 0.056000 0.066667
5 0.626000 0.600000 0.072000 0.053333
5 0.670000 0.604000 0.040000 0.077333
6 0.719000 0.484000 0.018000 0.034667
6 0.696000 0.506667 0.024000 0.069333
7 0.740000 0.504000 0.032000 0.037333
7 0.698000 0.562667 0.028000 0.064000
8 0.720000 0.438667 0.036000 0.061333
