0 0.632162 0.479781 0.733832 0.725844
1 0.625000 0.369531 0.221311 0.176563
2 0.295082 0.153906 0.061475 0.057813
2 0.964139 0.294531 0.063525 0.026562
3 0.892418 0.748437 0.067623 0.053125
3 0.943648 0.772656 0.043033 0.082812
4 0.702869 0.541406 0.196721 0.204687
4 0.754098 0.508594 0.209016 0.207813
5 0.818648 0.670312 0.120902 0.112500
5 0.867828 0.660156 0.108607 0.148438
6 0.776639 0.316406 0.127049 0.067187
6 0.476434 0.279687 0.145492 0.100000
7 0.881148 0.309375 0.106557 0.040625
7 0.376025 0.205469 0.116803 0.089063
8 0.616803 0.242969 0.110656 0.095312
0 0.392275 0.504687 0.581230 0.715938
1 0.369877 0.440625 0.174180 0.203125
2 0.195697 0.161719 0.043033 0.026562
2 0.323770 0.194531 0.073770 0.079687
3 0.174180 0.825781 0.122951 0.051562
3 0.643443 0.774219 0.057377 0.098437
4 0.456967 0.632031 0.094262 0.110937
4 0.369877 0.609375 0.202869 0.159375
5 0.260246 0.736719 0.110656 0.142187
5 0.546107 0.706250 0.174180 0.096875
6 0.415984 0.343750 0.073770 0.078125
6 0.272541 0.329688 0.102459 0.081250
7 0.372951 0.276562 0.077869 0.093750
7 0.222336 0.251563 0.067623 0.100000
8 0.381148 0.317188 0.098361 0.078125
