0 0.746648 0.589883 0.344828 0.797752
1 0.723437 0.683841 0.221875 0.599532
6 0.855469 0.631148 0.098437 0.391101
6 0.621094 0.720141 0.048438 0.325527
7 0.860938 0.893443 0.084375 0.180328
7 0.621094 0.932084 0.045312 0.103044
8 0.645312 0.345433 0.137500 0.302108
0 0.319977 0.547845 0.479578 0.882108
1 0.297656 0.709602 0.279687 0.548009
6 0.475781 0.653396 0.110937 0.327869
6 0.142187 0.649883 0.087500 0.358314
7 0.494531 0.888759 0.076563 0.189696
7 0.134375 0.906323 0.065625 0.154567
8 0.303906 0.331382 0.151562 0.320843
