0 0.722977 0.474100 0.271109 0.380631
1 0.682031 0.473131 0.098437 0.063084
2 0.644531 0.634346 0.035937 0.049065
2 0.831250 0.612150 0.046875 0.042056
6 0.753125 0.491822 0.050000 0.091121
6 0.622656 0.495327 0.035937 0.107477
7 0.797656 0.561916 0.064062 0.081776
7 0.628906 0.579439 0.048438 0.079439
8 0.662500 0.372664 0.081250 0.156542
0 0.260914 0.516729 0.181453 0.456636
1 0.252344 0.509346 0.135937 0.168224
2 0.206250 0.725467 0.012500 0.030374
6 0.323437 0.488318 0.050000 0.126168
6 0.189062 0.557243 0.034375 0.161215
7 0.191406 0.674065 0.032813 0.086449
8 0.235937 0.380841 0.096875 0.177570
