0 0.104867 0.682542 0.189609 0.604042
1 0.117969 0.601042 0.092188 0.202083
2 0.125781 0.738542 0.048438 0.056250
3 0.078125 0.948958 0.096875 0.039583
4 0.124219 0.787500 0.126562 0.175000
4 0.097656 0.801042 0.042188 0.097917
5 0.168750 0.922917 0.053125 0.112500
5 0.074219 0.879167 0.070312 0.108333
6 0.074219 0.590625 0.042188 0.131250
7 0.085156 0.690625 0.054688 0.077083
8 0.097656 0.457292 0.051562 0.106250
0 0.873875 0.603365 0.241000 0.752812
1 0.912500 0.584375 0.156250 0.393750
2 0.781250 0.611458 0.012500 0.018750
2 0.775000 0.653125 0.025000 0.056250
4 0.900781 0.875000 0.067187 0.183333
4 0.852344 0.843750 0.148438 0.212500
5 0.910156 0.960417 0.067187 0.029167
5 0.815625 0.963542 0.075000 0.022917
6 0.939844 0.551042 0.073438 0.252083
7 0.851562 0.639583 0.134375 0.079167
8 0.885938 0.335417 0.084375 0.158333
