0 0.463018 0.310120 0.347297 0.320240
1 0.436937 0.356000 0.189189 0.204000
2 0.406907 0.419000 0.051051 0.038000
2 0.564565 0.404000 0.042042 0.028000
6 0.570571 0.314000 0.078078 0.088000
6 0.333333 0.323000 0.048048 0.090000
7 0.585586 0.383000 0.054054 0.050000
7 0.352853 0.391000 0.093093 0.070000
8 0.442943 0.211000 0.111111 0.106000
0 0.512297 0.568670 0.413243 0.515380
1 0.498498 0.487000 0.180180 0.182000
2 0.342342 0.516000 0.060060 0.032000
2 0.681682 0.509000 0.060060 0.042000
3 0.599099 0.704000 0.045045 0.044000
3 0.406907 0.789000 0.057057 0.058000
4 0.444444 0.609000 0.102102 0.074000
4 0.581081 0.579000 0.093093 0.050000
5 0.424925 0.703000 0.069069 0.122000
5 0.593093 0.641000 0.093093 0.094000
6 0.585586 0.436000 0.060060 0.068000
6 0.399399 0.441000 0.066066 0.070000
7 0.639640 0.474000 0.108108 0.056000
7 0.358859 0.480000 0.081081 0.044000
8 0.489489 0.371000 0.120120 0.106000
