0 0.514865 0.714820 0.546020 0.425359
1 0.381956 0.618750 0.281619 0.234375
2 0.644182 0.904687 0.124789 0.040625
2 0.678752 0.810156 0.086003 0.095312
3 0.723440 0.753125 0.121417 0.078125
3 0.657673 0.824219 0.161889 0.079687
4 0.321248 0.767969 0.160202 0.160938
4 0.525295 0.658594 0.069140 0.051562
5 0.533727 0.833594 0.119730 0.060937
5 0.574199 0.706250 0.119730 0.100000
6 0.414840 0.778125 0.128162 0.181250
7 0.622260 0.699219 0.118044 0.132812
7 0.498314 0.880469 0.177066 0.085938
8 0.550590 0.581250 0.180438 0.121875
0 0.420793 0.515727 0.560236 0.833703
1 0.440135 0.342969 0.411467 0.245312
2 0.404722 0.487500 0.067454 0.059375
2 0.661889 0.441406 0.021922 0.014063
3 0.199831 0.878906 0.109612 0.089063
4 0.268971 0.517188 0.200675 0.196875
4 0.465430 0.482812 0.057336 0.037500
5 0.188870 0.721094 0.087690 0.242188
5 0.543002 0.752344 0.094435 0.114062
6 0.636594 0.350000 0.055649 0.125000
6 0.375211 0.306250 0.180438 0.134375
7 0.338954 0.428125 0.118044 0.106250
8 0.587690 0.196094 0.123103 0.173437
