0 0.441953 0.433977 0.470313 0.531734
1 0.526563 0.275000 0.218750 0.215625
2 0.246094 0.278125 0.054688 0.053125
2 0.633594 0.431250 0.054688 0.068750
3 0.537500 0.646094 0.071875 0.092188
3 0.339844 0.549219 0.101562 0.051562
4 0.447656 0.373437 0.157812 0.128125
4 0.589844 0.420312 0.132812 0.096875
5 0.357031 0.426563 0.067187 0.221875
5 0.592187 0.533594 0.106250 0.145313
6 0.603906 0.245312 0.120313 0.100000
6 0.384375 0.206250 0.065625 0.065625
7 0.651563 0.328125 0.046875 0.137500
7 0.312500 0.228906 0.118750 0.079687
8 0.467969 0.233594 0.120313 0.120313
