0 0.364573 0.510130 0.564347 0.513100
1 0.444000 0.370000 0.248000 0.160000
2 0.613333 0.464000 0.053333 0.064000
3 0.372000 0.738000 0.104000 0.040000
3 0.152000 0.660000 0.106667 0.072000
4 0.380000 0.511000 0.146667 0.122000
4 0.482667 0.526000 0.176000 0.160000
5 0.257333 0.604000 0.152000 0.148000
5 0.417333 0.654000 0.072000 0.128000
6 0.462667 0.339000 0.141333 0.090000
6 0.354667 0.414000 0.048000 0.048000
7 0.561333 0.406000 0.114667 0.084000
7 0.356000 0.472000 0.045333 0.072000
8 0.284000 0.305000 0.109333 0.094000
