0 0.481273 0.514602 0.206891 0.862927
1 0.483594 0.352459 0.139063 0.316159
2 0.398438 0.538642 0.034375 0.088993
2 0.555469 0.545667 0.035937 0.098361
3 0.517969 0.889930 0.067187 0.084309
3 0.423438 0.901639 0.050000 0.074941
4 0.446875 0.603044 0.062500 0.189696
4 0.509375 0.605386 0.062500 0.194379
5 0.439063 0.775176 0.046875 0.187354
5 0.503125 0.776347 0.034375 0.152225
6 0.558594 0.303279 0.039062 0.175644
6 0.411719 0.300937 0.045312 0.180328
7 0.563281 0.442623 0.029687 0.112412
7 0.399219 0.439110 0.029687 0.105386
8 0.494531 0.155738 0.067187 0.147541
