0 0.680742 0.581827 0.174703 0.735878
1 0.667969 0.435597 0.107813 0.252927
2 0.649219 0.274005 0.020313 0.056206
2 0.617969 0.517564 0.051562 0.079625
3 0.632812 0.891101 0.059375 0.044496
3 0.753906 0.847775 0.020313 0.103044
4 0.658594 0.655738 0.082812 0.182670
4 0.667969 0.631148 0.089063 0.194379
5 0.719531 0.771663 0.070312 0.128806
5 0.642969 0.800937 0.039062 0.145199
6 0.714063 0.454333 0.040625 0.140515
6 0.615625 0.302108 0.046875 0.088993
7 0.676562 0.517564 0.075000 0.051522
7 0.618750 0.261124 0.046875 0.035129
8 0.685156 0.298595 0.054688 0.114754
