0 0.733040 0.528800 0.238240 0.275733
1 0.716000 0.493333 0.120000 0.117333
2 0.794000 0.401333 0.020000 0.024000
2 0.714000 0.610667 0.016000 0.042667
3 0.821000 0.642667 0.010000 0.032000
3 0.842000 0.546667 0.012000 0.026667
4 0.786000 0.524000 0.020000 0.040000
4 0.761000 0.573333 0.058000 0.106667
5 0.812000 0.556000 0.048000 0.034667
5 0.782000 0.624000 0.068000 0.026667
6 0.676000 0.518667 0.032000 0.040000
6 0.717000 0.429333 0.054000 0.037333
7 0.696000 0.558667 0.036000 0.066667
7 0.761000 0.413333 0.042000 0.026667
8 0.642000 0.473333 0.040000 0.056000
