0 0.737891 0.612912 0.361844 0.615876
1 0.764844 0.421239 0.223438 0.215929
2 0.752344 0.401770 0.082812 0.116814
2 0.728906 0.501770 0.114062 0.079646
3 0.607812 0.747788 0.093750 0.093805
3 0.663281 0.847788 0.073438 0.130973
4 0.699219 0.618584 0.139063 0.161062
4 0.827344 0.723009 0.139063 0.270796
5 0.711719 0.651327 0.120313 0.269027
5 0.785937 0.797345 0.171875 0.139823
6 0.877344 0.492920 0.048438 0.246018
6 0.634375 0.457522 0.071875 0.267257
7 0.820312 0.565487 0.100000 0.153982
7 0.671094 0.522124 0.104688 0.152212
8 0.773438 0.350442 0.115625 0.092035
