0 0.710289 0.519279 0.471516 0.847535
1 0.662500 0.363953 0.181250 0.248837
2 0.560937 0.502326 0.071875 0.097674
2 0.734375 0.453488 0.050000 0.060465
3 0.889844 0.884884 0.101562 0.100000
3 0.858594 0.567442 0.010937 0.037209
4 0.652344 0.497674 0.110937 0.083721
4 0.752344 0.518605 0.104688 0.144186
5 0.657813 0.540698 0.196875 0.146512
5 0.833594 0.647674 0.110937 0.402326
6 0.741406 0.330233 0.101562 0.176744
6 0.532031 0.356977 0.092188 0.188372
7 0.774219 0.426744 0.054688 0.067442
7 0.511719 0.466279 0.051562 0.076744
8 0.631250 0.190698 0.087500 0.190698
