0 0.636066 0.632617 0.507494 0.602703
1 0.686183 0.472656 0.257611 0.176563
2 0.509368 0.451562 0.077283 0.040625
2 0.515222 0.444531 0.060890 0.045312
3 0.429742 0.888281 0.096019 0.035937
3 0.831382 0.889062 0.098361 0.084375
4 0.683841 0.661719 0.140515 0.207813
4 0.613583 0.646094 0.220141 0.192188
5 0.752927 0.803906 0.156909 0.129688
5 0.504684 0.807031 0.156909 0.164062
6 0.635831 0.409375 0.166276 0.059375
7 0.543326 0.412500 0.046838 0.043750
7 0.549180 0.471094 0.035129 0.032813
8 0.740047 0.366406 0.140515 0.070312
