0 0.663438 0.679766 0.259375 0.608993
1 0.633594 0.555035 0.085938 0.206089
2 0.567187 0.631148 0.025000 0.044496
2 0.645312 0.528103 0.031250 0.053864
3 0.763281 0.930913 0.051562 0.053864
3 0.557813 0.950820 0.031250 0.060890
4 0.605469 0.744731 0.073438 0.168618
4 0.679688 0.727166 0.084375 0.175644
5 0.577344 0.868852 0.039062 0.098361
5 0.725000 0.854801 0.056250 0.121780
6 0.665625 0.491803 0.046875 0.074941
6 0.567969 0.519906 0.023438 0.088993
7 0.671094 0.528103 0.035937 0.049180
7 0.566406 0.588993 0.020313 0.049180
8 0.618750 0.435597 0.050000 0.084309
