0 0.525180 0.515880 0.341480 0.746480
1 0.456000 0.409333 0.156000 0.226667
2 0.466000 0.512000 0.064000 0.064000
2 0.512000 0.485333 0.036000 0.064000
3 0.394000 0.640000 0.060000 0.064000
3 0.651000 0.830667 0.074000 0.098667
4 0.450000 0.569333 0.156000 0.104000
4 0.549000 0.529333 0.122000 0.056000
5 0.556000 0.704000 0.176000 0.250667
5 0.514000 0.584000 0.212000 0.144000
6 0.541000 0.366667 0.054000 0.136000
6 0.400000 0.416000 0.048000 0.154667
7 0.546000 0.468000 0.048000 0.077333
7 0.419000 0.497333 0.066000 0.056000
8 0.451000 0.242667 0.090000 0.176000
