0 0.520813 0.864716 0.276187 0.270568
1 0.557031 0.828047 0.095312 0.136895
2 0.492969 0.830551 0.014063 0.018364
2 0.495312 0.858932 0.040625 0.041736
3 0.614844 0.980801 0.060937 0.031720
3 0.433594 0.979132 0.064062 0.028381
4 0.503906 0.913189 0.035937 0.056761
4 0.557813 0.941569 0.075000 0.050083
5 0.479687 0.944073 0.050000 0.065109
5 0.610938 0.960768 0.046875 0.035058
6 0.572656 0.894825 0.060937 0.080134
7 0.524219 0.902337 0.051562 0.068447
7 0.504687 0.813856 0.012500 0.021703
8 0.546875 0.780467 0.068750 0.081803
