0 0.508742 0.553615 0.888828 0.643354
1 0.501563 0.635417 0.331250 0.270833
2 0.118750 0.732292 0.109375 0.089583
2 0.275000 0.593750 0.081250 0.145833
3 0.883594 0.698958 0.098437 0.127083
3 0.918750 0.581250 0.056250 0.091667
4 0.696875 0.564583 0.181250 0.187500
4 0.715625 0.643750 0.200000 0.337500
5 0.842187 0.596875 0.162500 0.118750
5 0.832031 0.729167 0.070312 0.166667
6 0.407031 0.718750 0.117188 0.304167
6 0.325781 0.621875 0.023438 0.052083
7 0.315625 0.758333 0.112500 0.225000
7 0.214844 0.685417 0.098437 0.108333
8 0.325781 0.430208 0.229687 0.397917
