0 0.455063 0.550562 0.849437 0.876417
1 0.277344 0.582292 0.326562 0.327083
2 0.480469 0.820833 0.157812 0.162500
2 0.607031 0.787500 0.164062 0.100000
4 0.785937 0.903125 0.131250 0.160417
5 0.825000 0.938542 0.096875 0.089583
6 0.407813 0.592708 0.090625 0.264583
6 0.118750 0.643750 0.137500 0.408333
7 0.478906 0.737500 0.089063 0.070833
7 0.236719 0.780208 0.326562 0.135417
8 0.276562 0.321875 0.221875 0.372917
0 0.728883 0.613740 0.538859 0.729729
1 0.632812 0.593750 0.303125 0.320833
2 0.697656 0.546875 0.089063 0.135417
2 0.736719 0.550000 0.057813 0.116667
4 0.838281 0.795833 0.314063 0.229167
6 0.519531 0.616667 0.104688 0.275000
7 0.733594 0.617708 0.026562 0.027083
7 0.599219 0.672917 0.148438 0.175000
8 0.584375 0.376042 0.143750 0.218750
