0 0.549174 0.435039 0.428799 0.376640
1 0.521637 0.307087 0.125886 0.083990
12 0.517703 0.305118 0.082613 0.022310
10 0.514752 0.281496 0.080646 0.022310
13 0.660308 0.334646 0.045240 0.031496
5 0.660308 0.337270 0.064910 0.049869
4 0.603266 0.358268 0.072778 0.026247
3 0.518686 0.351050 0.116051 0.035433
18 0.449842 0.381234 0.108183 0.140420
2 0.448859 0.382546 0.137688 0.161417
6 0.522620 0.467192 0.159324 0.044619
6 0.560976 0.420604 0.098348 0.045932
7 0.628836 0.437664 0.041306 0.066929
7 0.593431 0.518373 0.068844 0.062992
15 0.634737 0.557087 0.080646 0.027559
15 0.674077 0.469160 0.080646 0.040682
8 0.681944 0.469816 0.104249 0.049869
8 0.635721 0.556430 0.094414 0.036745