0 0.705664 0.599659 0.213922 0.800682
1 0.711719 0.491765 0.154688 0.315294
2 0.657813 0.545882 0.068750 0.070588
2 0.660156 0.589412 0.064062 0.063529
4 0.668750 0.741176 0.078125 0.272941
4 0.739844 0.757647 0.076563 0.254118
5 0.669531 0.932941 0.064062 0.124706
5 0.739844 0.934118 0.035937 0.122353
6 0.775000 0.465882 0.065625 0.178824
6 0.632812 0.429412 0.046875 0.129412
7 0.732812 0.556471 0.084375 0.072941
7 0.630469 0.518824 0.051562 0.063529
8 0.709375 0.290588 0.078125 0.157647
0 0.874656 0.545047 0.250688 0.889624
1 0.882031 0.647059 0.223438 0.668235
2 0.796094 0.954118 0.073438 0.063529
6 0.874219 0.585882 0.095312 0.400000
7 0.842187 0.845882 0.125000 0.214118
8 0.851562 0.244706 0.137500 0.268235
