0 0.197102 0.534521 0.324047 0.904250
1 0.193750 0.486458 0.156250 0.322917
2 0.167187 0.130208 0.059375 0.097917
2 0.317969 0.657292 0.051562 0.068750
3 0.070312 0.950000 0.059375 0.066667
4 0.169531 0.736458 0.117188 0.277083
4 0.207813 0.684375 0.034375 0.114583
5 0.225781 0.917708 0.073438 0.131250
5 0.105469 0.865625 0.060937 0.131250
6 0.273438 0.473958 0.018750 0.110417
6 0.188281 0.327083 0.064062 0.087500
7 0.284375 0.577083 0.050000 0.100000
7 0.175781 0.233333 0.045312 0.112500
8 0.248438 0.321875 0.090625 0.131250
