0 0.336389 0.549953 0.197181 0.495188
1 0.337449 0.437500 0.115226 0.128125
2 0.314815 0.516406 0.032922 0.035937
2 0.344650 0.510938 0.039095 0.034375
3 0.365226 0.757812 0.034979 0.043750
3 0.275720 0.761719 0.041152 0.051562
4 0.300412 0.578125 0.065844 0.112500
4 0.369342 0.570312 0.076132 0.112500
5 0.288066 0.682031 0.053498 0.107813
5 0.366255 0.680469 0.041152 0.107813
6 0.408436 0.426563 0.034979 0.087500
6 0.262346 0.420312 0.043210 0.078125
7 0.391975 0.492188 0.063786 0.056250
7 0.269547 0.494531 0.057613 0.067187
8 0.330247 0.346875 0.072016 0.068750
0 0.602654 0.513266 0.225062 0.463312
1 0.606996 0.428906 0.139918 0.139063
2 0.537037 0.493750 0.045267 0.040625
2 0.688272 0.539062 0.034979 0.043750
3 0.610082 0.722656 0.051440 0.039062
3 0.545267 0.723437 0.037037 0.034375
4 0.566872 0.554688 0.076132 0.112500
4 0.634774 0.551562 0.084362 0.118750
5 0.557613 0.654687 0.061728 0.100000
5 0.620370 0.656250 0.063786 0.096875
6 0.688272 0.417187 0.039095 0.081250
6 0.527778 0.414844 0.055556 0.089063
7 0.689300 0.487500 0.032922 0.068750
7 0.515432 0.453125 0.051440 0.056250
8 0.615226 0.330469 0.074074 0.076563
