0 0.781602 0.562852 0.338359 0.579422
1 0.756836 0.417187 0.169922 0.131250
2 0.636719 0.597656 0.050781 0.054688
2 0.798828 0.533594 0.078125 0.048438
4 0.680664 0.587500 0.044922 0.215625
4 0.759766 0.586719 0.128906 0.214062
5 0.686523 0.770312 0.060547 0.156250
5 0.756836 0.771875 0.068359 0.153125
6 0.875977 0.411719 0.142578 0.092188
7 0.891602 0.500781 0.111328 0.085938
7 0.655273 0.527344 0.033203 0.089063
8 0.752930 0.325781 0.095703 0.101562
0 0.454893 0.558492 0.240293 0.531234
1 0.498047 0.453125 0.148438 0.156250
2 0.390625 0.496875 0.054688 0.031250
2 0.365234 0.534375 0.062500 0.043750
4 0.489258 0.600781 0.107422 0.139063
5 0.503906 0.750781 0.035156 0.132812
6 0.523438 0.450000 0.097656 0.100000
6 0.418945 0.433594 0.052734 0.082812
7 0.442383 0.500781 0.107422 0.051562
7 0.403320 0.478906 0.041016 0.029687
8 0.480469 0.345313 0.078125 0.100000
