0 0.572734 0.491019 0.254875 0.649438
1 0.551562 0.387588 0.087500 0.203747
2 0.510938 0.412178 0.021875 0.051522
2 0.595313 0.209602 0.028125 0.058548
3 0.671094 0.711944 0.035937 0.032787
3 0.466406 0.790398 0.045312 0.044496
4 0.524219 0.563232 0.079687 0.152225
4 0.592969 0.566745 0.060937 0.168618
5 0.490625 0.702576 0.046875 0.131148
5 0.632812 0.673302 0.065625 0.100703
6 0.496875 0.332553 0.050000 0.060890
7 0.581250 0.269321 0.031250 0.074941
7 0.487500 0.367681 0.037500 0.046838
8 0.547656 0.258782 0.048438 0.100703
