0 0.272094 0.500000 0.541188 0.898638
1 0.120313 0.626761 0.240625 0.629108
2 0.337500 0.658451 0.146875 0.110329
2 0.475781 0.666667 0.126562 0.089202
6 0.259375 0.516432 0.062500 0.197183
6 0.082031 0.568075 0.154688 0.333333
7 0.367969 0.666667 0.142187 0.103286
7 0.183594 0.667840 0.167187 0.119718
8 0.183594 0.242958 0.164062 0.359155
0 0.388039 0.432512 0.189266 0.411033
1 0.389062 0.498826 0.168750 0.269953
2 0.421875 0.580986 0.056250 0.072770
6 0.333594 0.516432 0.067187 0.150235
7 0.360156 0.595070 0.073438 0.035211
8 0.425781 0.327465 0.104688 0.190141
0 0.748828 0.333333 0.274344 0.587840
1 0.758594 0.241784 0.139063 0.201878
2 0.715625 0.401408 0.046875 0.098592
2 0.865625 0.314554 0.034375 0.070423
4 0.721094 0.543427 0.089063 0.133803
4 0.807031 0.542254 0.057813 0.145540
6 0.667188 0.245305 0.087500 0.166667
7 0.849219 0.376761 0.042188 0.058685
7 0.660937 0.349765 0.081250 0.070423
8 0.768750 0.123239 0.075000 0.161972
