0 0.670789 0.539328 0.442703 0.894375
1 0.654687 0.514844 0.300000 0.442188
2 0.477344 0.852344 0.057813 0.089063
2 0.795312 0.893750 0.081250 0.109375
4 0.567969 0.851562 0.104688 0.262500
4 0.684375 0.847656 0.159375 0.270313
6 0.827344 0.490625 0.089063 0.315625
6 0.489844 0.489063 0.067187 0.278125
7 0.825000 0.736719 0.090625 0.235937
7 0.478125 0.714063 0.050000 0.190625
8 0.618750 0.210938 0.153125 0.240625
0 0.325391 0.561992 0.336719 0.876016
1 0.353125 0.511719 0.262500 0.364063
2 0.203125 0.819531 0.068750 0.110937
4 0.278125 0.842187 0.118750 0.309375
4 0.400000 0.846094 0.125000 0.301563
6 0.200781 0.457031 0.054688 0.220312
7 0.200000 0.667188 0.056250 0.203125
8 0.353906 0.267188 0.135937 0.231250
