0 0.422008 0.496072 0.264828 0.288228
1 0.403906 0.449883 0.098437 0.069930
2 0.380469 0.560606 0.029687 0.034965
2 0.300781 0.414918 0.023438 0.027972
3 0.539062 0.564103 0.025000 0.041958
3 0.481250 0.613054 0.034375 0.041958
4 0.472656 0.493007 0.026562 0.109557
4 0.449219 0.491841 0.042188 0.116550
5 0.455469 0.572261 0.057813 0.053613
5 0.505469 0.541958 0.067187 0.025641
6 0.405469 0.482517 0.035937 0.060606
6 0.346875 0.402098 0.018750 0.048951
7 0.406250 0.532634 0.034375 0.039627
7 0.321875 0.391608 0.031250 0.037296
8 0.369531 0.424242 0.029687 0.069930
