0 0.515203 0.582208 0.236500 0.621625
1 0.538281 0.488542 0.123438 0.252083
2 0.495312 0.542708 0.062500 0.093750
2 0.517188 0.540625 0.087500 0.085417
3 0.610156 0.853125 0.039062 0.064583
3 0.444531 0.845833 0.073438 0.062500
4 0.492969 0.636458 0.076563 0.102083
4 0.556250 0.636458 0.053125 0.097917
5 0.441406 0.697917 0.060937 0.241667
5 0.602344 0.700000 0.057813 0.237500
6 0.610938 0.469792 0.040625 0.185417
6 0.455469 0.454167 0.054688 0.154167
7 0.592969 0.563542 0.073438 0.047917
7 0.445312 0.554167 0.046875 0.050000
8 0.524219 0.357292 0.098437 0.164583
