0 0.376188 0.610106 0.189969 0.492136
1 0.403125 0.497653 0.065625 0.197183
2 0.289844 0.550469 0.020313 0.044601
2 0.421094 0.434272 0.026562 0.046948
3 0.414062 0.822770 0.021875 0.044601
3 0.317969 0.832160 0.032813 0.039906
4 0.375000 0.636150 0.053125 0.117371
4 0.423438 0.630282 0.040625 0.124413
5 0.345313 0.750000 0.040625 0.129108
5 0.421094 0.746479 0.026562 0.112676
6 0.446875 0.448357 0.025000 0.079812
6 0.355469 0.443662 0.042188 0.093897
7 0.445312 0.481221 0.031250 0.070423
7 0.320312 0.507042 0.053125 0.079812
8 0.421875 0.400235 0.043750 0.072770
