0 0.338486 0.558172 0.648887 0.874156
1 0.301758 0.296094 0.345703 0.323437
2 0.571289 0.321875 0.068359 0.053125
2 0.619141 0.320312 0.070312 0.056250
3 0.093750 0.903906 0.113281 0.145313
3 0.532227 0.943750 0.107422 0.050000
4 0.437500 0.574219 0.246094 0.326562
4 0.323242 0.603125 0.185547 0.343750
5 0.523438 0.820312 0.109375 0.203125
5 0.220703 0.803906 0.226562 0.151562
6 0.428711 0.210156 0.228516 0.151562
7 0.494141 0.329688 0.074219 0.050000
7 0.536133 0.277344 0.076172 0.073438
8 0.133789 0.178125 0.107422 0.100000
