0 0.450172 0.703833 0.184125 0.592333
1 0.459375 0.691667 0.137500 0.283333
2 0.377344 0.862500 0.039062 0.095833
4 0.417969 0.910417 0.070312 0.170833
4 0.489063 0.911458 0.071875 0.168750
6 0.391406 0.634375 0.039062 0.160417
7 0.378125 0.762500 0.040625 0.104167
8 0.463281 0.500000 0.076563 0.170833
0 0.226352 0.724104 0.202703 0.542792
1 0.207813 0.639583 0.068750 0.220833
2 0.142969 0.688542 0.035937 0.031250
3 0.300781 0.960417 0.035937 0.062500
3 0.156250 0.971875 0.062500 0.039583
4 0.182031 0.788542 0.026562 0.110417
4 0.217188 0.800000 0.043750 0.133333
5 0.182031 0.896875 0.035937 0.114583
5 0.247656 0.905208 0.089063 0.093750
6 0.216406 0.601042 0.029687 0.110417
7 0.191406 0.666667 0.067187 0.050000
8 0.176563 0.511458 0.056250 0.089583
0 0.599320 0.668740 0.169297 0.634313
1 0.579688 0.658333 0.115625 0.341667
2 0.636719 0.885417 0.042188 0.095833
4 0.570312 0.900000 0.062500 0.162500
4 0.630469 0.903125 0.089063 0.156250
6 0.650000 0.600000 0.050000 0.187500
7 0.648438 0.763542 0.053125 0.156250
8 0.563281 0.456250 0.079687 0.125000
