0 0.477477 0.414414 0.270266 0.272516
1 0.432812 0.378125 0.106250 0.143750
2 0.398438 0.370312 0.028125 0.040625
2 0.559375 0.288281 0.046875 0.020313
3 0.586719 0.520312 0.026562 0.021875
4 0.501563 0.452344 0.118750 0.057813
4 0.532031 0.425000 0.107813 0.034375
5 0.562500 0.480469 0.037500 0.067187
5 0.575781 0.445312 0.026562 0.043750
6 0.467187 0.312500 0.062500 0.034375
6 0.379688 0.373437 0.012500 0.028125
7 0.514062 0.299219 0.046875 0.029687
7 0.381250 0.394531 0.021875 0.035937
8 0.390625 0.314844 0.056250 0.051562
