0 0.473095 0.503520 0.856295 0.961800
1 0.708421 0.301000 0.292632 0.286000
2 0.671579 0.577000 0.058947 0.094000
2 0.790526 0.551000 0.086316 0.050000
3 0.794737 0.943000 0.077895 0.070000
3 0.095789 0.472000 0.073684 0.088000
4 0.491579 0.431000 0.250526 0.118000
4 0.677895 0.562000 0.164211 0.292000
5 0.253684 0.461000 0.242105 0.110000
5 0.752632 0.806000 0.111579 0.216000
6 0.860000 0.309000 0.061053 0.182000
6 0.640000 0.317000 0.075789 0.182000
7 0.856842 0.438000 0.075789 0.080000
7 0.640000 0.444000 0.067368 0.084000
8 0.762105 0.117000 0.117895 0.166000
