0 0.761859 0.461592 0.165031 0.258608
1 0.725000 0.422170 0.062500 0.061321
2 0.730469 0.547170 0.023438 0.033019
2 0.828125 0.349057 0.025000 0.023585
3 0.758594 0.561321 0.014063 0.047170
3 0.693750 0.544811 0.021875 0.033019
4 0.703906 0.478774 0.032813 0.047170
4 0.746094 0.475236 0.048438 0.044811
5 0.696094 0.518868 0.017188 0.033019
5 0.762500 0.517689 0.015625 0.049528
6 0.763281 0.385613 0.035937 0.054245
6 0.707812 0.468160 0.025000 0.054245
7 0.797656 0.359670 0.035937 0.030660
7 0.710156 0.512972 0.029687 0.049528
8 0.746094 0.439858 0.035937 0.040094
