0 0.609333 0.525719 0.530047 0.948438
1 0.635831 0.332031 0.334895 0.279687
2 0.464871 0.559375 0.105386 0.068750
3 0.656909 0.903906 0.063232 0.060937
3 0.591335 0.937500 0.072600 0.090625
4 0.551522 0.586719 0.156909 0.235937
4 0.718970 0.589063 0.192037 0.246875
5 0.569087 0.800000 0.107728 0.193750
5 0.673302 0.798438 0.081967 0.175000
6 0.829040 0.298438 0.074941 0.153125
6 0.439110 0.321875 0.105386 0.165625
7 0.823185 0.437500 0.081967 0.128125
7 0.412178 0.464844 0.079625 0.139063
8 0.618267 0.139063 0.149883 0.162500
0 0.289660 0.485391 0.511967 0.876406
1 0.375878 0.321875 0.292740 0.296875
2 0.377049 0.357812 0.168618 0.081250
3 0.115925 0.728906 0.105386 0.098437
3 0.341920 0.875000 0.149883 0.090625
4 0.289227 0.539062 0.138173 0.231250
4 0.386417 0.593750 0.117096 0.196875
5 0.284543 0.740625 0.105386 0.184375
5 0.204918 0.696094 0.077283 0.067187
6 0.249415 0.248438 0.086651 0.100000
7 0.242389 0.373437 0.119438 0.078125
8 0.444965 0.140625 0.173302 0.137500
