0 0.445539 0.611487 0.256953 0.752248
1 0.460156 0.500000 0.142187 0.255269
2 0.396875 0.628806 0.071875 0.081967
2 0.457813 0.649883 0.075000 0.105386
3 0.482031 0.955504 0.042188 0.056206
3 0.434375 0.939110 0.040625 0.084309
4 0.382812 0.694379 0.134375 0.152225
4 0.502344 0.668618 0.104688 0.138173
5 0.383594 0.812646 0.101562 0.215457
5 0.515625 0.811475 0.087500 0.245902
6 0.535156 0.481265 0.048438 0.156909
6 0.367969 0.484778 0.054688 0.163934
7 0.508594 0.581967 0.076563 0.077283
7 0.360938 0.591335 0.040625 0.058548
8 0.464844 0.326698 0.067187 0.170960
0 0.685930 0.698501 0.229391 0.570773
1 0.639062 0.617096 0.081250 0.166276
4 0.695312 0.862998 0.175000 0.185012
4 0.720313 0.806792 0.143750 0.072600
5 0.703906 0.942623 0.117188 0.044496
5 0.758594 0.844262 0.076563 0.063232
6 0.692187 0.639344 0.025000 0.126464
6 0.596875 0.625293 0.053125 0.159251
7 0.632812 0.683841 0.053125 0.051522
8 0.642969 0.503513 0.064062 0.159251
