0 0.478156 0.593741 0.188500 0.638024
1 0.462500 0.509412 0.090625 0.209412
2 0.547656 0.594118 0.042188 0.082353
2 0.550781 0.558824 0.007812 0.016471
3 0.482031 0.885882 0.042188 0.030588
3 0.404687 0.874118 0.028125 0.063529
4 0.435156 0.660000 0.060937 0.181176
4 0.480469 0.690588 0.042188 0.176471
5 0.415625 0.791765 0.046875 0.129412
5 0.478125 0.816471 0.037500 0.103529
6 0.509375 0.460000 0.021875 0.082353
6 0.466406 0.471765 0.060937 0.105882
7 0.523438 0.523529 0.028125 0.044706
7 0.509375 0.535294 0.059375 0.072941
8 0.480469 0.354118 0.076563 0.152941
