0 0.344400 0.661583 0.183026 0.432452
1 0.333913 0.506087 0.062609 0.027826
2 0.422609 0.587826 0.020870 0.020870
2 0.269565 0.588696 0.027826 0.019130
3 0.318261 0.856522 0.031304 0.026087
3 0.404348 0.759130 0.019130 0.033043
4 0.384348 0.613913 0.055652 0.090435
4 0.328696 0.648696 0.055652 0.142609
5 0.391304 0.700870 0.031304 0.083478
5 0.326957 0.780870 0.038261 0.125217
6 0.284348 0.523478 0.040000 0.052174
6 0.406957 0.532174 0.048696 0.066087
7 0.278261 0.563478 0.034783 0.034783
7 0.420000 0.569565 0.026087 0.022609
8 0.341739 0.473043 0.050435 0.048696
0 0.757061 0.438330 0.253530 0.504070
2 0.652174 0.442609 0.045217 0.029565
3 0.824348 0.585217 0.038261 0.033043
4 0.815652 0.455652 0.073043 0.100870
5 0.813913 0.536522 0.048696 0.085217
5 0.733043 0.625217 0.067826 0.123478
6 0.658261 0.333043 0.040000 0.106087
6 0.846087 0.335652 0.064348 0.128696
7 0.648696 0.405217 0.038261 0.052174
7 0.861739 0.406957 0.033043 0.034783
