0 0.629756 0.761867 0.258538 0.354922
1 0.650812 0.688281 0.150812 0.123438
2 0.576566 0.597656 0.034803 0.026562
2 0.730858 0.717187 0.037123 0.028125
3 0.649652 0.906250 0.046404 0.043750
3 0.582367 0.842187 0.027842 0.015625
4 0.570766 0.753125 0.023202 0.065625
4 0.599768 0.787500 0.076566 0.093750
5 0.618329 0.860938 0.062645 0.068750
6 0.701856 0.740625 0.044084 0.081250
6 0.642691 0.623437 0.069606 0.028125
7 0.722738 0.758594 0.044084 0.060937
7 0.607889 0.608594 0.041763 0.026562
8 0.716937 0.655469 0.074246 0.057813
