0 0.345292 0.776906 0.337833 0.414813
1 0.372917 0.776563 0.250000 0.218750
2 0.266667 0.960156 0.091667 0.042188
2 0.411458 0.815625 0.114583 0.071875
4 0.318750 0.926562 0.141667 0.109375
4 0.389583 0.910937 0.029167 0.125000
5 0.448958 0.900781 0.102083 0.160938
6 0.496875 0.714063 0.027083 0.050000
6 0.217708 0.760156 0.077083 0.148438
7 0.225000 0.882812 0.100000 0.121875
8 0.373958 0.655469 0.135417 0.132812
0 0.638990 0.462047 0.315729 0.603656
1 0.632292 0.407031 0.231250 0.267188
2 0.571875 0.403125 0.068750 0.046875
4 0.556250 0.629687 0.100000 0.184375
5 0.561458 0.737500 0.060417 0.046875
6 0.748958 0.382031 0.068750 0.151562
6 0.510417 0.357031 0.062500 0.107813
7 0.731250 0.498437 0.100000 0.096875
7 0.511458 0.426563 0.064583 0.056250
8 0.616667 0.231250 0.116667 0.137500
0 0.641646 0.765703 0.380750 0.468594
1 0.664583 0.855469 0.233333 0.282813
2 0.490625 0.779687 0.081250 0.090625
6 0.769792 0.789844 0.081250 0.035937
6 0.585417 0.748437 0.033333 0.046875
7 0.535417 0.867969 0.091667 0.120313
8 0.643750 0.653906 0.179167 0.195312
