0 0.397109 0.484907 0.459094 0.928322
1 0.402344 0.301865 0.167187 0.272727
2 0.325781 0.144522 0.048438 0.088578
2 0.597656 0.332168 0.048438 0.067599
3 0.471094 0.903263 0.070312 0.076923
3 0.216406 0.870629 0.070312 0.076923
4 0.339062 0.524476 0.103125 0.256410
4 0.435937 0.539627 0.106250 0.207459
5 0.262500 0.738928 0.121875 0.233100
5 0.470313 0.748252 0.050000 0.233100
6 0.508594 0.291375 0.067187 0.153846
6 0.342969 0.220280 0.082812 0.095571
7 0.556250 0.353147 0.053125 0.062937
7 0.298438 0.222611 0.053125 0.095571
8 0.449219 0.141026 0.082812 0.160839
