0 0.219312 0.644718 0.387469 0.710563
1 0.159375 0.491784 0.175000 0.241784
2 0.379688 0.692488 0.059375 0.056338
4 0.107813 0.760563 0.090625 0.305164
4 0.182031 0.742958 0.164062 0.269953
5 0.256250 0.909624 0.075000 0.171362
5 0.074219 0.933099 0.092188 0.124413
6 0.246094 0.518779 0.092188 0.262911
7 0.318750 0.653756 0.096875 0.077465
8 0.280469 0.366197 0.089063 0.145540
0 0.342539 0.622477 0.248297 0.755047
1 0.335156 0.400235 0.129688 0.246479
2 0.447656 0.638498 0.029687 0.051643
3 0.400781 0.969484 0.101562 0.051643
4 0.335938 0.630282 0.115625 0.241784
4 0.264062 0.645540 0.075000 0.136150
5 0.367969 0.843897 0.067187 0.227700
5 0.267969 0.774648 0.048438 0.136150
6 0.374219 0.474178 0.054688 0.192488
7 0.400781 0.602113 0.085938 0.096244
8 0.424219 0.315728 0.076563 0.143192
0 0.686664 0.423815 0.153266 0.726878
1 0.684375 0.254695 0.115625 0.194836
2 0.725781 0.440141 0.051562 0.044601
2 0.736719 0.393192 0.017188 0.044601
3 0.719531 0.737089 0.045312 0.075117
3 0.634375 0.707746 0.034375 0.049296
4 0.647656 0.441315 0.054688 0.201878
4 0.701562 0.446009 0.050000 0.192488
5 0.643750 0.611502 0.031250 0.147887
5 0.709375 0.620892 0.031250 0.157277
6 0.738281 0.230047 0.023438 0.107981
6 0.664844 0.267606 0.032813 0.145540
7 0.732031 0.323944 0.026562 0.093897
7 0.682813 0.388498 0.053125 0.096244
8 0.717187 0.154930 0.050000 0.117371
0 0.511570 0.514847 0.199359 0.611385
1 0.478906 0.369718 0.126562 0.199531
2 0.578125 0.529343 0.031250 0.039906
2 0.539062 0.451878 0.021875 0.035211
3 0.446875 0.750000 0.059375 0.039906
3 0.525000 0.794601 0.062500 0.044601
4 0.480469 0.530516 0.110937 0.183099
4 0.445312 0.524648 0.065625 0.185446
5 0.512500 0.687793 0.046875 0.178404
5 0.440625 0.690141 0.034375 0.079812
6 0.524219 0.373239 0.051562 0.159624
7 0.536719 0.489437 0.060937 0.072770
8 0.574219 0.273474 0.064062 0.119718
