0 0.476953 0.575575 0.549406 0.814061
1 0.373437 0.605634 0.246875 0.488263
2 0.271094 0.659624 0.076563 0.107981
2 0.705469 0.726526 0.073438 0.115023
4 0.299219 0.873239 0.129688 0.206573
4 0.447656 0.899061 0.123438 0.154930
6 0.558594 0.536385 0.142187 0.246479
6 0.236719 0.518779 0.051562 0.253521
7 0.648438 0.650235 0.081250 0.126761
7 0.228125 0.672535 0.034375 0.091549
8 0.346094 0.335681 0.157812 0.305164
0 0.652102 0.518627 0.318547 0.939038
1 0.622656 0.514085 0.167187 0.469484
2 0.756250 0.292254 0.081250 0.129108
2 0.776563 0.349765 0.062500 0.140845
4 0.681250 0.866197 0.050000 0.234742
4 0.596875 0.850939 0.137500 0.265258
6 0.725781 0.444836 0.035937 0.138498
6 0.604688 0.415493 0.109375 0.267606
7 0.742188 0.490610 0.059375 0.136150
7 0.695312 0.443662 0.090625 0.225352
8 0.676562 0.196009 0.103125 0.237089
