0 0.763141 0.617974 0.251875 0.737073
1 0.763281 0.569087 0.151562 0.304450
4 0.823438 0.838407 0.109375 0.285714
4 0.714063 0.838407 0.128125 0.285714
6 0.670312 0.546838 0.050000 0.194379
6 0.851562 0.564403 0.050000 0.206089
7 0.665625 0.670960 0.040625 0.067916
7 0.857812 0.687354 0.037500 0.067916
8 0.763281 0.336066 0.095312 0.166276
0 0.253203 0.578829 0.211875 0.680187
1 0.245312 0.450820 0.087500 0.194379
2 0.337500 0.516393 0.037500 0.049180
2 0.308594 0.525761 0.026562 0.030445
3 0.337500 0.878220 0.037500 0.060890
3 0.182031 0.882904 0.057813 0.042155
4 0.226562 0.640515 0.059375 0.180328
4 0.282031 0.627635 0.054688 0.187354
5 0.210938 0.796253 0.040625 0.131148
5 0.308594 0.782201 0.057813 0.154567
6 0.282031 0.400468 0.026562 0.093677
6 0.232813 0.441452 0.071875 0.077283
7 0.297656 0.466042 0.035937 0.032787
7 0.292969 0.488290 0.067187 0.058548
8 0.228906 0.316159 0.057813 0.140515
