0 0.528508 0.480459 0.465172 0.701576
1 0.454688 0.349412 0.140625 0.200000
2 0.432031 0.458824 0.035937 0.047059
3 0.346875 0.788235 0.084375 0.065882
3 0.683594 0.671765 0.070312 0.091765
4 0.510938 0.636471 0.078125 0.162353
4 0.468750 0.540000 0.153125 0.120000
5 0.596094 0.676471 0.132812 0.077647
5 0.391406 0.667059 0.073438 0.200000
6 0.511719 0.402353 0.054688 0.145882
6 0.364063 0.278824 0.081250 0.058824
7 0.493750 0.464706 0.090625 0.040000
7 0.316406 0.223529 0.042188 0.098824
8 0.441406 0.237647 0.054688 0.131765
