0 0.699056 0.518828 0.418671 0.535313
1 0.699301 0.460938 0.279720 0.303125
2 0.844988 0.635938 0.076923 0.056250
4 0.865967 0.714063 0.072261 0.137500
6 0.800699 0.403906 0.142191 0.160938
6 0.536131 0.430469 0.060606 0.142187
7 0.851981 0.539062 0.081585 0.171875
8 0.586247 0.319531 0.174825 0.117188
0 0.657273 0.600000 0.398042 0.367719
1 0.642191 0.658594 0.240093 0.176563
2 0.580420 0.763281 0.144522 0.035937
6 0.791375 0.677344 0.118881 0.204687
6 0.504662 0.638281 0.076923 0.101562
7 0.738928 0.752344 0.172494 0.057813
8 0.614219 0.521094 0.146853 0.145313
