0 0.440039 0.505621 0.442297 0.966276
1 0.348438 0.358314 0.171875 0.430913
2 0.625000 0.281030 0.062500 0.074941
2 0.575781 0.243560 0.060937 0.093677
4 0.361719 0.816159 0.114062 0.306792
4 0.367969 0.711944 0.195312 0.332553
5 0.292969 0.961358 0.117188 0.044496
5 0.469531 0.912178 0.082812 0.142857
6 0.466406 0.373536 0.129688 0.128806
7 0.505469 0.194379 0.110937 0.074941
7 0.567187 0.362998 0.090625 0.145199
8 0.397656 0.160422 0.135937 0.180328
0 0.642398 0.604731 0.202859 0.569836
1 0.605469 0.489461 0.079687 0.168618
2 0.576562 0.635831 0.025000 0.053864
2 0.671875 0.620609 0.015625 0.051522
3 0.704688 0.850117 0.050000 0.042155
3 0.605469 0.858314 0.023438 0.044496
4 0.596875 0.654567 0.050000 0.156909
4 0.647656 0.652225 0.067187 0.152225
5 0.596875 0.786885 0.025000 0.103044
5 0.678906 0.774005 0.039062 0.110070
6 0.645312 0.460187 0.031250 0.110070
6 0.564063 0.473068 0.021875 0.098361
7 0.662500 0.552693 0.025000 0.084309
7 0.564063 0.566745 0.021875 0.093677
8 0.605469 0.372365 0.039062 0.098361
0 0.174320 0.672482 0.346641 0.655035
1 0.043750 0.714286 0.087500 0.351288
2 0.319531 0.615925 0.048438 0.107728
4 0.071875 0.941452 0.143750 0.107728
5 0.087500 0.956674 0.115625 0.077283
6 0.132031 0.680328 0.110937 0.110070
7 0.249219 0.690867 0.157812 0.088993
8 0.063281 0.483607 0.126562 0.250585
