0 0.635869 0.336906 0.491737 0.415344
1 0.573944 0.219531 0.251174 0.120313
2 0.434272 0.418750 0.075117 0.065625
2 0.855634 0.309375 0.044601 0.043750
3 0.676056 0.505469 0.117371 0.048438
3 0.465962 0.522656 0.053991 0.035937
4 0.535211 0.314844 0.136150 0.098437
4 0.678404 0.315625 0.173709 0.093750
5 0.516432 0.433594 0.107981 0.154688
5 0.707746 0.414844 0.133803 0.145313
6 0.746479 0.204687 0.107981 0.065625
6 0.475352 0.256250 0.086854 0.059375
7 0.822770 0.255469 0.096244 0.076563
7 0.443662 0.332813 0.037559 0.106250
8 0.597418 0.192188 0.119718 0.118750
