0 0.820719 0.564863 0.336938 0.833320
1 0.827344 0.611328 0.317188 0.582031
2 0.712500 0.708008 0.106250 0.115234
4 0.815625 0.930664 0.196875 0.091797
6 0.925000 0.608398 0.084375 0.283203
7 0.832812 0.723633 0.162500 0.080078
8 0.777344 0.290039 0.123438 0.271484
0 0.190313 0.552959 0.368875 0.848027
1 0.237500 0.518555 0.243750 0.384766
2 0.278906 0.602539 0.085938 0.083984
4 0.217188 0.835938 0.118750 0.246094
4 0.335938 0.802734 0.031250 0.152344
6 0.092188 0.488281 0.156250 0.273438
7 0.127344 0.595703 0.226562 0.089844
8 0.289844 0.296875 0.160938 0.292969
