0 0.230706 0.528109 0.440659 0.398594
1 0.217647 0.446094 0.148235 0.129688
2 0.347059 0.482812 0.044706 0.025000
2 0.377647 0.473438 0.035294 0.025000
3 0.400000 0.711719 0.094118 0.023438
3 0.050588 0.695312 0.040000 0.040625
4 0.192941 0.576562 0.108235 0.137500
4 0.278824 0.559375 0.105882 0.103125
5 0.145882 0.655469 0.164706 0.064062
5 0.331765 0.652344 0.089412 0.104688
6 0.312941 0.411719 0.056471 0.035937
6 0.220000 0.477344 0.077647 0.076563
7 0.349412 0.438281 0.068235 0.045312
7 0.290588 0.501563 0.091765 0.034375
8 0.262353 0.374219 0.096471 0.079687
