0 0.345969 0.369061 0.458433 0.433429
1 0.303419 0.227551 0.270655 0.112245
2 0.430199 0.379592 0.074074 0.032653
3 0.340456 0.481633 0.111111 0.028571
3 0.254986 0.551020 0.082621 0.061224
4 0.202279 0.317347 0.125356 0.214286
4 0.276353 0.321429 0.068376 0.091837
5 0.301994 0.414286 0.051282 0.114286
5 0.232194 0.470408 0.065527 0.104082
6 0.361823 0.296939 0.131054 0.100000
7 0.368946 0.344898 0.059829 0.028571
7 0.350427 0.356122 0.108262 0.038776
8 0.497151 0.213265 0.128205 0.104082
0 0.842194 0.362980 0.315613 0.396857
1 0.913105 0.242857 0.162393 0.130612
2 0.787749 0.415306 0.048433 0.042857
3 0.837607 0.523469 0.113960 0.055102
3 0.834758 0.475510 0.091168 0.040816
4 0.924501 0.338776 0.065527 0.069388
4 0.960114 0.364286 0.068376 0.132653
5 0.898860 0.424490 0.082621 0.110204
5 0.924501 0.467347 0.099715 0.081633
6 0.883191 0.301020 0.068376 0.120408
7 0.843305 0.377551 0.085470 0.053061
8 0.773504 0.227551 0.162393 0.108163
