0 0.280920 0.555194 0.273400 0.863224
1 0.276000 0.546269 0.180000 0.417910
2 0.171000 0.526866 0.054000 0.086567
4 0.268000 0.868657 0.128000 0.226866
4 0.367000 0.868657 0.094000 0.226866
6 0.193000 0.453731 0.050000 0.149254
8 0.250000 0.255224 0.096000 0.205970
0 0.348730 0.620194 0.296300 0.756925
2 0.226000 0.634328 0.044000 0.056716
2 0.222000 0.598507 0.032000 0.062687
4 0.436000 0.858209 0.116000 0.265672
6 0.382000 0.510448 0.096000 0.185075
7 0.292000 0.582090 0.120000 0.059701
8 0.379000 0.367164 0.082000 0.214925
