0 0.487422 0.494719 0.951344 0.989021
1 0.769531 0.541667 0.373437 0.766667
2 0.400781 0.781250 0.160938 0.195833
3 0.092188 0.971875 0.125000 0.027083
3 0.036719 0.708333 0.051562 0.070833
4 0.387500 0.586458 0.106250 0.106250
4 0.643750 0.933333 0.418750 0.104167
5 0.198437 0.634375 0.290625 0.193750
5 0.329688 0.944792 0.265625 0.081250
6 0.823438 0.633333 0.221875 0.500000
7 0.617188 0.846875 0.306250 0.118750
8 0.625000 0.181250 0.268750 0.362500
0 0.460953 0.567417 0.305063 0.496625
1 0.529687 0.687500 0.162500 0.250000
2 0.325781 0.638542 0.035937 0.027083
2 0.376563 0.643750 0.084375 0.058333
6 0.565625 0.644792 0.090625 0.131250
6 0.430469 0.590625 0.085938 0.081250
7 0.471094 0.667708 0.110937 0.081250
8 0.528906 0.472917 0.151562 0.266667
