0 0.834453 0.295510 0.320587 0.591020
1 0.838667 0.236000 0.125333 0.416000
2 0.880000 0.479000 0.112000 0.114000
4 0.874667 0.508000 0.229333 0.160000
6 0.937333 0.133000 0.104000 0.266000
7 0.926667 0.337000 0.125333 0.178000
0 0.511987 0.491010 0.976027 0.982020
1 0.888000 0.205000 0.213333 0.410000
2 0.544000 0.382000 0.042667 0.072000
2 0.881333 0.480000 0.109333 0.120000
4 0.888000 0.497000 0.213333 0.210000
5 0.800000 0.870000 0.122667 0.220000
6 0.949333 0.152000 0.090667 0.240000
7 0.929333 0.345000 0.120000 0.166000
7 0.726667 0.286000 0.120000 0.140000
