0 0.681756 0.694484 0.214707 0.307281
1 0.668618 0.663281 0.072600 0.085938
2 0.768150 0.555469 0.032787 0.029687
2 0.597190 0.742188 0.028103 0.021875
3 0.742389 0.828906 0.060890 0.032813
3 0.591335 0.819531 0.035129 0.023438
4 0.639344 0.735156 0.046838 0.048438
4 0.677986 0.727344 0.063232 0.067187
5 0.615925 0.779687 0.051522 0.056250
5 0.715457 0.783594 0.077283 0.064062
6 0.638173 0.673438 0.030445 0.043750
6 0.709602 0.616406 0.060890 0.032813
7 0.619438 0.713281 0.044496 0.042188
7 0.745902 0.588281 0.039813 0.035937
8 0.649883 0.616406 0.049180 0.042188
