0 0.439570 0.573189 0.244953 0.408995
1 0.482031 0.470794 0.101562 0.114486
2 0.326562 0.408879 0.021875 0.023364
3 0.447656 0.744159 0.042188 0.049065
3 0.512500 0.753505 0.034375 0.039720
4 0.510156 0.578271 0.054688 0.137850
4 0.475781 0.572430 0.089063 0.135514
5 0.505469 0.689252 0.048438 0.084112
5 0.447656 0.676402 0.042188 0.100467
6 0.408594 0.445093 0.057813 0.053738
6 0.514844 0.462617 0.032813 0.051402
7 0.359375 0.426402 0.053125 0.044393
7 0.539844 0.508178 0.035937 0.067757
8 0.458594 0.394860 0.035937 0.046729
