0 0.245180 0.596701 0.195840 0.551672
1 0.264000 0.508955 0.108000 0.182090
2 0.158000 0.579104 0.024000 0.029851
2 0.321000 0.607463 0.034000 0.038806
3 0.304000 0.840299 0.028000 0.050746
3 0.250000 0.797015 0.056000 0.059701
4 0.251000 0.653731 0.042000 0.125373
4 0.300000 0.638806 0.056000 0.119403
5 0.253000 0.747761 0.030000 0.068657
5 0.294000 0.753731 0.044000 0.134328
6 0.308000 0.479104 0.060000 0.104478
6 0.214000 0.502985 0.032000 0.092537
7 0.329000 0.556716 0.018000 0.062687
7 0.185000 0.552239 0.046000 0.053731
8 0.249000 0.386567 0.046000 0.104478
