0 0.600539 0.415914 0.632693 0.733641
1 0.562061 0.253125 0.327869 0.190625
2 0.296253 0.318750 0.025761 0.046875
2 0.307963 0.277344 0.049180 0.054688
3 0.387588 0.743750 0.128806 0.050000
3 0.871194 0.725000 0.074941 0.053125
4 0.708431 0.453906 0.152225 0.229687
4 0.511710 0.453125 0.302108 0.225000
5 0.800937 0.622656 0.163934 0.173437
5 0.406323 0.641406 0.100703 0.164062
6 0.389930 0.277344 0.114754 0.176563
7 0.325527 0.328906 0.042155 0.073438
7 0.432084 0.317969 0.077283 0.039062
8 0.517564 0.111719 0.126464 0.095312
