0 0.353977 0.502500 0.210203 0.748875
1 0.352344 0.337500 0.129688 0.250000
2 0.264062 0.503125 0.031250 0.047917
2 0.411719 0.385417 0.032813 0.058333
3 0.349219 0.707292 0.067187 0.081250
3 0.364844 0.820833 0.057813 0.087500
4 0.330469 0.554167 0.076563 0.191667
4 0.388281 0.515625 0.054688 0.177083
5 0.345313 0.710417 0.053125 0.129167
5 0.372656 0.619792 0.014063 0.047917
6 0.428125 0.246875 0.046875 0.068750
6 0.293750 0.339583 0.046875 0.112500
7 0.432812 0.308333 0.040625 0.120833
7 0.279687 0.433333 0.046875 0.100000
8 0.367969 0.219792 0.073438 0.152083
0 0.597469 0.484271 0.197188 0.761792
1 0.590625 0.329167 0.121875 0.225000
2 0.641406 0.520833 0.035937 0.075000
2 0.515625 0.507292 0.028125 0.072917
3 0.622656 0.805208 0.051562 0.089583
3 0.546875 0.734375 0.031250 0.068750
4 0.553125 0.526042 0.059375 0.164583
4 0.617188 0.532292 0.078125 0.193750
5 0.544531 0.655208 0.039062 0.093750
5 0.619531 0.697917 0.057813 0.137500
6 0.661719 0.304167 0.039062 0.154167
6 0.532813 0.294792 0.037500 0.135417
7 0.660937 0.432292 0.037500 0.110417
7 0.524219 0.410417 0.032813 0.116667
8 0.600781 0.178125 0.067187 0.143750
