0 0.447730 0.509648 0.249937 0.281047
1 0.412134 0.457813 0.079498 0.068750
2 0.375523 0.380469 0.027197 0.017188
2 0.535565 0.488281 0.037657 0.020313
3 0.539749 0.580469 0.046025 0.017188
3 0.440377 0.628906 0.031381 0.026562
4 0.426778 0.522656 0.054393 0.067187
4 0.479079 0.507031 0.083682 0.042188
5 0.428870 0.586719 0.025105 0.060937
5 0.519874 0.542969 0.027197 0.057813
6 0.451883 0.457031 0.037657 0.039062
6 0.351464 0.425000 0.050209 0.025000
7 0.492678 0.475781 0.052301 0.023438
7 0.345188 0.398438 0.046025 0.025000
8 0.403766 0.410938 0.037657 0.034375
