0 0.703547 0.555118 0.157313 0.448980
1 0.710156 0.495098 0.098437 0.147059
2 0.647656 0.466667 0.026562 0.043137
2 0.760938 0.606863 0.031250 0.056863
4 0.683594 0.652941 0.064062 0.168627
4 0.736719 0.650980 0.048438 0.168627
5 0.686719 0.755882 0.035937 0.037255
5 0.738281 0.749020 0.035937 0.050980
6 0.750000 0.488235 0.028125 0.090196
6 0.658594 0.510784 0.023438 0.076471
7 0.760156 0.560784 0.026562 0.054902
7 0.638281 0.516667 0.029687 0.064706
8 0.710156 0.387255 0.060937 0.103922
0 0.447234 0.618098 0.147344 0.560745
1 0.443750 0.524510 0.106250 0.166667
2 0.406250 0.670588 0.028125 0.050980
2 0.504687 0.484314 0.025000 0.047059
3 0.482031 0.881373 0.026562 0.025490
3 0.449219 0.884314 0.032813 0.019608
4 0.431250 0.683333 0.043750 0.147059
4 0.476562 0.681373 0.050000 0.154902
5 0.437500 0.815686 0.031250 0.125490
5 0.481250 0.813725 0.031250 0.109804
6 0.490625 0.499020 0.021875 0.107843
6 0.391406 0.525490 0.026562 0.129412
7 0.499219 0.535294 0.029687 0.058824
7 0.396094 0.618627 0.035937 0.068627
8 0.437500 0.408824 0.043750 0.100000
