0 0.397600 0.507086 0.365691 0.806859
1 0.426230 0.399219 0.243560 0.264062
2 0.314988 0.320312 0.077283 0.062500
2 0.272834 0.358594 0.081967 0.054688
3 0.492974 0.872656 0.152225 0.057813
3 0.311475 0.810156 0.140515 0.051562
4 0.343091 0.603906 0.086651 0.148438
4 0.443794 0.600781 0.147541 0.160938
5 0.346604 0.729688 0.093677 0.118750
5 0.495316 0.759375 0.138173 0.178125
6 0.462529 0.375781 0.110070 0.132812
7 0.355972 0.403906 0.149883 0.076563
7 0.309133 0.382031 0.037471 0.064062
8 0.392272 0.211719 0.185012 0.176563
