0 0.465614 0.380930 0.254394 0.641078
1 0.478191 0.260937 0.161551 0.181250
2 0.522617 0.364844 0.079160 0.048438
3 0.529887 0.650000 0.038772 0.053125
4 0.508885 0.406250 0.113086 0.121875
5 0.540388 0.545312 0.050081 0.153125
6 0.563813 0.219531 0.051696 0.082812
6 0.378029 0.242188 0.058158 0.087500
7 0.560582 0.326562 0.038772 0.053125
7 0.361874 0.309375 0.042003 0.062500
8 0.473344 0.129688 0.074313 0.112500
0 0.800016 0.429922 0.399968 0.617469
1 0.834410 0.259375 0.156704 0.159375
2 0.913570 0.384375 0.075929 0.050000
3 0.969305 0.671094 0.054927 0.048438
3 0.645396 0.686719 0.092084 0.085938
4 0.908724 0.407031 0.153473 0.148438
5 0.967690 0.552344 0.048465 0.167187
6 0.940226 0.250781 0.090468 0.132812
6 0.739903 0.222656 0.032310 0.048438
7 0.956381 0.344531 0.061389 0.076563
8 0.811793 0.169531 0.088853 0.098437
