0 0.300000 0.593823 0.353938 0.795521
1 0.278906 0.544792 0.254688 0.435417
2 0.383594 0.597917 0.114062 0.087500
2 0.442188 0.552083 0.062500 0.095833
4 0.228906 0.858333 0.189062 0.250000
4 0.360938 0.862500 0.125000 0.245833
6 0.417969 0.481250 0.032813 0.191667
6 0.197656 0.510417 0.107813 0.287500
7 0.433594 0.604167 0.045312 0.050000
7 0.247656 0.608333 0.170313 0.116667
8 0.365625 0.308333 0.146875 0.225000
0 0.712844 0.617677 0.371625 0.764646
1 0.661719 0.570833 0.173437 0.366667
2 0.634375 0.473958 0.046875 0.102083
2 0.861719 0.548958 0.067187 0.060417
4 0.591406 0.861458 0.114062 0.268750
4 0.706250 0.870833 0.118750 0.250000
6 0.757812 0.485417 0.078125 0.166667
6 0.577344 0.534375 0.039062 0.197917
7 0.809375 0.562500 0.062500 0.075000
7 0.608594 0.581250 0.067187 0.137500
8 0.657031 0.336458 0.089063 0.185417
