0 0.665680 0.479778 0.365797 0.788747
1 0.677344 0.355091 0.270313 0.328982
2 0.510156 0.750653 0.057813 0.107050
2 0.607812 0.821149 0.065625 0.096606
3 0.799219 0.779373 0.057813 0.133159
3 0.717969 0.718016 0.060937 0.172324
4 0.708594 0.563969 0.089063 0.130548
4 0.792969 0.514360 0.104688 0.182768
5 0.686719 0.665796 0.073438 0.088773
5 0.806250 0.640992 0.071875 0.143603
6 0.625781 0.396867 0.070312 0.287206
6 0.563281 0.447781 0.051562 0.138381
7 0.629687 0.656658 0.062500 0.237598
7 0.546094 0.608355 0.067187 0.198433
8 0.530469 0.199739 0.098437 0.232376
0 0.416891 0.420222 0.204406 0.826971
1 0.426563 0.348564 0.125000 0.289817
2 0.339062 0.375979 0.031250 0.062663
2 0.500781 0.530026 0.029687 0.099217
3 0.446875 0.774151 0.034375 0.091384
3 0.353125 0.762402 0.043750 0.088773
4 0.394531 0.543081 0.076563 0.146214
4 0.457031 0.556136 0.060937 0.151436
5 0.367188 0.669713 0.046875 0.107050
5 0.459375 0.678851 0.046875 0.114883
6 0.500000 0.330287 0.031250 0.133159
6 0.359375 0.283290 0.046875 0.091384
7 0.500781 0.428198 0.029687 0.109661
7 0.340625 0.335509 0.034375 0.060052
8 0.432812 0.163185 0.081250 0.169713
