0 0.804734 0.440195 0.298969 0.800000
1 0.776563 0.303688 0.178125 0.290672
2 0.714844 0.374187 0.039062 0.071584
2 0.671094 0.457701 0.032813 0.082430
3 0.744531 0.801518 0.079687 0.049892
3 0.917969 0.762473 0.054688 0.136659
4 0.817187 0.531453 0.112500 0.216920
4 0.778125 0.507592 0.150000 0.182213
5 0.835156 0.673536 0.139063 0.106291
5 0.739844 0.681128 0.073438 0.186551
6 0.704688 0.252711 0.046875 0.132321
7 0.698438 0.365510 0.053125 0.119306
8 0.703125 0.121475 0.071875 0.130152
0 0.087406 0.358427 0.174812 0.609002
1 0.075781 0.221258 0.110937 0.169197
2 0.031250 0.315618 0.028125 0.036876
3 0.047656 0.532538 0.070312 0.041215
3 0.139844 0.626898 0.057813 0.056399
4 0.114062 0.381779 0.071875 0.195228
4 0.070312 0.341649 0.140625 0.140998
5 0.113281 0.518438 0.060937 0.073753
5 0.036719 0.459870 0.073438 0.108460
6 0.019531 0.198482 0.039062 0.123644
7 0.013281 0.264642 0.026562 0.052061
7 0.048438 0.303688 0.018750 0.030369
8 0.010156 0.096529 0.020313 0.088937
