0 0.637140 0.546707 0.209040 0.711653
1 0.687000 0.401333 0.102000 0.242667
2 0.594000 0.385333 0.036000 0.045333
2 0.557000 0.450667 0.050000 0.053333
3 0.657000 0.866667 0.082000 0.058667
3 0.686000 0.829333 0.060000 0.053333
4 0.713000 0.590667 0.050000 0.210667
4 0.669000 0.604000 0.070000 0.210667
5 0.703000 0.754667 0.030000 0.122667
5 0.669000 0.772000 0.042000 0.125333
6 0.684000 0.384000 0.080000 0.154667
7 0.625000 0.453333 0.082000 0.048000
7 0.630000 0.408000 0.044000 0.037333
8 0.678000 0.256000 0.068000 0.117333
0 0.206700 0.620507 0.272720 0.758987
1 0.199000 0.509333 0.166000 0.362667
2 0.207000 0.756000 0.070000 0.098667
2 0.295000 0.633333 0.046000 0.061333
4 0.124000 0.786667 0.092000 0.218667
4 0.252000 0.718667 0.040000 0.061333
5 0.114000 0.945333 0.068000 0.098667
6 0.134000 0.500000 0.128000 0.210667
7 0.282000 0.593333 0.020000 0.040000
7 0.140000 0.664000 0.116000 0.165333
8 0.276000 0.348000 0.120000 0.178667
