0 0.555406 0.504513 0.483094 0.686934
1 0.664062 0.502433 0.203125 0.250608
2 0.490625 0.580292 0.068750 0.070560
2 0.667188 0.706813 0.078125 0.099757
3 0.482812 0.802920 0.106250 0.082725
3 0.385937 0.743309 0.137500 0.143552
4 0.572656 0.653285 0.142187 0.133820
4 0.667188 0.711679 0.153125 0.172749
5 0.477344 0.697080 0.085938 0.124088
5 0.574219 0.777372 0.089063 0.090024
6 0.745313 0.525547 0.075000 0.175182
6 0.569531 0.470803 0.035937 0.177616
7 0.736719 0.664234 0.092188 0.116788
7 0.543750 0.543796 0.075000 0.109489
8 0.657031 0.300487 0.151562 0.255474
