0 0.740449 0.532590 0.447206 0.889886
1 0.740196 0.661765 0.346405 0.578431
2 0.571895 0.376634 0.111111 0.174837
2 0.789216 0.638072 0.169935 0.158497
4 0.634804 0.928105 0.116013 0.091503
4 0.803922 0.954248 0.222222 0.039216
6 0.919118 0.560458 0.083333 0.271242
7 0.901961 0.722222 0.117647 0.137255
7 0.541667 0.473039 0.050654 0.050654
8 0.708333 0.275327 0.200980 0.334967
0 0.367418 0.512361 0.658431 0.925833
1 0.278595 0.665033 0.482026 0.594771
2 0.116013 0.756536 0.150327 0.222222
2 0.633987 0.718954 0.117647 0.176471
6 0.532680 0.509804 0.049020 0.075163
8 0.278595 0.278595 0.250000 0.449346
