0 0.614270 0.555492 0.407260 0.860665
1 0.534000 0.497340 0.224000 0.420213
2 0.546000 0.378989 0.068000 0.109043
2 0.791000 0.244681 0.046000 0.079787
4 0.478000 0.844415 0.116000 0.273936
4 0.597000 0.831117 0.130000 0.300532
6 0.689000 0.335106 0.130000 0.095745
6 0.456000 0.421543 0.056000 0.188830
7 0.771000 0.328457 0.074000 0.109043
7 0.483000 0.500000 0.106000 0.175532
8 0.553000 0.242021 0.106000 0.212766
0 0.250950 0.548311 0.359940 0.876410
1 0.204000 0.615691 0.224000 0.646277
2 0.368000 0.425532 0.080000 0.138298
2 0.413000 0.417553 0.026000 0.127660
4 0.176000 0.950798 0.168000 0.061170
4 0.288000 0.926862 0.080000 0.109043
6 0.342000 0.513298 0.080000 0.308511
6 0.192000 0.585106 0.164000 0.367021
7 0.391000 0.573138 0.066000 0.226064
7 0.305000 0.613032 0.122000 0.300532
8 0.261000 0.244681 0.174000 0.250000
