0 0.416821 0.435080 0.652806 0.667240
1 0.407463 0.252000 0.307463 0.240000
2 0.129851 0.184000 0.080597 0.052000
2 0.661194 0.328000 0.056716 0.032000
3 0.171642 0.530000 0.074627 0.104000
3 0.259701 0.708000 0.131343 0.100000
4 0.307463 0.414000 0.232836 0.208000
4 0.434328 0.413000 0.122388 0.078000
5 0.337313 0.587000 0.173134 0.170000
5 0.349254 0.480000 0.286567 0.064000
6 0.601493 0.270000 0.080597 0.128000
6 0.383582 0.163000 0.188060 0.058000
7 0.226866 0.165000 0.149254 0.038000
8 0.586567 0.164000 0.170149 0.120000
0 0.684388 0.612100 0.462388 0.468240
1 0.637313 0.657000 0.325373 0.222000
2 0.662687 0.420000 0.107463 0.072000
3 0.805970 0.828000 0.047761 0.024000
3 0.504478 0.804000 0.059701 0.032000
4 0.608955 0.787000 0.179104 0.050000
5 0.771642 0.831000 0.038806 0.022000
6 0.617910 0.542000 0.185075 0.084000
6 0.746269 0.761000 0.107463 0.134000
7 0.583582 0.488000 0.128358 0.084000
7 0.728358 0.835000 0.071642 0.014000
8 0.817910 0.592000 0.143284 0.100000
