0 0.676429 0.674023 0.647143 0.630047
1 0.720141 0.747656 0.503513 0.389062
4 0.903981 0.949219 0.163934 0.073438
4 0.692037 0.962500 0.269321 0.046875
6 0.427400 0.721875 0.138173 0.175000
6 0.920375 0.667969 0.131148 0.195312
8 0.639344 0.468750 0.238876 0.209375
0 0.347576 0.451359 0.342506 0.549781
1 0.343091 0.392969 0.250585 0.217188
2 0.389930 0.440625 0.091335 0.050000
3 0.357143 0.707031 0.025761 0.029687
4 0.359485 0.589063 0.175644 0.206250
4 0.460187 0.546094 0.100703 0.160938
6 0.425059 0.325000 0.039813 0.059375
6 0.266979 0.389844 0.103044 0.107813
7 0.482436 0.423438 0.065574 0.053125
7 0.311475 0.445312 0.088993 0.056250
8 0.297424 0.262500 0.121780 0.131250
0 0.182998 0.462656 0.303934 0.475156
1 0.129977 0.361719 0.189696 0.135937
2 0.144028 0.295312 0.035129 0.031250
2 0.163934 0.298438 0.023419 0.028125
3 0.310304 0.656250 0.039813 0.037500
3 0.125293 0.673438 0.100703 0.050000
4 0.153396 0.486719 0.086651 0.142187
4 0.224824 0.477344 0.093677 0.142187
5 0.144028 0.599219 0.091335 0.107813
5 0.285714 0.595313 0.079625 0.103125
6 0.074941 0.347656 0.088993 0.098437
7 0.129977 0.353125 0.049180 0.084375
8 0.092506 0.265625 0.077283 0.068750
