0 0.431484 0.499438 0.567781 0.963888
1 0.508594 0.645199 0.317188 0.662763
2 0.225000 0.786885 0.140625 0.051522
2 0.235937 0.841920 0.146875 0.138173
6 0.570312 0.569087 0.203125 0.388759
7 0.410938 0.752927 0.225000 0.170960
7 0.329688 0.845433 0.071875 0.023419
8 0.478906 0.233021 0.176563 0.423888
0 0.179219 0.646159 0.240969 0.580141
1 0.179688 0.738876 0.234375 0.386417
2 0.139844 0.599532 0.073438 0.126464
2 0.188281 0.788056 0.073438 0.044496
6 0.262500 0.655738 0.068750 0.224824
6 0.082031 0.720141 0.042188 0.166276
7 0.121875 0.734192 0.059375 0.152225
8 0.135156 0.487119 0.135937 0.262295
