0 0.366805 0.579963 0.176297 0.279282
1 0.345313 0.591584 0.112500 0.183168
2 0.354687 0.699257 0.028125 0.027228
2 0.434375 0.674505 0.034375 0.037129
4 0.417969 0.628713 0.067187 0.094059
6 0.403906 0.532178 0.045312 0.079208
6 0.300000 0.622525 0.034375 0.121287
7 0.418750 0.608911 0.021875 0.108911
7 0.321094 0.685644 0.045312 0.044554
8 0.331250 0.506188 0.053125 0.116337
0 0.664625 0.553007 0.141063 0.292500
1 0.653125 0.589109 0.062500 0.074257
2 0.723437 0.664604 0.018750 0.051980
6 0.692187 0.596535 0.021875 0.089109
6 0.617969 0.587871 0.020313 0.056931
8 0.660937 0.532178 0.050000 0.108911
