0 0.541290 0.344533 0.206660 0.433387
1 0.559000 0.289333 0.082000 0.157333
2 0.452000 0.297333 0.024000 0.040000
2 0.545000 0.230667 0.034000 0.061333
3 0.583000 0.525333 0.054000 0.058667
3 0.566000 0.481333 0.016000 0.029333
4 0.538000 0.410667 0.052000 0.106667
4 0.609000 0.384000 0.058000 0.074667
5 0.537000 0.464000 0.058000 0.053333
5 0.578000 0.429333 0.048000 0.144000
6 0.598000 0.281333 0.040000 0.109333
6 0.510000 0.278667 0.032000 0.093333
7 0.567000 0.304000 0.042000 0.106667
7 0.482000 0.309333 0.040000 0.053333
8 0.557000 0.192000 0.050000 0.112000
