0 0.474262 0.468820 0.948525 0.649547
1 0.416862 0.321875 0.281030 0.218750
2 0.030445 0.221094 0.060890 0.076563
2 0.861827 0.192188 0.135831 0.043750
3 0.416862 0.750781 0.112412 0.042188
3 0.604215 0.708594 0.182670 0.070312
4 0.470726 0.482031 0.426230 0.117188
5 0.607728 0.578125 0.152225 0.187500
5 0.461358 0.661719 0.163934 0.148438
6 0.613583 0.270313 0.126464 0.050000
6 0.358314 0.236719 0.220141 0.051562
7 0.741218 0.233594 0.138173 0.082812
7 0.158080 0.232813 0.194379 0.043750
8 0.598361 0.220312 0.194379 0.125000
