0 0.808812 0.493259 0.382031 0.982000
1 0.819531 0.567059 0.248438 0.512941
2 0.660937 0.636471 0.068750 0.096471
2 0.666406 0.938824 0.089063 0.080000
4 0.936719 0.887059 0.120313 0.183529
4 0.798438 0.896471 0.178125 0.164706
6 0.838281 0.588235 0.123438 0.268235
7 0.757031 0.801176 0.154688 0.251765
8 0.801562 0.270588 0.125000 0.192941
0 0.683422 0.326494 0.196531 0.526918
1 0.692187 0.440000 0.125000 0.287059
2 0.675781 0.347059 0.067187 0.110588
2 0.750781 0.348235 0.054688 0.098824
6 0.615625 0.408235 0.062500 0.214118
7 0.623437 0.474118 0.071875 0.176471
8 0.711719 0.234118 0.082812 0.167059
0 0.184375 0.563765 0.368750 0.848753
1 0.113281 0.632941 0.226562 0.527059
2 0.290625 0.869412 0.087500 0.087059
2 0.324219 0.731765 0.067187 0.056471
6 0.224219 0.514118 0.054688 0.214118
6 0.125000 0.589412 0.134375 0.289412
7 0.259375 0.658824 0.084375 0.169412
7 0.194531 0.798824 0.126562 0.214118
8 0.160938 0.303529 0.156250 0.291765
