0 0.563391 0.570783 0.462906 0.674168
1 0.455469 0.539139 0.164062 0.315068
2 0.422656 0.871820 0.045312 0.064579
2 0.637500 0.269080 0.053125 0.052838
3 0.737500 0.498043 0.043750 0.091977
3 0.752344 0.626223 0.042188 0.078278
4 0.563281 0.609589 0.104688 0.166341
4 0.582812 0.493151 0.106250 0.125245
5 0.671875 0.594912 0.137500 0.133072
5 0.674219 0.483366 0.079687 0.097847
6 0.509375 0.361057 0.118750 0.127202
6 0.403125 0.653620 0.068750 0.140900
7 0.589844 0.299413 0.057813 0.066536
7 0.396875 0.784736 0.062500 0.140900
8 0.400000 0.436399 0.109375 0.136986
