0 0.507555 0.600783 0.448328 0.775771
1 0.497656 0.382009 0.214062 0.198598
2 0.695312 0.600467 0.056250 0.102804
2 0.342187 0.752336 0.053125 0.126168
3 0.499219 0.966121 0.089063 0.039720
4 0.582812 0.609813 0.106250 0.144860
4 0.546875 0.542056 0.218750 0.345794
5 0.609375 0.707944 0.146875 0.135514
5 0.484375 0.820093 0.096875 0.257009
6 0.513281 0.391355 0.142187 0.123832
6 0.380469 0.450935 0.048438 0.144860
7 0.625000 0.485981 0.112500 0.168224
7 0.373437 0.602804 0.050000 0.168224
8 0.367188 0.309579 0.103125 0.165888
