0 0.607328 0.573979 0.443594 0.636508
1 0.650781 0.478053 0.164062 0.242366
2 0.507812 0.534351 0.059375 0.072519
2 0.805469 0.580153 0.039062 0.061069
3 0.560156 0.849237 0.057813 0.057252
3 0.429688 0.850191 0.059375 0.059160
4 0.577344 0.655534 0.095312 0.158397
4 0.661719 0.660305 0.076563 0.125954
5 0.506250 0.773855 0.137500 0.139313
5 0.628125 0.768130 0.121875 0.139313
6 0.753125 0.454198 0.053125 0.125954
6 0.564844 0.430344 0.057813 0.097328
7 0.775000 0.532443 0.056250 0.076336
7 0.535937 0.482824 0.065625 0.068702
8 0.664062 0.326336 0.068750 0.118321
