0 0.482867 0.555802 0.308422 0.779771
1 0.542969 0.410417 0.110937 0.262500
2 0.442188 0.253125 0.034375 0.064583
3 0.584375 0.887500 0.087500 0.075000
3 0.382031 0.896875 0.085938 0.056250
4 0.477344 0.627083 0.060937 0.191667
4 0.546094 0.635417 0.114062 0.220833
5 0.442969 0.796875 0.079687 0.177083
5 0.553125 0.800000 0.112500 0.129167
6 0.478125 0.346875 0.125000 0.106250
7 0.430469 0.335417 0.032813 0.108333
8 0.506250 0.238542 0.075000 0.122917
0 0.825000 0.567417 0.318531 0.833708
1 0.781250 0.427083 0.121875 0.270833
2 0.964844 0.397917 0.032813 0.050000
3 0.854688 0.975000 0.031250 0.012500
4 0.834375 0.656250 0.093750 0.262500
4 0.767188 0.682292 0.090625 0.235417
5 0.835938 0.867708 0.090625 0.185417
5 0.818750 0.884375 0.090625 0.177083
6 0.700781 0.407292 0.060937 0.160417
6 0.874219 0.391667 0.073438 0.154167
7 0.697656 0.486458 0.042188 0.047917
7 0.927344 0.439583 0.060937 0.083333
8 0.773438 0.244792 0.071875 0.114583
