0 0.352117 0.478341 0.278828 0.587162
1 0.325781 0.353712 0.126562 0.192140
2 0.235937 0.419214 0.034375 0.048035
2 0.408594 0.397380 0.048438 0.052402
3 0.306250 0.615721 0.050000 0.074236
3 0.448437 0.729258 0.075000 0.069869
4 0.333594 0.493450 0.151562 0.174672
4 0.364063 0.465066 0.065625 0.113537
5 0.408594 0.627729 0.057813 0.155022
5 0.337500 0.568777 0.062500 0.054585
6 0.329688 0.332969 0.084375 0.076419
7 0.382031 0.378821 0.023438 0.032751
7 0.267188 0.378821 0.046875 0.072052
8 0.405469 0.268559 0.060937 0.100437
