0 0.477427 0.351375 0.236444 0.381062
1 0.511506 0.290625 0.110879 0.137500
2 0.377615 0.215625 0.039749 0.025000
2 0.494770 0.281250 0.056485 0.034375
3 0.519874 0.524219 0.052301 0.026562
3 0.463389 0.518750 0.056485 0.028125
4 0.478033 0.400000 0.052301 0.100000
4 0.527197 0.402344 0.054393 0.095312
5 0.471757 0.474219 0.031381 0.060937
5 0.526151 0.477344 0.039749 0.064062
6 0.560669 0.292969 0.029289 0.064062
6 0.457113 0.230469 0.060669 0.029687
7 0.535565 0.310156 0.054393 0.048438
7 0.415272 0.223438 0.035565 0.028125
8 0.550209 0.207031 0.083682 0.079687
