0 0.435438 0.514131 0.300750 0.483944
1 0.442969 0.357981 0.129688 0.152582
2 0.554688 0.368545 0.025000 0.042254
2 0.302344 0.327465 0.035937 0.044601
3 0.467969 0.718310 0.039062 0.051643
3 0.571094 0.604460 0.023438 0.039906
4 0.492188 0.458920 0.068750 0.143192
4 0.442969 0.508216 0.064062 0.152582
5 0.538281 0.555164 0.076563 0.115023
5 0.447656 0.642019 0.045312 0.133803
6 0.373437 0.338028 0.050000 0.065728
6 0.506250 0.322770 0.040625 0.044601
7 0.335156 0.335681 0.035937 0.037559
7 0.535937 0.340376 0.028125 0.042254
