0 0.340059 0.515748 0.593504 0.871391
12 0.303150 0.215879 0.090551 0.040682
10 0.309055 0.152231 0.106299 0.078740
1 0.312992 0.194226 0.133858 0.183727
18 0.316929 0.385171 0.202756 0.250656
2 0.314469 0.387795 0.221457 0.284777
3 0.444882 0.316273 0.092520 0.073491
4 0.535433 0.342520 0.080709 0.057743
14 0.598917 0.345144 0.040354 0.055118
5 0.597441 0.345144 0.047244 0.078740
6 0.394685 0.594488 0.070866 0.144357
6 0.322835 0.599738 0.066929 0.162730
7 0.397146 0.740157 0.058071 0.139108
7 0.329724 0.750000 0.064961 0.137795
15 0.402559 0.847769 0.061024 0.115486
15 0.323819 0.858924 0.057087 0.111549
8 0.326280 0.862861 0.077756 0.132546
8 0.405512 0.845801 0.074803 0.135171