0 0.734680 0.539110 0.424613 0.447020
1 0.682667 0.439000 0.149333 0.118000
2 0.576000 0.391000 0.032000 0.018000
2 0.906667 0.439000 0.032000 0.042000
3 0.622667 0.728000 0.056000 0.048000
3 0.569333 0.723000 0.045333 0.070000
4 0.653333 0.548000 0.064000 0.108000
4 0.706667 0.549000 0.064000 0.110000
5 0.622667 0.655000 0.098667 0.102000
5 0.654667 0.658000 0.093333 0.108000
6 0.778667 0.406000 0.080000 0.048000
6 0.592000 0.413000 0.090667 0.042000
7 0.852000 0.424000 0.082667 0.028000
7 0.548000 0.410000 0.045333 0.044000
8 0.684000 0.356000 0.072000 0.076000
