0 0.266182 0.530336 0.287093 0.539328
1 0.307171 0.443750 0.168605 0.156250
2 0.335271 0.280469 0.038760 0.032813
2 0.208333 0.448437 0.060078 0.034375
3 0.294574 0.758594 0.038760 0.057813
3 0.156008 0.655469 0.052326 0.048438
4 0.209302 0.542188 0.120155 0.118750
4 0.289729 0.568750 0.063953 0.125000
5 0.163760 0.614062 0.040698 0.046875
5 0.291667 0.678906 0.052326 0.101562
6 0.355620 0.446875 0.087209 0.062500
6 0.300388 0.354687 0.081395 0.040625
7 0.272287 0.464844 0.083333 0.029687
7 0.294574 0.315625 0.069767 0.059375
8 0.374031 0.356250 0.065891 0.068750
