0 0.569280 0.485390 0.401493 0.907860
1 0.585333 0.338000 0.248000 0.336000
2 0.528000 0.262000 0.117333 0.088000
2 0.590667 0.312000 0.098667 0.080000
3 0.572000 0.888000 0.157333 0.092000
3 0.518667 0.828000 0.114667 0.064000
4 0.502667 0.595000 0.077333 0.178000
4 0.617333 0.609000 0.162667 0.206000
5 0.544000 0.740000 0.042667 0.108000
5 0.589333 0.778000 0.096000 0.136000
6 0.718667 0.276000 0.093333 0.152000
6 0.432000 0.254000 0.101333 0.108000
7 0.685333 0.368000 0.160000 0.088000
7 0.434667 0.318000 0.112000 0.072000
8 0.590667 0.122000 0.136000 0.168000
