0 0.555802 0.379086 0.650187 0.692141
1 0.535417 0.274219 0.366667 0.292187
2 0.473958 0.255469 0.072917 0.060937
2 0.848958 0.450781 0.056250 0.057813
3 0.308333 0.691406 0.066667 0.035937
4 0.332292 0.386719 0.152083 0.117188
4 0.447917 0.514062 0.183333 0.243750
5 0.283333 0.563281 0.070833 0.239063
5 0.369792 0.649219 0.077083 0.070312
6 0.739583 0.304688 0.108333 0.165625
6 0.437500 0.167187 0.225000 0.090625
7 0.791667 0.409375 0.075000 0.093750
7 0.393750 0.215625 0.137500 0.046875
8 0.679167 0.147656 0.137500 0.114062
