0 0.672469 0.593260 0.252812 0.791021
1 0.673438 0.505208 0.196875 0.297917
2 0.560156 0.487500 0.029687 0.062500
2 0.605469 0.475000 0.073438 0.070833
4 0.632812 0.778125 0.084375 0.331250
4 0.700000 0.771875 0.128125 0.331250
5 0.636719 0.960417 0.079687 0.045833
5 0.708594 0.955208 0.064062 0.056250
6 0.750000 0.491667 0.059375 0.183333
7 0.690625 0.533333 0.109375 0.125000
7 0.571875 0.546875 0.034375 0.060417
8 0.670312 0.311458 0.100000 0.197917
0 0.221961 0.483104 0.291891 0.795708
1 0.211719 0.435417 0.148438 0.350000
2 0.170313 0.802083 0.056250 0.137500
2 0.328906 0.322917 0.070312 0.112500
4 0.177344 0.801042 0.095312 0.143750
4 0.250000 0.765625 0.050000 0.210417
6 0.289844 0.407292 0.064062 0.210417
6 0.132812 0.417708 0.084375 0.264583
7 0.319531 0.444792 0.029687 0.131250
7 0.120313 0.613542 0.040625 0.147917
8 0.243750 0.204167 0.128125 0.195833
0 0.120508 0.579771 0.241016 0.809000
1 0.028906 0.758333 0.057813 0.445833
2 0.189062 0.416667 0.100000 0.108333
2 0.179688 0.712500 0.118750 0.070833
7 0.078906 0.762500 0.120313 0.125000
7 0.081250 0.472917 0.162500 0.133333
8 0.044531 0.302083 0.089063 0.225000
0 0.532375 0.762969 0.159781 0.291104
1 0.530469 0.701042 0.135937 0.135417
3 0.539062 0.872917 0.068750 0.054167
4 0.523438 0.788542 0.121875 0.085417
5 0.562500 0.805208 0.075000 0.106250
6 0.590625 0.685417 0.037500 0.066667
