0 0.555045 0.502680 0.455495 0.876400
1 0.554054 0.350000 0.207207 0.240000
2 0.707207 0.089000 0.081081 0.050000
2 0.385886 0.495000 0.123123 0.094000
3 0.663664 0.910000 0.138138 0.056000
3 0.735736 0.856000 0.054054 0.056000
4 0.546547 0.549000 0.078078 0.138000
4 0.653153 0.550000 0.129129 0.272000
5 0.705706 0.740000 0.042042 0.180000
5 0.666667 0.782000 0.108108 0.204000
6 0.615616 0.389000 0.102102 0.162000
6 0.518018 0.155000 0.099099 0.098000
7 0.534535 0.473000 0.168168 0.070000
7 0.573574 0.100000 0.204204 0.056000
8 0.602102 0.227000 0.189189 0.110000
