0 0.414955 0.512030 0.655375 0.866340
1 0.348348 0.336000 0.294294 0.272000
2 0.537538 0.445000 0.120120 0.054000
2 0.597598 0.438000 0.072072 0.088000
3 0.668168 0.892000 0.117117 0.076000
3 0.187688 0.907000 0.141141 0.058000
4 0.276276 0.584000 0.168168 0.244000
4 0.465465 0.579000 0.216216 0.234000
5 0.238739 0.790000 0.123123 0.172000
5 0.575075 0.763000 0.177177 0.190000
6 0.465465 0.271000 0.132132 0.146000
6 0.246246 0.310000 0.156156 0.192000
7 0.540541 0.353000 0.120120 0.110000
7 0.388889 0.410000 0.219219 0.080000
8 0.309309 0.160000 0.150150 0.140000
