0 0.329006 0.238992 0.212699 0.477984
1 0.341004 0.139063 0.150628 0.162500
2 0.414226 0.243750 0.016736 0.028125
3 0.343096 0.417969 0.054393 0.026562
3 0.344142 0.451562 0.056485 0.034375
4 0.362971 0.275000 0.077406 0.137500
4 0.312762 0.272656 0.043933 0.098437
5 0.342050 0.390625 0.048117 0.096875
5 0.314854 0.353125 0.018828 0.065625
6 0.256276 0.115625 0.039749 0.090625
6 0.419456 0.136719 0.023013 0.104688
7 0.244770 0.165625 0.029289 0.025000
7 0.419456 0.210938 0.023013 0.046875
8 0.362971 0.032813 0.077406 0.065625
