0 0.296104 0.473469 0.387946 0.826969
1 0.308061 0.310937 0.216891 0.256250
2 0.229367 0.110937 0.086372 0.068750
3 0.263916 0.846875 0.143954 0.050000
3 0.288868 0.761719 0.078695 0.079687
4 0.261036 0.478125 0.149712 0.137500
4 0.343570 0.514844 0.046065 0.160938
5 0.283109 0.633594 0.078695 0.185938
5 0.282150 0.707812 0.161228 0.231250
6 0.426104 0.265625 0.038388 0.037500
6 0.299424 0.210156 0.099808 0.092188
7 0.451056 0.232031 0.030710 0.092188
7 0.251440 0.162500 0.076775 0.068750
8 0.417466 0.165625 0.113244 0.121875
0 0.749914 0.485063 0.347620 0.757469
1 0.740883 0.332813 0.207294 0.243750
2 0.858925 0.503906 0.067179 0.060937
3 0.830134 0.809375 0.078695 0.075000
3 0.688100 0.828906 0.055662 0.048438
4 0.710173 0.539062 0.107486 0.171875
4 0.813820 0.537500 0.099808 0.168750
5 0.708253 0.714844 0.076775 0.176563
5 0.823417 0.694531 0.076775 0.151562
6 0.858925 0.303906 0.086372 0.151562
6 0.630518 0.353906 0.067179 0.157812
7 0.872361 0.416406 0.067179 0.129688
8 0.721689 0.196094 0.099808 0.107813
