0 0.467173 0.536398 0.417761 0.413484
1 0.384701 0.536719 0.188470 0.195312
2 0.436807 0.579688 0.101996 0.053125
2 0.564302 0.569531 0.095344 0.064062
3 0.619734 0.703125 0.099778 0.059375
3 0.507761 0.707812 0.115299 0.062500
4 0.386918 0.603125 0.139690 0.234375
4 0.529933 0.645312 0.070953 0.106250
5 0.453437 0.584375 0.117517 0.196875
5 0.544346 0.581250 0.144124 0.187500
6 0.488914 0.458594 0.077605 0.070312
6 0.307095 0.528125 0.086475 0.150000
7 0.353659 0.593750 0.064302 0.043750
8 0.415743 0.400781 0.126386 0.132812
