0 0.532365 0.415797 0.728396 0.581125
1 0.437500 0.374219 0.295833 0.257812
2 0.186458 0.287500 0.031250 0.028125
2 0.808333 0.319531 0.162500 0.060937
3 0.472917 0.652344 0.066667 0.067187
3 0.351042 0.519531 0.139583 0.048438
4 0.277083 0.375000 0.100000 0.068750
4 0.510417 0.485938 0.141667 0.059375
5 0.307292 0.421875 0.189583 0.146875
5 0.496875 0.559375 0.106250 0.134375
6 0.498958 0.291406 0.139583 0.085938
6 0.273958 0.297656 0.043750 0.048438
7 0.643750 0.307812 0.175000 0.059375
7 0.222917 0.293750 0.066667 0.040625
8 0.304167 0.221875 0.158333 0.175000
