0 0.454850 0.556310 0.767658 0.637380
1 0.636637 0.400000 0.342342 0.188000
2 0.363363 0.549000 0.090090 0.078000
2 0.483483 0.556000 0.120120 0.060000
3 0.138138 0.532000 0.096096 0.116000
3 0.596096 0.838000 0.165165 0.064000
4 0.542042 0.540000 0.195195 0.180000
4 0.432432 0.514000 0.060060 0.072000
5 0.588589 0.714000 0.120120 0.204000
5 0.277778 0.515000 0.195195 0.050000
6 0.716216 0.433000 0.177177 0.110000
6 0.527027 0.371000 0.147147 0.086000
7 0.591592 0.507000 0.144144 0.074000
7 0.421922 0.453000 0.105105 0.130000
8 0.726727 0.305000 0.144144 0.130000
