0 0.710114 0.608619 0.238203 0.395507
1 0.703431 0.541667 0.080065 0.119281
2 0.813725 0.536765 0.019608 0.021242
2 0.607026 0.508170 0.024510 0.029412
3 0.683824 0.782680 0.027778 0.026144
3 0.716503 0.722222 0.021242 0.022876
4 0.718137 0.629085 0.031046 0.055556
4 0.687092 0.636438 0.037582 0.073529
5 0.714869 0.683824 0.024510 0.050654
5 0.687908 0.720588 0.029412 0.094771
6 0.656046 0.513072 0.050654 0.049020
6 0.749183 0.518791 0.047386 0.057190
7 0.619281 0.527778 0.019608 0.022876
7 0.788399 0.541667 0.037582 0.017974
8 0.700163 0.452614 0.047386 0.071895
