0 0.323540 0.572016 0.526379 0.811656
1 0.348131 0.466406 0.266355 0.239063
2 0.098131 0.432031 0.065421 0.060937
2 0.268692 0.210938 0.079439 0.090625
3 0.519860 0.892188 0.105140 0.078125
3 0.218458 0.939844 0.081776 0.070312
4 0.337617 0.657813 0.147196 0.159375
4 0.473131 0.643750 0.170561 0.187500
5 0.279206 0.824219 0.151869 0.182812
5 0.521028 0.795312 0.093458 0.125000
6 0.400701 0.333594 0.100467 0.085938
6 0.186916 0.435937 0.107477 0.109375
7 0.365654 0.271875 0.142523 0.059375
7 0.120327 0.467969 0.063084 0.045312
8 0.304907 0.317188 0.133178 0.118750
0 0.712675 0.358102 0.313762 0.520859
1 0.691589 0.262500 0.144860 0.184375
2 0.737150 0.379688 0.044393 0.043750
3 0.617991 0.560937 0.086449 0.068750
3 0.799065 0.593750 0.116822 0.034375
4 0.721963 0.403906 0.144860 0.104688
4 0.665888 0.406250 0.102804 0.112500
5 0.764019 0.516406 0.065421 0.123438
5 0.661215 0.496094 0.121495 0.089063
6 0.629673 0.220312 0.049065 0.071875
6 0.723131 0.250000 0.067757 0.078125
7 0.619159 0.282813 0.028037 0.053125
7 0.718458 0.325000 0.058411 0.071875
8 0.731308 0.146875 0.098131 0.090625
