0 0.510672 0.730333 0.323594 0.539333
1 0.537500 0.831250 0.218750 0.329167
4 0.405469 0.893750 0.101562 0.204167
6 0.430469 0.819792 0.057813 0.239583
6 0.616406 0.740625 0.048438 0.156250
8 0.514062 0.576042 0.118750 0.206250
0 0.144477 0.503833 0.288109 0.519917
1 0.081250 0.516667 0.128125 0.266667
2 0.237500 0.428125 0.056250 0.072917
3 0.264062 0.616667 0.043750 0.050000
4 0.120313 0.695833 0.150000 0.108333
4 0.188281 0.594792 0.120313 0.118750
5 0.215625 0.684375 0.081250 0.106250
5 0.217188 0.603125 0.109375 0.135417
6 0.146875 0.439583 0.062500 0.100000
6 0.085156 0.496875 0.123438 0.131250
7 0.191406 0.457292 0.042188 0.068750
7 0.185938 0.507292 0.084375 0.127083
8 0.068750 0.328125 0.100000 0.160417
0 0.667391 0.314635 0.385562 0.325604
1 0.770312 0.321875 0.112500 0.197917
2 0.699219 0.271875 0.026562 0.039583
3 0.505469 0.459375 0.054688 0.027083
4 0.678906 0.323958 0.076563 0.131250
4 0.680469 0.401042 0.123438 0.097917
5 0.621094 0.345833 0.085938 0.154167
5 0.578906 0.440625 0.098437 0.064583
6 0.832031 0.307292 0.045312 0.110417
6 0.734375 0.257292 0.015625 0.043750
7 0.704688 0.308333 0.037500 0.045833
8 0.782031 0.204167 0.064062 0.095833
0 0.847828 0.564875 0.304344 0.481542
1 0.929688 0.591667 0.134375 0.337500
2 0.704688 0.601042 0.018750 0.039583
2 0.753906 0.617708 0.057813 0.056250
3 0.816406 0.779167 0.107813 0.045833
4 0.826562 0.595833 0.103125 0.091667
4 0.878125 0.716667 0.187500 0.095833
5 0.792188 0.590625 0.056250 0.077083
5 0.766406 0.697917 0.057813 0.112500
6 0.906250 0.610417 0.087500 0.191667
6 0.836719 0.502083 0.057813 0.079167
7 0.826562 0.662500 0.109375 0.091667
7 0.778125 0.528125 0.078125 0.056250
8 0.871094 0.404167 0.095312 0.145833
