0 0.462539 0.503372 0.901828 0.422474
1 0.645312 0.527484 0.287500 0.188161
2 0.852344 0.577167 0.117188 0.109937
3 0.039062 0.479915 0.056250 0.067653
4 0.465625 0.561311 0.090625 0.035941
4 0.398438 0.532770 0.225000 0.063425
5 0.182031 0.515856 0.226562 0.105708
6 0.662500 0.619450 0.112500 0.181818
7 0.748437 0.655391 0.143750 0.109937
8 0.727344 0.421776 0.107813 0.238901
0 0.338742 0.727970 0.660828 0.450444
1 0.467187 0.682875 0.325000 0.194503
2 0.480469 0.602537 0.120313 0.059197
2 0.021875 0.560254 0.028125 0.063425
6 0.242969 0.718816 0.201563 0.105708
6 0.630469 0.696617 0.070312 0.090909
7 0.089844 0.633192 0.164062 0.141649
7 0.583594 0.622622 0.098437 0.069767
8 0.478906 0.743129 0.142187 0.213531
