0 0.789190 0.505625 0.299100 0.903150
1 0.783000 0.338750 0.166000 0.307500
2 0.658000 0.420000 0.040000 0.075000
2 0.686000 0.433750 0.052000 0.067500
3 0.903000 0.841250 0.054000 0.142500
3 0.696000 0.917500 0.060000 0.070000
4 0.724000 0.587500 0.104000 0.185000
4 0.825000 0.623750 0.098000 0.302500
5 0.690000 0.770000 0.056000 0.225000
5 0.840000 0.772500 0.100000 0.090000
6 0.801000 0.276250 0.066000 0.177500
6 0.692000 0.307500 0.052000 0.155000
7 0.749000 0.373750 0.098000 0.062500
7 0.680000 0.383750 0.048000 0.047500
8 0.761000 0.146250 0.082000 0.157500
0 0.300240 0.507400 0.304200 0.896300
1 0.263000 0.283750 0.090000 0.197500
2 0.166000 0.421250 0.036000 0.072500
2 0.195000 0.431250 0.050000 0.067500
3 0.417000 0.833750 0.046000 0.137500
3 0.203000 0.911250 0.054000 0.067500
4 0.232000 0.576250 0.108000 0.197500
4 0.334000 0.607500 0.096000 0.330000
5 0.198000 0.767500 0.056000 0.230000
5 0.360000 0.777500 0.104000 0.110000
6 0.313000 0.278750 0.070000 0.182500
6 0.199000 0.312500 0.046000 0.165000
7 0.260000 0.376250 0.092000 0.067500
7 0.187000 0.390000 0.042000 0.045000
8 0.272000 0.152500 0.088000 0.165000
