0 0.494828 0.358427 0.296750 0.523613
1 0.521094 0.219114 0.182812 0.139860
2 0.475781 0.491841 0.045312 0.065268
2 0.494531 0.454545 0.029687 0.065268
3 0.503125 0.554779 0.084375 0.032634
3 0.589063 0.533800 0.071875 0.051282
4 0.568750 0.347319 0.109375 0.200466
4 0.532031 0.318182 0.160938 0.142191
5 0.567187 0.465035 0.084375 0.118881
5 0.491406 0.447552 0.089063 0.186480
6 0.473438 0.238928 0.078125 0.132867
6 0.466406 0.291375 0.029687 0.065268
7 0.496094 0.361305 0.032813 0.116550
8 0.396875 0.173660 0.071875 0.123543
