0 0.805055 0.579771 0.389891 0.840458
1 0.863281 0.682292 0.251563 0.431250
2 0.864844 0.207292 0.085938 0.097917
2 0.650000 0.316667 0.075000 0.145833
4 0.925000 0.935417 0.075000 0.120833
4 0.815625 0.941667 0.178125 0.108333
6 0.707031 0.576042 0.189062 0.106250
6 0.950000 0.455208 0.075000 0.114583
7 0.634375 0.483333 0.050000 0.187500
7 0.932813 0.322917 0.093750 0.175000
8 0.843750 0.403125 0.134375 0.231250
0 0.231734 0.603375 0.274719 0.770792
1 0.200000 0.656250 0.181250 0.350000
2 0.268750 0.267708 0.056250 0.102083
2 0.349219 0.522917 0.032813 0.070833
4 0.174219 0.904167 0.148438 0.158333
6 0.207813 0.515625 0.134375 0.102083
7 0.317188 0.581250 0.065625 0.062500
7 0.263281 0.407292 0.060937 0.197917
8 0.174219 0.418750 0.114062 0.133333
