0 0.414375 0.598548 0.825750 0.556066
1 0.412500 0.694379 0.212500 0.264637
2 0.781250 0.693208 0.071875 0.276347
7 0.792188 0.819672 0.062500 0.098361
8 0.218750 0.563232 0.437500 0.456674
0 0.679945 0.522740 0.389172 0.702670
1 0.670312 0.640515 0.215625 0.405152
2 0.788281 0.459016 0.067187 0.103044
4 0.599219 0.777518 0.067187 0.074941
4 0.726562 0.845433 0.053125 0.051522
5 0.655469 0.818501 0.101562 0.105386
6 0.794531 0.581967 0.054688 0.142857
6 0.579688 0.567916 0.096875 0.213115
7 0.825781 0.569087 0.085938 0.168618
7 0.542188 0.710773 0.084375 0.138173
8 0.721094 0.346604 0.176563 0.337237
