0 0.423262 0.597453 0.278281 0.567031
1 0.375000 0.457813 0.132812 0.159375
2 0.469727 0.514844 0.048828 0.026562
2 0.537109 0.484375 0.035156 0.025000
3 0.383789 0.813281 0.087891 0.035937
3 0.416016 0.847656 0.058594 0.051562
4 0.370117 0.614062 0.123047 0.159375
5 0.387695 0.757812 0.052734 0.134375
5 0.360352 0.742188 0.037109 0.128125
6 0.434570 0.444531 0.025391 0.051562
6 0.369141 0.430469 0.054688 0.089063
7 0.476562 0.478906 0.082031 0.035937
7 0.395508 0.496875 0.103516 0.053125
8 0.418945 0.359375 0.083984 0.078125
0 0.760762 0.589375 0.268555 0.531937
1 0.774414 0.467187 0.138672 0.171875
2 0.655273 0.489844 0.052734 0.020313
2 0.667969 0.518750 0.046875 0.028125
3 0.763672 0.828125 0.085938 0.046875
3 0.739258 0.806250 0.060547 0.034375
4 0.805664 0.621094 0.083984 0.148438
4 0.747070 0.621094 0.060547 0.139063
5 0.795898 0.751563 0.060547 0.115625
5 0.764648 0.741406 0.025391 0.098437
6 0.778320 0.471875 0.064453 0.106250
7 0.740234 0.517969 0.097656 0.032813
7 0.692383 0.488281 0.017578 0.017188
8 0.731445 0.372656 0.083984 0.082812
