0 0.332156 0.291014 0.283469 0.370773
1 0.391406 0.206522 0.085938 0.166667
2 0.239844 0.137681 0.039062 0.043478
2 0.444531 0.380435 0.029687 0.055556
3 0.241406 0.396135 0.045312 0.062802
3 0.261719 0.315217 0.026562 0.036232
4 0.332813 0.256039 0.068750 0.057971
4 0.355469 0.306763 0.129688 0.082126
5 0.290625 0.278986 0.037500 0.074879
5 0.278906 0.352657 0.067187 0.096618
6 0.418750 0.229469 0.046875 0.077295
6 0.325781 0.141304 0.051562 0.045894
7 0.437500 0.309179 0.025000 0.091787
7 0.282813 0.135266 0.043750 0.033816
8 0.368750 0.148551 0.040625 0.089372
