0 0.717653 0.630367 0.564694 0.706547
1 0.763100 0.719531 0.360262 0.370312
2 0.489083 0.627344 0.091703 0.070312
4 0.858079 0.943750 0.104803 0.075000
4 0.701965 0.942187 0.207424 0.078125
6 0.543668 0.679688 0.135371 0.225000
6 0.956332 0.613281 0.078603 0.114062
7 0.501092 0.696094 0.063319 0.085938
7 0.917031 0.546094 0.157205 0.089063
8 0.736900 0.429688 0.290393 0.250000
0 0.407707 0.501508 0.328035 0.395047
1 0.335153 0.582812 0.176856 0.225000
2 0.388646 0.616406 0.113537 0.085938
2 0.479258 0.485938 0.093886 0.056250
6 0.474891 0.544531 0.146288 0.095312
7 0.524017 0.542188 0.087336 0.093750
7 0.299127 0.654687 0.113537 0.081250
8 0.351528 0.410938 0.200873 0.215625
