0 0.632208 0.473039 0.587250 0.559547
1 0.550000 0.342187 0.270833 0.206250
2 0.540625 0.435937 0.072917 0.040625
2 0.878125 0.267969 0.060417 0.035937
3 0.685417 0.721875 0.108333 0.053125
3 0.406250 0.667969 0.116667 0.057813
4 0.509375 0.509375 0.160417 0.146875
4 0.632292 0.483594 0.114583 0.123438
5 0.443750 0.600781 0.062500 0.076563
5 0.646875 0.620313 0.135417 0.159375
6 0.625000 0.254688 0.154167 0.053125
6 0.467708 0.360938 0.097917 0.090625
7 0.778125 0.255469 0.156250 0.032813
7 0.496875 0.414062 0.060417 0.043750
8 0.438542 0.253906 0.156250 0.114062
