0 0.687836 0.600877 0.598703 0.798246
1 0.846094 0.643657 0.260937 0.477612
2 0.432812 0.658582 0.081250 0.115672
2 0.573438 0.520522 0.121875 0.089552
4 0.753125 0.940299 0.103125 0.111940
4 0.885938 0.922575 0.181250 0.147388
6 0.836719 0.557836 0.195312 0.298507
6 0.675781 0.594216 0.145313 0.277985
7 0.684375 0.610075 0.146875 0.194030
7 0.542969 0.695896 0.151562 0.078358
8 0.775781 0.331157 0.167187 0.244403
0 0.286062 0.515728 0.553312 0.941567
1 0.233594 0.630597 0.342187 0.705224
2 0.311719 0.645522 0.142187 0.119403
2 0.514844 0.792910 0.092188 0.126866
6 0.067187 0.529851 0.100000 0.373134
7 0.142187 0.669776 0.203125 0.093284
8 0.257812 0.196828 0.159375 0.274254
