0 0.577258 0.510092 0.602359 0.957404
1 0.442969 0.432161 0.282813 0.375209
2 0.526563 0.284757 0.096875 0.110553
2 0.834375 0.675042 0.068750 0.150754
3 0.689844 0.939698 0.154688 0.090452
3 0.508594 0.959799 0.117188 0.050251
4 0.421875 0.669179 0.271875 0.149079
4 0.673438 0.639028 0.221875 0.139028
5 0.534375 0.771357 0.128125 0.353434
5 0.720313 0.758794 0.156250 0.281407
6 0.622656 0.390285 0.120313 0.211055
6 0.414062 0.452261 0.181250 0.298157
7 0.734375 0.544389 0.175000 0.174204
7 0.517969 0.467337 0.095312 0.268007
8 0.514062 0.178392 0.156250 0.226131
