0 0.497506 0.514227 0.340304 0.846516
2 0.500000 0.475781 0.063232 0.067187
3 0.481265 0.918750 0.231850 0.031250
4 0.620609 0.607031 0.070258 0.179688
4 0.560890 0.565625 0.203747 0.268750
5 0.607728 0.813281 0.044496 0.242188
5 0.539813 0.794531 0.119438 0.229687
6 0.540984 0.252344 0.093677 0.151562
7 0.521077 0.376563 0.086651 0.140625
8 0.416862 0.166406 0.163934 0.123438
0 0.316557 0.668648 0.301780 0.541047
1 0.305621 0.574219 0.278689 0.260937
2 0.188525 0.755469 0.049180 0.082812
2 0.362998 0.757031 0.079625 0.098437
4 0.216628 0.762500 0.105386 0.171875
4 0.344262 0.773438 0.145199 0.156250
5 0.192037 0.889844 0.056206 0.089063
5 0.379391 0.892969 0.074941 0.085938
6 0.430913 0.534375 0.060890 0.134375
7 0.412178 0.660937 0.098361 0.115625
8 0.323185 0.463281 0.140515 0.132812
