0 0.490918 0.534609 0.525217 0.454750
1 0.495169 0.407813 0.386473 0.128125
2 0.344203 0.624219 0.060386 0.054688
2 0.713768 0.584375 0.070048 0.081250
3 0.592995 0.735156 0.099034 0.048438
4 0.479469 0.535156 0.142512 0.126562
4 0.602657 0.503125 0.253623 0.162500
5 0.481884 0.653125 0.157005 0.140625
5 0.539855 0.638281 0.152174 0.154688
6 0.532609 0.412500 0.224638 0.109375
6 0.345411 0.471875 0.096618 0.093750
7 0.664251 0.496875 0.096618 0.112500
7 0.363527 0.557813 0.065217 0.081250
8 0.309179 0.370312 0.149758 0.115625
