0 0.356820 0.610024 0.316422 0.370597
1 0.291406 0.600239 0.104688 0.207637
2 0.225781 0.766110 0.054688 0.047733
2 0.354687 0.575179 0.028125 0.038186
3 0.482031 0.644391 0.060937 0.052506
4 0.361719 0.687351 0.142187 0.114558
4 0.376563 0.636038 0.068750 0.078759
5 0.435156 0.658711 0.051562 0.062053
6 0.249219 0.625298 0.060937 0.090692
7 0.221875 0.702864 0.031250 0.083532
8 0.311719 0.492840 0.070312 0.121718
0 0.581531 0.466695 0.302969 0.492100
1 0.544531 0.369928 0.114062 0.200477
2 0.475000 0.361575 0.028125 0.054893
2 0.506250 0.533413 0.028125 0.045346
3 0.704688 0.682578 0.034375 0.052506
4 0.490625 0.447494 0.106250 0.093079
4 0.602344 0.471360 0.064062 0.193317
5 0.456250 0.545346 0.040625 0.169451
5 0.657031 0.605012 0.107813 0.131265
6 0.568750 0.434368 0.050000 0.133652
6 0.488281 0.294749 0.029687 0.054893
7 0.540625 0.513126 0.046875 0.052506
7 0.476562 0.322196 0.015625 0.019093
8 0.537500 0.307876 0.050000 0.109785
