0 0.352610 0.495491 0.261300 0.863448
1 0.345000 0.380637 0.150000 0.246684
2 0.285000 0.091512 0.050000 0.045093
2 0.457000 0.376658 0.042000 0.058355
3 0.281000 0.879310 0.054000 0.087533
3 0.251000 0.883289 0.054000 0.079576
4 0.278000 0.543767 0.076000 0.228117
4 0.317000 0.578249 0.066000 0.185676
5 0.251000 0.742706 0.042000 0.201592
5 0.291000 0.757294 0.074000 0.172414
6 0.405000 0.408488 0.038000 0.100796
6 0.352000 0.230769 0.036000 0.095491
7 0.415000 0.441645 0.062000 0.098143
7 0.335000 0.144562 0.066000 0.114058
8 0.395000 0.267905 0.050000 0.095491
