0 0.551135 0.520086 0.221396 0.309859
1 0.541667 0.462500 0.108333 0.100000
2 0.498958 0.439844 0.031250 0.023438
2 0.645833 0.433594 0.025000 0.020313
3 0.589583 0.645312 0.033333 0.018750
3 0.523958 0.650781 0.035417 0.020313
4 0.565625 0.543750 0.068750 0.068750
4 0.511458 0.539844 0.052083 0.064062
5 0.521875 0.605469 0.031250 0.070312
5 0.582292 0.605469 0.031250 0.060937
6 0.611458 0.432031 0.043750 0.029687
6 0.482292 0.428906 0.043750 0.026562
7 0.644792 0.451562 0.027083 0.012500
7 0.465625 0.453906 0.043750 0.029687
8 0.553125 0.393750 0.043750 0.050000
