0 0.479680 0.459289 0.437328 0.892172
1 0.500781 0.296094 0.182812 0.285938
2 0.293750 0.464062 0.056250 0.075000
2 0.665625 0.478906 0.053125 0.067187
3 0.534375 0.869531 0.078125 0.057813
3 0.485156 0.751563 0.120313 0.071875
4 0.483594 0.478125 0.145313 0.137500
4 0.546094 0.610938 0.054688 0.096875
5 0.497656 0.617188 0.110937 0.200000
5 0.528125 0.744531 0.056250 0.189062
6 0.619531 0.256250 0.079687 0.171875
6 0.382812 0.255469 0.084375 0.151562
7 0.652344 0.389844 0.051562 0.114062
7 0.335938 0.378125 0.062500 0.109375
8 0.523438 0.099219 0.090625 0.157812
