0 0.383433 0.572750 0.391821 0.571900
1 0.385075 0.447000 0.208955 0.178000
2 0.210448 0.562000 0.050746 0.056000
2 0.549254 0.584000 0.041791 0.056000
3 0.462687 0.823000 0.089552 0.058000
3 0.250746 0.816000 0.065672 0.064000
4 0.308955 0.589000 0.086567 0.158000
4 0.391045 0.608000 0.095522 0.152000
5 0.289552 0.726000 0.107463 0.124000
5 0.417910 0.740000 0.065672 0.116000
6 0.494030 0.439000 0.056716 0.102000
6 0.277612 0.417000 0.131343 0.098000
7 0.516418 0.522000 0.065672 0.080000
7 0.220896 0.490000 0.059701 0.088000
8 0.435821 0.349000 0.107463 0.102000
