0 0.734859 0.658073 0.232063 0.656937
1 0.729688 0.551042 0.109375 0.214583
2 0.677344 0.448958 0.048438 0.056250
2 0.728906 0.437500 0.054688 0.066667
3 0.814844 0.963542 0.048438 0.039583
3 0.665625 0.968750 0.031250 0.029167
4 0.693750 0.741667 0.065625 0.166667
4 0.766406 0.740625 0.082812 0.172917
5 0.675781 0.889583 0.039062 0.125000
5 0.800781 0.887500 0.048438 0.129167
6 0.806250 0.492708 0.046875 0.089583
6 0.653125 0.533333 0.043750 0.054167
7 0.778906 0.500000 0.089063 0.104167
7 0.644531 0.515625 0.045312 0.089583
8 0.726562 0.384375 0.053125 0.081250
