0 0.629797 0.439609 0.331844 0.735906
1 0.600000 0.301563 0.100000 0.265625
3 0.482031 0.754687 0.029687 0.059375
3 0.760156 0.756250 0.057813 0.056250
4 0.643750 0.493750 0.134375 0.150000
4 0.572656 0.529687 0.051562 0.196875
5 0.721875 0.637500 0.065625 0.212500
5 0.532031 0.665625 0.095312 0.168750
6 0.657813 0.226562 0.059375 0.115625
7 0.669531 0.307812 0.035937 0.065625
8 0.614062 0.131250 0.046875 0.106250
0 0.320703 0.441078 0.275250 0.565656
1 0.278125 0.356250 0.128125 0.212500
2 0.288281 0.484375 0.039062 0.068750
2 0.417187 0.543750 0.040625 0.087500
3 0.225000 0.664062 0.037500 0.053125
4 0.255469 0.495312 0.117188 0.159375
4 0.321094 0.529687 0.039062 0.065625
5 0.270313 0.600000 0.096875 0.106250
5 0.292969 0.614062 0.095312 0.121875
6 0.345313 0.373437 0.043750 0.109375
6 0.246875 0.346875 0.068750 0.143750
7 0.376563 0.462500 0.056250 0.112500
7 0.244531 0.439063 0.064062 0.078125
8 0.325000 0.253125 0.071875 0.137500
0 0.147063 0.443438 0.203625 0.624437
1 0.125781 0.300000 0.123438 0.175000
2 0.206250 0.382812 0.031250 0.071875
3 0.161719 0.598437 0.026562 0.028125
3 0.093750 0.696875 0.059375 0.081250
4 0.105469 0.434375 0.110937 0.156250
5 0.118750 0.587500 0.084375 0.162500
5 0.160938 0.498437 0.025000 0.096875
6 0.169531 0.362500 0.054688 0.187500
7 0.217188 0.301563 0.025000 0.040625
7 0.175781 0.421875 0.045312 0.062500
8 0.203125 0.223438 0.059375 0.134375
