0 0.491367 0.506737 0.878016 0.946056
1 0.432812 0.670188 0.446875 0.490610
2 0.852344 0.930751 0.148438 0.091549
2 0.665625 0.477700 0.090625 0.208920
3 0.195312 0.190141 0.093750 0.305164
3 0.111719 0.186620 0.104688 0.246479
4 0.205469 0.720657 0.285938 0.323944
5 0.130469 0.553991 0.142187 0.441315
5 0.227344 0.485915 0.070312 0.215962
6 0.727344 0.644366 0.110937 0.302817
6 0.476562 0.703052 0.162500 0.546948
7 0.709375 0.728873 0.162500 0.326291
7 0.650781 0.917840 0.298438 0.117371
8 0.599219 0.329812 0.182812 0.401408
