0 0.215922 0.645479 0.346969 0.523608
1 0.235937 0.489978 0.165625 0.200445
2 0.194531 0.679287 0.039062 0.066815
2 0.369531 0.853007 0.035937 0.093541
3 0.253125 0.866370 0.075000 0.066815
3 0.062500 0.867483 0.034375 0.060134
4 0.168750 0.567929 0.090625 0.231626
4 0.271094 0.633630 0.076563 0.091314
5 0.104688 0.762806 0.106250 0.211581
5 0.268750 0.765033 0.084375 0.171492
6 0.353906 0.642539 0.045312 0.144766
6 0.205469 0.517817 0.104688 0.144766
7 0.358594 0.763920 0.029687 0.097996
7 0.178906 0.621381 0.039062 0.071269
8 0.332813 0.542316 0.081250 0.100223
0 0.871445 0.534755 0.207641 0.903586
1 0.864062 0.374165 0.134375 0.307350
2 0.805469 0.541203 0.029687 0.075724
3 0.805469 0.978842 0.032813 0.006682
4 0.850000 0.658129 0.081250 0.260579
5 0.857812 0.883073 0.053125 0.198218
6 0.880469 0.375278 0.060937 0.180401
7 0.859375 0.482183 0.093750 0.091314
8 0.833594 0.179287 0.092188 0.162584
