0 0.445398 0.563066 0.386453 0.610377
1 0.429688 0.446934 0.103125 0.238208
2 0.303125 0.396226 0.037500 0.051887
2 0.615625 0.293632 0.040625 0.049528
3 0.300000 0.841981 0.078125 0.042453
3 0.309375 0.843160 0.090625 0.040094
4 0.377344 0.587264 0.095312 0.132075
4 0.416406 0.616745 0.110937 0.167453
5 0.333594 0.732311 0.042188 0.191038
5 0.349219 0.740566 0.082812 0.188679
6 0.506250 0.358491 0.075000 0.047170
6 0.354687 0.393868 0.056250 0.080189
7 0.570312 0.340802 0.068750 0.082547
7 0.313281 0.428066 0.035937 0.040094
8 0.417187 0.316038 0.050000 0.108491
