12 0.566558 0.208313 0.043831 0.033336
10 0.577922 0.157615 0.068182 0.059726
1 0.576705 0.194423 0.081981 0.158344
18 0.592938 0.354851 0.106331 0.220849
2 0.597808 0.361796 0.120942 0.237516
3 0.666802 0.330544 0.062500 0.158344
3 0.526380 0.306931 0.052760 0.119453
4 0.511769 0.424995 0.056006 0.105563
4 0.671266 0.465970 0.058442 0.115286
14 0.655438 0.551392 0.028409 0.058337
14 0.471997 0.512501 0.049513 0.063893
5 0.471997 0.515279 0.067370 0.086117
5 0.657468 0.554865 0.037338 0.076394
6 0.610390 0.536808 0.077922 0.093062
6 0.553571 0.533336 0.051948 0.100007
7 0.583198 0.657650 0.041396 0.134732
7 0.523945 0.653483 0.080357 0.126398
0 0.572646 0.408327 0.291396 0.686159