0 0.644684 0.461523 0.700281 0.753109
1 0.701405 0.319531 0.250585 0.251563
2 0.950820 0.464062 0.079625 0.071875
3 0.600703 0.760938 0.086651 0.106250
3 0.685012 0.814844 0.114754 0.039062
4 0.647541 0.510156 0.175644 0.192188
4 0.740047 0.518750 0.084309 0.196875
5 0.694379 0.693750 0.110070 0.200000
5 0.631148 0.670312 0.072600 0.118750
6 0.852459 0.279687 0.088993 0.131250
6 0.594848 0.252344 0.131148 0.098437
7 0.891101 0.389844 0.110070 0.098437
7 0.459016 0.296094 0.177986 0.051562
8 0.752927 0.159375 0.128806 0.137500
0 0.196593 0.494281 0.386487 0.719719
1 0.183841 0.371875 0.278689 0.237500
2 0.340749 0.290625 0.058548 0.090625
2 0.018735 0.335938 0.032787 0.043750
3 0.117096 0.792969 0.182670 0.035937
3 0.318501 0.819531 0.135831 0.060937
4 0.167447 0.547656 0.283372 0.160938
4 0.147541 0.620313 0.126464 0.078125
5 0.264637 0.693750 0.093677 0.206250
5 0.120609 0.718750 0.166276 0.128125
6 0.158080 0.296094 0.142857 0.079687
6 0.268150 0.308594 0.058548 0.054688
7 0.058548 0.315625 0.070258 0.040625
7 0.300937 0.315625 0.049180 0.046875
8 0.299766 0.225781 0.135831 0.129688
