0 0.727023 0.470427 0.224641 0.704771
1 0.741406 0.377083 0.098437 0.212500
2 0.637500 0.410417 0.046875 0.066667
2 0.742188 0.492708 0.059375 0.060417
3 0.742969 0.784375 0.051562 0.068750
3 0.746875 0.760417 0.065625 0.054167
4 0.703125 0.551042 0.053125 0.152083
4 0.767188 0.565625 0.068750 0.135417
5 0.704688 0.679167 0.062500 0.112500
5 0.751563 0.689583 0.043750 0.120833
6 0.796094 0.363542 0.045312 0.143750
6 0.688281 0.333333 0.023438 0.116667
7 0.785937 0.460417 0.065625 0.075000
7 0.677344 0.398958 0.029687 0.043750
8 0.735938 0.219792 0.075000 0.147917
