4 0.467629 0.440945 0.127734 0.034121
4 0.933071 0.329396 0.127734 0.044619
3 0.826334 0.362205 0.106737 0.055118
3 0.536745 0.400919 0.083990 0.101050
18 0.670604 0.449475 0.169729 0.169291
2 0.669729 0.455381 0.195976 0.194226
11 0.648731 0.328740 0.094488 0.022310
10 0.667979 0.290682 0.122485 0.056430
1 0.659230 0.309055 0.160980 0.122047
6 0.726597 0.624672 0.082240 0.146982
6 0.649606 0.611549 0.071741 0.118110
7 0.705599 0.745407 0.057743 0.107612
7 0.667979 0.687664 0.048994 0.044619
15 0.675853 0.833990 0.061242 0.087927
15 0.661855 0.740814 0.040245 0.045932
8 0.656605 0.740814 0.061242 0.072178
8 0.678314 0.835384 0.090770 0.107448
14 0.356791 0.434301 0.075459 0.030348
14 0.989802 0.293225 0.020396 0.027067
0 0.985428 0.294045 0.029144 0.050033
5 0.353510 0.433481 0.090770 0.043471
5 0.632191 0.566355 0.735618 0.734088