0 0.543797 0.495433 0.399094 0.986323
1 0.480469 0.313817 0.164062 0.355972
2 0.614062 0.339578 0.062500 0.074941
2 0.665625 0.394614 0.053125 0.049180
3 0.478125 0.894614 0.087500 0.070258
3 0.410938 0.929742 0.103125 0.103044
4 0.457031 0.569087 0.189062 0.355972
5 0.451562 0.803279 0.143750 0.201405
5 0.456250 0.720141 0.034375 0.105386
6 0.571094 0.227166 0.029687 0.126464
6 0.492188 0.208431 0.059375 0.121780
7 0.603906 0.340749 0.095312 0.124122
7 0.525000 0.288056 0.125000 0.074941
8 0.546875 0.104215 0.078125 0.189696
0 0.755250 0.622143 0.191062 0.586112
1 0.741406 0.483607 0.089063 0.156909
2 0.830469 0.649883 0.035937 0.072600
2 0.667969 0.615925 0.017188 0.046838
3 0.696875 0.891101 0.050000 0.039813
3 0.747656 0.733021 0.035937 0.098361
4 0.757812 0.651054 0.056250 0.182670
4 0.716406 0.640515 0.085938 0.180328
5 0.696094 0.800937 0.045312 0.149883
6 0.781250 0.482436 0.040625 0.117096
7 0.672656 0.545667 0.026562 0.088993
7 0.804688 0.579625 0.037500 0.086651
8 0.710156 0.365340 0.048438 0.074941
0 0.201727 0.709040 0.182609 0.393677
1 0.184375 0.642857 0.075000 0.124122
2 0.130469 0.699063 0.017188 0.025761
2 0.269531 0.697892 0.017188 0.023419
3 0.232031 0.875878 0.026562 0.051522
3 0.170313 0.878220 0.028125 0.046838
4 0.175781 0.744731 0.045312 0.074941
4 0.220312 0.735363 0.056250 0.070258
5 0.165625 0.812646 0.021875 0.098361
5 0.239063 0.798595 0.031250 0.107728
6 0.223438 0.620609 0.040625 0.079625
6 0.136719 0.629977 0.032813 0.070258
7 0.246875 0.669789 0.034375 0.056206
7 0.125000 0.677986 0.021875 0.039813
8 0.172656 0.558548 0.032813 0.081967
