0 0.744305 0.507319 0.371203 0.985361
1 0.778906 0.633333 0.285938 0.711111
6 0.739844 0.520833 0.107813 0.336111
8 0.640625 0.234722 0.165625 0.375000
0 0.234750 0.567167 0.375250 0.865667
1 0.219531 0.688889 0.226562 0.594444
2 0.239844 0.755556 0.142187 0.127778
4 0.143750 0.966667 0.103125 0.055556
4 0.250781 0.979167 0.110937 0.030556
6 0.153125 0.540278 0.187500 0.269444
7 0.111719 0.713889 0.114062 0.138889
8 0.352344 0.309722 0.135937 0.308333
0 0.622680 0.725792 0.571359 0.548417
1 0.705469 0.905556 0.310937 0.177778
6 0.860938 0.961111 0.081250 0.066667
8 0.653906 0.698611 0.192188 0.452778
0 0.485266 0.549389 0.239125 0.901222
1 0.484375 0.450000 0.237500 0.100000
8 0.482812 0.287500 0.125000 0.308333
