0 0.475622 0.439633 0.436997 0.750656
15 0.578100 0.722441 0.058688 0.056430
15 0.333869 0.733596 0.054173 0.060367
8 0.331612 0.734252 0.067717 0.077428
8 0.579003 0.721129 0.069522 0.064304
7 0.559139 0.632546 0.076745 0.115486
7 0.351927 0.631234 0.066814 0.160105
6 0.419192 0.541339 0.085774 0.161417
6 0.517606 0.519029 0.114667 0.119423
13 0.510835 0.460630 0.050562 0.055118
13 0.416934 0.460630 0.045144 0.039370
5 0.417386 0.461286 0.064105 0.056430
5 0.512640 0.456693 0.052367 0.062992
4 0.525281 0.408136 0.041533 0.076115
4 0.397071 0.398294 0.054173 0.085302
3 0.393459 0.299869 0.043339 0.106299
3 0.526635 0.314961 0.042436 0.118110
18 0.458919 0.339895 0.102026 0.225722
18 0.460273 0.339239 0.120987 0.248031
11 0.467948 0.187664 0.056882 0.020997
9 0.471108 0.139764 0.088483 0.069554
1 0.473816 0.164698 0.099318 0.150919