0 0.504865 0.614609 0.440437 0.748313
1 0.576042 0.621875 0.289583 0.418750
2 0.381250 0.353906 0.045833 0.082812
2 0.326042 0.289844 0.085417 0.101562
4 0.550000 0.895312 0.233333 0.178125
6 0.517708 0.478906 0.343750 0.132812
6 0.426042 0.558594 0.139583 0.035937
7 0.352083 0.439844 0.104167 0.214062
7 0.386458 0.435937 0.039583 0.087500
8 0.568750 0.358594 0.212500 0.160938
0 0.720229 0.561797 0.559542 0.849437
2 0.592708 0.774219 0.197917 0.107813
6 0.955208 0.598437 0.081250 0.281250
7 0.839583 0.775781 0.312500 0.098437
8 0.864583 0.292969 0.250000 0.273438
