0 0.315114 0.346577 0.475294 0.417304
1 0.337418 0.281863 0.132353 0.138889
2 0.111111 0.169118 0.055556 0.050654
2 0.530229 0.303922 0.037582 0.042484
3 0.452614 0.492647 0.084967 0.044118
3 0.236928 0.495915 0.111111 0.112745
4 0.303105 0.383987 0.057190 0.088235
4 0.379902 0.381536 0.106209 0.089869
5 0.267974 0.407680 0.055556 0.135621
5 0.430556 0.403595 0.050654 0.130719
6 0.415850 0.278595 0.053922 0.070261
6 0.268791 0.225490 0.083333 0.065359
7 0.474673 0.308824 0.073529 0.035948
7 0.185458 0.196895 0.099673 0.047386
8 0.365196 0.214052 0.066993 0.088235
