0 0.424146 0.493398 0.386958 0.548766
1 0.510417 0.379688 0.158333 0.165625
2 0.513542 0.429688 0.068750 0.059375
2 0.250000 0.330469 0.041667 0.032813
3 0.546875 0.751563 0.077083 0.028125
3 0.327083 0.736719 0.075000 0.026562
4 0.557292 0.535156 0.072917 0.154688
4 0.460417 0.539844 0.200000 0.160938
5 0.554167 0.675781 0.050000 0.132812
5 0.361458 0.671094 0.081250 0.123438
6 0.462500 0.336719 0.075000 0.070312
6 0.376042 0.341406 0.072917 0.032813
7 0.489583 0.384375 0.050000 0.050000
7 0.302083 0.342969 0.091667 0.035937
8 0.395833 0.286719 0.079167 0.060937
