0 0.562670 0.548687 0.470913 0.518813
1 0.533958 0.434375 0.295082 0.209375
2 0.358314 0.591406 0.051522 0.039062
2 0.754098 0.457813 0.065574 0.046875
3 0.743560 0.780469 0.081967 0.042188
3 0.440281 0.757812 0.149883 0.046875
4 0.515222 0.598437 0.149883 0.156250
4 0.626464 0.562500 0.128806 0.140625
5 0.471897 0.701562 0.072600 0.065625
5 0.686183 0.696094 0.154567 0.132812
6 0.573770 0.357812 0.177986 0.056250
6 0.423888 0.450781 0.093677 0.101562
7 0.697892 0.400000 0.098361 0.081250
7 0.414520 0.539844 0.121780 0.085938
8 0.388759 0.341406 0.117096 0.095312
0 0.328993 0.436164 0.289789 0.483359
1 0.358314 0.337500 0.149883 0.156250
2 0.277518 0.477344 0.058548 0.057813
3 0.433255 0.657031 0.023419 0.026562
3 0.221311 0.653125 0.039813 0.034375
4 0.295082 0.466406 0.117096 0.129688
4 0.385246 0.476562 0.077283 0.121875
5 0.247073 0.582812 0.072600 0.109375
5 0.426230 0.597656 0.042155 0.092188
6 0.446136 0.303125 0.039813 0.065625
6 0.277518 0.332031 0.063232 0.101562
7 0.271663 0.415625 0.056206 0.068750
8 0.379391 0.245312 0.079625 0.081250
