0 0.174360 0.260676 0.348720 0.503393
1 0.176000 0.084084 0.192000 0.156156
2 0.129000 0.297297 0.038000 0.108108
2 0.328000 0.256757 0.036000 0.039039
3 0.139000 0.465465 0.078000 0.078078
4 0.145000 0.183183 0.166000 0.216216
4 0.087000 0.216216 0.070000 0.228228
5 0.174000 0.360360 0.108000 0.162162
5 0.070000 0.351351 0.140000 0.066066
6 0.254000 0.204204 0.044000 0.144144
6 0.199000 0.075075 0.106000 0.084084
7 0.284000 0.268769 0.060000 0.051051
7 0.148000 0.171171 0.048000 0.144144
8 0.304000 0.072072 0.084000 0.132132
