0 0.333156 0.484268 0.297063 0.752803
1 0.327344 0.475941 0.173437 0.248954
2 0.307031 0.428870 0.070312 0.092050
2 0.433594 0.529289 0.029687 0.066946
3 0.434375 0.743724 0.078125 0.056485
3 0.393750 0.822176 0.078125 0.066946
4 0.346875 0.660042 0.087500 0.135983
4 0.400000 0.627615 0.034375 0.117155
5 0.360156 0.759414 0.057813 0.083682
5 0.401562 0.698745 0.040625 0.062762
6 0.385937 0.377615 0.034375 0.106695
6 0.250781 0.459205 0.042188 0.085774
7 0.415625 0.458159 0.043750 0.092050
7 0.257812 0.521967 0.075000 0.169456
8 0.278125 0.259414 0.187500 0.255230
0 0.709109 0.470785 0.179594 0.788766
1 0.698438 0.447699 0.143750 0.276151
2 0.626563 0.529289 0.015625 0.037657
2 0.746094 0.399582 0.079687 0.083682
3 0.689063 0.826360 0.093750 0.062762
3 0.653125 0.700837 0.056250 0.046025
4 0.662500 0.601464 0.025000 0.056485
4 0.716406 0.612971 0.085938 0.179916
5 0.665625 0.662134 0.025000 0.073222
5 0.707812 0.757322 0.056250 0.112971
6 0.757031 0.478033 0.045312 0.135983
7 0.714063 0.497908 0.056250 0.133891
8 0.700000 0.225941 0.153125 0.267782
