0 0.782961 0.588773 0.387734 0.588762
1 0.760938 0.643692 0.250000 0.250000
2 0.650000 0.501168 0.090625 0.147196
2 0.653125 0.807243 0.075000 0.058411
6 0.914844 0.658879 0.120313 0.257009
6 0.669531 0.738318 0.073438 0.228972
7 0.871875 0.792056 0.206250 0.102804
7 0.717969 0.707944 0.114062 0.331776
8 0.782031 0.466121 0.154688 0.343458
0 0.372695 0.667418 0.459859 0.638201
1 0.340625 0.799065 0.228125 0.369159
2 0.392188 0.717290 0.131250 0.116822
2 0.525781 0.850467 0.148438 0.163551
6 0.496875 0.734813 0.115625 0.179907
6 0.216406 0.817757 0.104688 0.331776
7 0.561719 0.797897 0.032813 0.039720
7 0.257812 0.859813 0.184375 0.247664
8 0.395313 0.546729 0.162500 0.289720
