3 0.510335 0.428478 0.134843 0.295276
6 0.757874 0.360892 0.255906 0.346457
4 0.310531 0.346457 0.162402 0.060367
4 0.450787 0.534121 0.120079 0.076115
14 0.349902 0.506562 0.075787 0.076115
14 0.215551 0.372047 0.035433 0.059055
5 0.216043 0.374016 0.048228 0.083990
5 0.349902 0.505906 0.095472 0.095801
18 0.620079 0.211286 0.336614 0.272966
2 0.625984 0.217192 0.358268 0.303150
10 0.311024 0.206693 0.053150 0.169291
1 0.351870 0.219160 0.158465 0.228346
7 0.663878 0.694226 0.097441 0.293963
16 0.617618 0.859580 0.136811 0.094488
16 0.616142 0.768373 0.125984 0.061680
8 0.617126 0.858924 0.149606 0.106299
8 0.616634 0.767060 0.136811 0.077428
0 0.539370 0.488189 0.761811 0.908136