0 0.633898 0.616814 0.597203 0.738137
1 0.722656 0.512255 0.164062 0.294118
2 0.485938 0.491422 0.071875 0.056373
2 0.889062 0.692402 0.050000 0.085784
3 0.584375 0.916667 0.103125 0.093137
3 0.397656 0.606618 0.092188 0.154412
4 0.629687 0.520833 0.131250 0.144608
4 0.709375 0.634804 0.156250 0.137255
5 0.504687 0.541667 0.153125 0.181373
5 0.636719 0.738971 0.089063 0.267157
6 0.834375 0.463235 0.093750 0.137255
6 0.641406 0.433824 0.089063 0.102941
7 0.875781 0.583333 0.054688 0.151961
7 0.560937 0.455882 0.078125 0.034314
8 0.741406 0.350490 0.079687 0.191176
