0 0.544766 0.531472 0.386219 0.600000
1 0.514062 0.397196 0.215625 0.196262
2 0.564063 0.778037 0.043750 0.098131
2 0.703906 0.609813 0.064062 0.084112
3 0.382812 0.750000 0.050000 0.093458
4 0.448437 0.487150 0.121875 0.203271
4 0.544531 0.539720 0.160938 0.144860
5 0.442969 0.641355 0.129688 0.151869
5 0.589844 0.594626 0.067187 0.049065
6 0.639844 0.427570 0.035937 0.056075
6 0.547656 0.468458 0.079687 0.203271
7 0.658594 0.509346 0.064062 0.149533
7 0.539844 0.646028 0.060937 0.175234
8 0.653906 0.334112 0.092188 0.172897
