0 0.437943 0.495500 0.869099 0.986480
1 0.657658 0.476000 0.336336 0.184000
2 0.286787 0.593000 0.081081 0.078000
2 0.512012 0.482000 0.087087 0.056000
3 0.633634 0.957000 0.126126 0.058000
3 0.536036 0.794000 0.105105 0.056000
4 0.614114 0.645000 0.069069 0.098000
4 0.708709 0.628000 0.288288 0.248000
5 0.557057 0.770000 0.027027 0.024000
5 0.618619 0.829000 0.120120 0.202000
6 0.677177 0.549000 0.105105 0.122000
6 0.418919 0.418000 0.129129 0.076000
7 0.596096 0.559000 0.159159 0.118000
7 0.328829 0.493000 0.117117 0.126000
8 0.558559 0.387000 0.156156 0.122000
