0 0.259830 0.355270 0.516660 0.692823
1 0.150000 0.310811 0.300000 0.507508
4 0.011000 0.426426 0.022000 0.144144
4 0.205000 0.602102 0.146000 0.159159
6 0.297000 0.483483 0.098000 0.366366
6 0.111000 0.319820 0.222000 0.537538
7 0.124000 0.611111 0.248000 0.165165
8 0.378000 0.183183 0.264000 0.354354
0 0.315790 0.666291 0.628580 0.541592
1 0.242000 0.746246 0.328000 0.279279
2 0.599000 0.813814 0.054000 0.072072
4 0.055000 0.753754 0.110000 0.204204
6 0.439000 0.744745 0.134000 0.174174
7 0.543000 0.794294 0.098000 0.099099
8 0.430000 0.545045 0.184000 0.303303
