0 0.473620 0.591984 0.620118 0.634312
1 0.339623 0.501563 0.226415 0.253125
2 0.400943 0.584375 0.117925 0.037500
2 0.661557 0.515625 0.087264 0.034375
3 0.490566 0.870313 0.141509 0.059375
3 0.682783 0.791406 0.148585 0.045312
4 0.384434 0.634375 0.316038 0.106250
4 0.461085 0.671094 0.167453 0.057813
5 0.593160 0.678906 0.148585 0.201563
5 0.497642 0.749219 0.127358 0.198437
6 0.465802 0.451562 0.073113 0.112500
6 0.237028 0.478125 0.110849 0.146875
7 0.545991 0.496094 0.158019 0.048438
7 0.270047 0.563281 0.172170 0.070312
8 0.352594 0.342969 0.106132 0.117188
