7 0.516597 0.597769 0.157234 0.140420
7 0.230955 0.603675 0.120546 0.422572
3 0.085341 0.565617 0.170682 0.425197
3 0.371155 0.447507 0.142384 0.356955
18 0.178980 0.603675 0.301366 0.635171
2 0.175486 0.604987 0.336307 0.700787
14 0.231391 0.305774 0.137143 0.141732
14 0.660728 0.635827 0.082111 0.098425
5 0.659418 0.635827 0.095214 0.127297
5 0.234012 0.309055 0.152867 0.158793
11 0.247115 0.153543 0.173831 0.102362
10 0.246241 0.047900 0.212266 0.093176
1 0.229208 0.148294 0.249828 0.296588
0 0.353513 0.500000 0.707025 1.000000