0 0.317830 0.493533 0.353140 0.910320
1 0.308000 0.521333 0.240000 0.488000
2 0.325000 0.790667 0.086000 0.120000
2 0.386000 0.713333 0.084000 0.125333
4 0.276000 0.846667 0.160000 0.194667
4 0.364000 0.846667 0.104000 0.194667
6 0.451000 0.417333 0.078000 0.205333
6 0.197000 0.458667 0.086000 0.277333
7 0.449000 0.592000 0.082000 0.154667
7 0.228000 0.676000 0.148000 0.168000
8 0.311000 0.190667 0.122000 0.242667
0 0.632860 0.543813 0.315160 0.880907
1 0.626000 0.524000 0.208000 0.466667
2 0.544000 0.706667 0.060000 0.101333
2 0.641000 0.781333 0.086000 0.138667
4 0.577000 0.858667 0.122000 0.240000
4 0.681000 0.858667 0.106000 0.240000
6 0.739000 0.457333 0.066000 0.248000
6 0.508000 0.429333 0.068000 0.234667
7 0.714000 0.658667 0.100000 0.170667
7 0.504000 0.601333 0.060000 0.157333
8 0.622000 0.233333 0.112000 0.248000
