0 0.560468 0.473187 0.753302 0.602000
1 0.565574 0.321094 0.236534 0.142187
2 0.235363 0.238281 0.091335 0.035937
2 0.661593 0.232031 0.044496 0.023438
3 0.845433 0.570312 0.135831 0.056250
3 0.555035 0.700781 0.079625 0.101562
4 0.567916 0.441406 0.138173 0.132812
4 0.700234 0.395313 0.159251 0.087500
5 0.538642 0.581250 0.079625 0.162500
5 0.774005 0.453125 0.105386 0.184375
6 0.601874 0.253125 0.042155 0.025000
6 0.385246 0.295312 0.128806 0.046875
7 0.622951 0.243750 0.032787 0.034375
7 0.296253 0.285156 0.091335 0.073438
8 0.483607 0.220312 0.105386 0.075000
