0 0.703477 0.490304 0.458266 0.740504
1 0.857812 0.300870 0.128125 0.198261
2 0.678906 0.166087 0.067187 0.067826
3 0.529687 0.446087 0.093750 0.113043
3 0.766406 0.814783 0.082812 0.071304
4 0.796094 0.506957 0.235937 0.217391
4 0.789844 0.379130 0.223438 0.194783
5 0.728906 0.692174 0.117188 0.194783
5 0.624219 0.373043 0.120313 0.203478
6 0.830469 0.225217 0.064062 0.081739
7 0.760156 0.222609 0.120313 0.086957
7 0.913281 0.426087 0.014063 0.048696
8 0.830469 0.167826 0.098437 0.088696
0 0.273469 0.498548 0.399125 0.623600
1 0.325000 0.398261 0.171875 0.212174
2 0.422656 0.527826 0.045312 0.050435
2 0.457031 0.585217 0.026562 0.033043
3 0.409375 0.783478 0.087500 0.026087
3 0.097656 0.790435 0.039062 0.029565
4 0.256250 0.572174 0.118750 0.187826
4 0.389062 0.571304 0.146875 0.126957
5 0.166406 0.717391 0.139063 0.147826
5 0.420312 0.689565 0.093750 0.165217
6 0.397656 0.385217 0.048438 0.109565
6 0.319531 0.406087 0.054688 0.161739
7 0.409375 0.474783 0.078125 0.073043
7 0.350781 0.499130 0.110937 0.073043
8 0.398438 0.267826 0.087500 0.142609
