0 0.460293 0.685586 0.314122 0.456516
1 0.439110 0.607031 0.138173 0.129688
2 0.462529 0.557031 0.077283 0.045312
2 0.498829 0.604688 0.042155 0.021875
3 0.347775 0.892188 0.067916 0.031250
3 0.570258 0.850000 0.058548 0.056250
4 0.435597 0.733594 0.093677 0.120313
4 0.388759 0.723437 0.149883 0.125000
5 0.474239 0.807813 0.170960 0.062500
5 0.346604 0.828906 0.065574 0.092188
6 0.489461 0.578125 0.060890 0.062500
6 0.405152 0.557813 0.032787 0.012500
7 0.477752 0.616406 0.037471 0.020313
7 0.396956 0.548438 0.072600 0.028125
8 0.488290 0.500781 0.124122 0.079687
