0 0.497394 0.479727 0.805305 0.795047
1 0.384977 0.318750 0.333333 0.306250
2 0.231221 0.369531 0.133803 0.104688
2 0.857981 0.457813 0.077465 0.081250
3 0.791080 0.557031 0.126761 0.076563
3 0.644366 0.835156 0.091549 0.060937
4 0.403756 0.509375 0.244131 0.209375
4 0.532864 0.396875 0.187793 0.165625
5 0.542254 0.706250 0.206573 0.256250
5 0.664319 0.445312 0.220657 0.243750
6 0.619718 0.270313 0.173709 0.140625
6 0.204225 0.248438 0.187793 0.090625
7 0.758216 0.369531 0.192488 0.129688
7 0.163146 0.309375 0.110329 0.062500
8 0.438967 0.171094 0.164319 0.148438
