0 0.383050 0.633704 0.371500 0.408994
1 0.471000 0.525696 0.142000 0.160600
2 0.342000 0.516060 0.028000 0.038544
2 0.517000 0.720557 0.034000 0.036403
3 0.362000 0.747323 0.040000 0.042827
3 0.235000 0.746253 0.050000 0.049251
4 0.389000 0.609208 0.102000 0.117773
4 0.443000 0.627409 0.066000 0.111349
5 0.301000 0.693790 0.102000 0.089936
5 0.400000 0.701285 0.068000 0.070664
6 0.530000 0.582441 0.044000 0.081370
6 0.424000 0.471092 0.068000 0.042827
7 0.522000 0.663812 0.036000 0.085653
7 0.373000 0.490364 0.050000 0.047109
8 0.502000 0.473233 0.064000 0.089936
