0 0.452950 0.562305 0.305690 0.426984
1 0.458159 0.471094 0.117155 0.129688
2 0.310669 0.507031 0.023013 0.039062
2 0.585774 0.527344 0.033473 0.045312
3 0.564854 0.696875 0.037657 0.040625
3 0.437238 0.744531 0.046025 0.045312
4 0.437238 0.586719 0.050209 0.101562
4 0.489540 0.567969 0.058577 0.095312
5 0.443515 0.677344 0.037657 0.085938
5 0.521967 0.644531 0.085774 0.079687
6 0.533473 0.441406 0.050209 0.039062
6 0.372385 0.425781 0.062762 0.039062
7 0.566946 0.475000 0.046025 0.059375
7 0.327406 0.463281 0.056485 0.060937
8 0.461297 0.392188 0.060669 0.075000
