0 0.208266 0.553193 0.176031 0.528485
1 0.217969 0.524476 0.073438 0.153846
2 0.134375 0.336830 0.018750 0.039627
2 0.280469 0.326340 0.017188 0.041958
3 0.285938 0.793706 0.012500 0.034965
4 0.206250 0.667832 0.040625 0.132867
4 0.248438 0.655012 0.056250 0.130536
5 0.216406 0.772727 0.026562 0.076923
5 0.271094 0.744755 0.039062 0.086247
6 0.173437 0.441725 0.040625 0.072261
6 0.260156 0.441725 0.035937 0.076923
7 0.275000 0.383450 0.021875 0.076923
7 0.151562 0.383450 0.034375 0.076923
8 0.213281 0.423077 0.029687 0.072261
