0 0.728466 0.555500 0.365316 0.761781
1 0.737705 0.417187 0.224824 0.259375
2 0.710773 0.198437 0.091335 0.050000
2 0.750585 0.239844 0.091335 0.054688
3 0.820843 0.889844 0.072600 0.070312
3 0.688525 0.867969 0.074941 0.054688
4 0.681499 0.622656 0.103044 0.170313
4 0.791569 0.619531 0.135831 0.164062
5 0.682670 0.774219 0.077283 0.129688
5 0.817330 0.778125 0.088993 0.162500
6 0.870023 0.328125 0.072600 0.068750
6 0.617096 0.293750 0.128806 0.050000
7 0.830211 0.289062 0.138173 0.075000
7 0.612412 0.234375 0.124122 0.065625
8 0.763466 0.249219 0.117096 0.107813
