0 0.579117 0.613290 0.239828 0.720398
1 0.560937 0.485948 0.121875 0.241218
2 0.546094 0.400468 0.045312 0.074941
2 0.574219 0.427400 0.051562 0.058548
3 0.653125 0.943794 0.084375 0.051522
4 0.550000 0.716628 0.021875 0.070258
4 0.583594 0.696721 0.104688 0.175644
5 0.549219 0.779859 0.023438 0.060890
5 0.623437 0.841920 0.056250 0.175644
6 0.628125 0.440281 0.034375 0.084309
6 0.503906 0.391101 0.073438 0.056206
7 0.617188 0.484778 0.059375 0.084309
7 0.496875 0.446136 0.078125 0.067916
8 0.600000 0.337237 0.068750 0.131148
0 0.262375 0.579778 0.284875 0.817963
1 0.266406 0.421546 0.117188 0.271663
2 0.349219 0.629977 0.023438 0.056206
4 0.299219 0.682670 0.126562 0.259953
4 0.225000 0.692037 0.096875 0.292740
5 0.354687 0.885246 0.071875 0.192037
5 0.171875 0.892272 0.084375 0.173302
6 0.207031 0.398126 0.051562 0.196721
6 0.319531 0.413349 0.051562 0.185012
7 0.200000 0.521077 0.037500 0.077283
7 0.323437 0.556206 0.050000 0.110070
8 0.285156 0.241218 0.060937 0.112412
0 0.488773 0.737073 0.233891 0.503372
1 0.450000 0.730679 0.140625 0.271663
3 0.413281 0.963700 0.029687 0.039813
3 0.478125 0.957845 0.053125 0.051522
4 0.509375 0.885246 0.181250 0.107728
4 0.405469 0.892272 0.054688 0.107728
5 0.542188 0.932084 0.118750 0.079625
6 0.525000 0.717799 0.034375 0.175644
7 0.517969 0.809133 0.039062 0.044496
8 0.482031 0.548009 0.051562 0.103044
