0 0.516780 0.343613 0.335560 0.507813
1 0.475000 0.404000 0.158000 0.328000
6 0.542000 0.394667 0.084000 0.160000
6 0.406000 0.393333 0.060000 0.237333
7 0.536000 0.529333 0.072000 0.125333
7 0.480000 0.554667 0.096000 0.074667
8 0.580000 0.221333 0.152000 0.192000
0 0.379390 0.558667 0.716620 0.882667
1 0.191000 0.620000 0.290000 0.690667
2 0.673000 0.725333 0.106000 0.090667
4 0.313000 0.900000 0.342000 0.194667
5 0.467000 0.949333 0.082000 0.096000
6 0.343000 0.545333 0.214000 0.274667
7 0.528000 0.658667 0.220000 0.154667
8 0.308000 0.250667 0.156000 0.256000
