0 0.401137 0.541995 0.628171 0.879265
12 0.377515 0.191601 0.129484 0.034121
10 0.400262 0.148294 0.174978 0.055118
1 0.400262 0.196194 0.234471 0.164042
4 0.581365 0.308399 0.099738 0.123360
4 0.218285 0.354987 0.073491 0.119423
3 0.539370 0.325459 0.085739 0.097113
3 0.270779 0.351050 0.059493 0.135171
18 0.421260 0.423885 0.262467 0.296588
2 0.424759 0.429134 0.293963 0.322835
14 0.206912 0.259186 0.085739 0.072178
14 0.550744 0.211942 0.059493 0.069554
5 0.552493 0.209974 0.083990 0.094488
5 0.207787 0.257218 0.101487 0.097113
6 0.489501 0.663386 0.132983 0.174541
6 0.358268 0.659449 0.129484 0.156168
7 0.509624 0.834646 0.134733 0.154856
7 0.354768 0.826115 0.097988 0.169291