0 0.643336 0.624542 0.168266 0.492542
1 0.657031 0.514583 0.070312 0.120833
2 0.713281 0.646875 0.020313 0.035417
2 0.570312 0.637500 0.018750 0.045833
3 0.660156 0.847917 0.023438 0.037500
3 0.639062 0.851042 0.031250 0.031250
4 0.669531 0.658333 0.042188 0.162500
4 0.639062 0.650000 0.034375 0.145833
5 0.650000 0.782292 0.040625 0.110417
5 0.647656 0.781250 0.029687 0.116667
6 0.606250 0.507292 0.040625 0.089583
6 0.704688 0.512500 0.025000 0.095833
7 0.585156 0.579167 0.032813 0.070833
7 0.710938 0.590625 0.025000 0.077083
8 0.664844 0.418750 0.039062 0.070833
