0 0.522658 0.440125 0.537119 0.641625
1 0.343091 0.351562 0.180328 0.200000
2 0.598361 0.370312 0.067916 0.065625
3 0.683841 0.721094 0.182670 0.060937
4 0.570258 0.464844 0.377049 0.110937
5 0.688525 0.596875 0.145199 0.203125
6 0.435597 0.308594 0.103044 0.139063
7 0.515222 0.375000 0.112412 0.056250
8 0.481265 0.193750 0.166276 0.150000
0 0.378642 0.306180 0.637705 0.306422
1 0.573770 0.295312 0.098361 0.081250
2 0.381733 0.240625 0.079625 0.043750
2 0.615925 0.278125 0.084309 0.040625
3 0.229508 0.435156 0.131148 0.042188
3 0.110070 0.432812 0.088993 0.034375
4 0.542155 0.353906 0.124122 0.170313
5 0.225995 0.395313 0.067916 0.043750
5 0.391101 0.357031 0.238876 0.167187
6 0.645199 0.342187 0.077283 0.137500
7 0.599532 0.354687 0.056206 0.109375
7 0.336066 0.239844 0.049180 0.035937
8 0.613583 0.219531 0.131148 0.095312
