0 0.655219 0.586206 0.275250 0.827354
1 0.655469 0.432084 0.110937 0.288056
2 0.753906 0.518735 0.054688 0.110070
2 0.574219 0.262295 0.051562 0.056206
3 0.679688 0.967213 0.050000 0.051522
4 0.659375 0.701405 0.106250 0.288056
4 0.678906 0.693208 0.064062 0.234192
5 0.661719 0.903981 0.082812 0.182670
5 0.653125 0.836066 0.025000 0.079625
6 0.564063 0.346604 0.087500 0.065574
6 0.708594 0.373536 0.045312 0.110070
7 0.542188 0.311475 0.050000 0.084309
7 0.721875 0.450820 0.043750 0.058548
8 0.693750 0.248244 0.071875 0.126464
