0 0.244328 0.433858 0.406938 0.697305
1 0.260937 0.369342 0.184375 0.281893
2 0.200781 0.372428 0.060937 0.078189
2 0.392188 0.437243 0.059375 0.080247
3 0.175000 0.724280 0.068750 0.094650
3 0.367969 0.721193 0.060937 0.092593
4 0.337500 0.537037 0.165625 0.082305
5 0.234375 0.618313 0.271875 0.240741
5 0.310156 0.628601 0.270313 0.244856
6 0.337500 0.369342 0.071875 0.203704
6 0.115625 0.308642 0.143750 0.115226
7 0.344531 0.477366 0.085938 0.065844
7 0.108594 0.386831 0.135937 0.098765
8 0.275781 0.213992 0.104688 0.193416
