0 0.551250 0.546183 0.198969 0.825105
1 0.556250 0.386417 0.100000 0.206089
2 0.632031 0.228337 0.032813 0.035129
2 0.602344 0.254098 0.032813 0.039813
3 0.604688 0.915691 0.071875 0.056206
3 0.469531 0.922717 0.029687 0.056206
4 0.521875 0.585480 0.059375 0.234192
4 0.589063 0.599532 0.075000 0.220141
5 0.487500 0.833724 0.050000 0.135831
5 0.596875 0.832553 0.040625 0.119438
6 0.604688 0.386417 0.015625 0.046838
6 0.573438 0.282201 0.112500 0.067916
7 0.614062 0.361827 0.021875 0.096019
7 0.625781 0.269321 0.032813 0.065574
8 0.567187 0.203747 0.053125 0.126464
