0 0.358875 0.439431 0.332656 0.358483
1 0.385937 0.452607 0.109375 0.270142
2 0.471875 0.324645 0.031250 0.042654
2 0.207031 0.281991 0.029687 0.037915
3 0.324219 0.572275 0.035937 0.078199
3 0.498437 0.530806 0.046875 0.080569
4 0.411719 0.503555 0.104688 0.220379
4 0.342969 0.511848 0.042188 0.203791
5 0.467187 0.472749 0.034375 0.135071
6 0.317969 0.322275 0.070312 0.052133
6 0.464844 0.367299 0.057813 0.047393
7 0.255469 0.298578 0.064062 0.052133
7 0.486719 0.355450 0.023438 0.042654
8 0.411719 0.311611 0.045312 0.054502
