0 0.248039 0.531396 0.496078 0.914792
1 0.176563 0.790625 0.353125 0.389583
2 0.050000 0.220833 0.100000 0.266667
2 0.348438 0.905208 0.134375 0.147917
6 0.046875 0.707292 0.093750 0.214583
7 0.440625 0.928125 0.106250 0.114583
8 0.155469 0.487500 0.214062 0.404167
0 0.430617 0.767417 0.402797 0.442708
1 0.395313 0.841667 0.162500 0.204167
2 0.278125 0.882292 0.084375 0.081250
2 0.597656 0.959375 0.057813 0.052083
6 0.483594 0.896875 0.051562 0.172917
6 0.309375 0.793750 0.081250 0.108333
7 0.532813 0.957292 0.084375 0.056250
7 0.260156 0.842708 0.051562 0.064583
8 0.410938 0.672917 0.153125 0.254167
