0 0.531567 0.582461 0.404747 0.770797
1 0.502814 0.455469 0.161351 0.239063
2 0.411820 0.225000 0.039400 0.050000
2 0.699812 0.440625 0.060038 0.034375
3 0.580675 0.928125 0.050657 0.053125
3 0.442777 0.938281 0.067542 0.054688
4 0.428705 0.596875 0.065666 0.053125
5 0.445591 0.878906 0.043152 0.067187
5 0.562852 0.851562 0.052533 0.103125
6 0.602251 0.435937 0.056285 0.121875
6 0.389306 0.341406 0.110694 0.064062
7 0.647280 0.475000 0.071295 0.062500
7 0.368668 0.280469 0.073171 0.082812
8 0.506567 0.307812 0.093809 0.131250
