0 0.515876 0.449984 0.968248 0.769562
1 0.679601 0.396875 0.481153 0.346875
2 0.194013 0.570312 0.148559 0.134375
2 0.145233 0.497656 0.126386 0.079687
3 0.477827 0.764062 0.281596 0.106250
3 0.348115 0.753125 0.248337 0.090625
4 0.460089 0.565625 0.454545 0.315625
4 0.613082 0.556250 0.600887 0.340625
5 0.345898 0.600000 0.212860 0.225000
5 0.451220 0.590625 0.250554 0.253125
6 0.568736 0.362500 0.348115 0.200000
6 0.329268 0.357812 0.263858 0.106250
7 0.312639 0.453125 0.212860 0.096875
7 0.197339 0.432031 0.097561 0.067187
8 0.432373 0.211719 0.239468 0.220312
0 0.127494 0.282555 0.247583 0.559891
1 0.074279 0.132031 0.144124 0.260937
4 0.075388 0.350000 0.146341 0.215625
5 0.084257 0.486719 0.075388 0.073438
6 0.042129 0.090625 0.079823 0.178125
