0 0.504655 0.518966 0.494828 0.944828
6 0.526207 0.620690 0.089655 0.151724
6 0.408965 0.623276 0.089655 0.136207
1 0.452931 0.141379 0.156897 0.158621
9 0.443448 0.100862 0.131034 0.074138
12 0.449483 0.138793 0.081034 0.025862
2 0.466724 0.396552 0.312069 0.344828
17 0.477069 0.386207 0.253448 0.289655
3 0.628793 0.287069 0.122414 0.077586
3 0.307241 0.313793 0.048276 0.075862
4 0.659828 0.400862 0.132759 0.125862
4 0.310690 0.404310 0.037931 0.081034
5 0.550345 0.464655 0.100000 0.060345
14 0.551207 0.462069 0.081034 0.041379
7 0.550345 0.787931 0.100000 0.172414
7 0.451207 0.747414 0.101724 0.129310
8 0.553793 0.936207 0.086207 0.079310
8 0.433965 0.862069 0.143103 0.055172
15 0.569310 0.918103 0.103448 0.156897
15 0.433965 0.850000 0.143103 0.086207