0 0.531897 0.525000 0.425862 0.950000
9 0.621552 0.120690 0.098276 0.117241
1 0.620690 0.175000 0.100000 0.198276
11 0.608621 0.191379 0.058621 0.041379
2 0.581897 0.412069 0.208621 0.355172
17 0.574138 0.412931 0.148276 0.318966
3 0.667241 0.319828 0.058621 0.115517
3 0.531034 0.286207 0.055172 0.103448
4 0.696552 0.282759 0.055172 0.124138
4 0.518966 0.244828 0.082759 0.127586
5 0.661207 0.166379 0.046552 0.098276
5 0.573276 0.132759 0.050000 0.079310
14 0.661207 0.160345 0.039655 0.079310
14 0.575000 0.134483 0.053448 0.075862
6 0.550862 0.695690 0.115517 0.174138
6 0.468103 0.676724 0.115517 0.181034
7 0.492241 0.837069 0.077586 0.115517
7 0.437931 0.836207 0.093103 0.131034
8 0.487931 0.943966 0.075862 0.112068
8 0.389655 0.953448 0.086207 0.093103
15 0.483621 0.949138 0.056897 0.101724
15 0.389655 0.953448 0.075862 0.086207