15 0.564138 0.938793 0.127586 0.087931
15 0.651207 0.878448 0.156897 0.063793
0 0.571034 0.538793 0.344828 0.887931
1 0.538276 0.205172 0.179310 0.182759
9 0.531379 0.165517 0.155172 0.082759
12 0.563276 0.200000 0.067241 0.027586
2 0.588276 0.449138 0.241379 0.301724
17 0.580517 0.444828 0.215517 0.265517
4 0.693448 0.482759 0.051724 0.110345
3 0.452931 0.383621 0.077586 0.132759
4 0.467586 0.522414 0.058621 0.141379
5 0.511552 0.648276 0.084483 0.079310
5 0.711552 0.591379 0.036207 0.079310
13 0.708965 0.586207 0.055172 0.113793
13 0.509828 0.645690 0.108621 0.115517
6 0.551207 0.668966 0.091379 0.120690
6 0.635690 0.660345 0.081034 0.144828
7 0.625345 0.787069 0.087931 0.115517
7 0.537414 0.811207 0.084483 0.160345
8 0.652069 0.881034 0.117241 0.031034
8 0.569310 0.932759 0.075862 0.058621