0 0.221034 0.513793 0.227586 0.972414
0 0.393448 0.593966 0.175862 0.812068
0 0.541724 0.652586 0.158621 0.694828
0 0.721897 0.682759 0.160345 0.634482
0 0.910517 0.631034 0.178966 0.737931
1 0.237414 0.158621 0.143103 0.234483
1 0.427931 0.289655 0.089655 0.165517
1 0.574483 0.386207 0.082759 0.137931
1 0.735690 0.446552 0.063793 0.131034
1 0.936552 0.344828 0.089655 0.151724
9 0.234828 0.109483 0.137931 0.122414
9 0.429655 0.270690 0.079310 0.127586
9 0.578793 0.380172 0.067241 0.122414
9 0.736552 0.432759 0.058621 0.100000
9 0.944310 0.313793 0.070690 0.089655
11 0.267586 0.193103 0.058621 0.082759
11 0.254655 0.306897 0.053448 0.075862
11 0.415000 0.378448 0.053448 0.046552
11 0.565862 0.457759 0.055172 0.032759
11 0.725345 0.520690 0.046552 0.037931
11 0.940000 0.438793 0.041379 0.036207
12 0.434828 0.327586 0.034483 0.034483
12 0.571034 0.437931 0.024138 0.024138
12 0.740000 0.481034 0.031034 0.031034
12 0.947759 0.362931 0.025862 0.022414
2 0.208965 0.593966 0.172414 0.608621
2 0.398815 0.554741 0.113147 0.396552
2 0.549677 0.571983 0.108836 0.299569
2 0.718319 0.664116 0.092672 0.322198
2 0.919612 0.587500 0.127155 0.331897
17 0.922845 0.590194 0.112069 0.315733
17 0.719720 0.676940 0.093750 0.297414
17 0.551616 0.575647 0.095905 0.286638
17 0.398060 0.553556 0.109914 0.386853
17 0.208965 0.597414 0.158621 0.612069
6 0.216724 0.942241 0.125862 0.115517
6 0.356379 0.830172 0.056897 0.150000
6 0.427931 0.822414 0.044828 0.131034
6 0.517586 0.792241 0.041379 0.136207
6 0.564138 0.793966 0.051724 0.139655
6 0.671034 0.863793 0.051724 0.137931
6 0.735690 0.884483 0.050000 0.110345
6 0.872759 0.835345 0.051724 0.153448
6 0.940862 0.838793 0.060345 0.174138
7 0.352069 0.955172 0.055172 0.089655
7 0.417586 0.944828 0.051724 0.110344
7 0.504655 0.932759 0.046552 0.134482
7 0.558965 0.933621 0.041379 0.132758
7 0.665862 0.966379 0.041379 0.056897
7 0.735690 0.969828 0.046552 0.060344
7 0.852069 0.956034 0.044828 0.074138
7 0.942586 0.964655 0.043103 0.063793
3 0.209828 0.477586 0.098276 0.272414
3 0.305651 0.477395 0.037356 0.122605
3 0.338697 0.486494 0.030651 0.190613
3 0.485249 0.533429 0.028736 0.117816
3 0.661494 0.605747 0.032567 0.126437
3 0.780747 0.623467 0.023946 0.089080
3 0.847989 0.608046 0.037356 0.111111
3 0.988410 0.608046 0.023180 0.114943
4 0.842720 0.697126 0.032567 0.063218
4 0.770881 0.710057 0.034483 0.073755
4 0.988889 0.704789 0.022222 0.082375
4 0.660249 0.704789 0.043103 0.070881
4 0.608046 0.639176 0.015326 0.089080
4 0.486398 0.643487 0.026820 0.101533
4 0.292050 0.561398 0.048851 0.129310
4 0.324617 0.636111 0.039272 0.106322
4 0.456322 0.624138 0.013410 0.116858
5 0.314080 0.725192 0.027778 0.066092
5 0.841475 0.753927 0.023946 0.060345
5 0.981322 0.791762 0.023946 0.097701
13 0.983238 0.793678 0.027778 0.097701
13 0.843391 0.745307 0.023946 0.081418
13 0.313123 0.722797 0.033525 0.070881