9 0.590551 0.139764 0.187664 0.073491
11 0.562336 0.191929 0.139108 0.022966
1 0.581693 0.172900 0.188320 0.154199
17 0.578740 0.395669 0.217848 0.271654
2 0.580052 0.393373 0.237533 0.294619
3 0.737533 0.352690 0.098425 0.167323
3 0.449147 0.351050 0.058399 0.123360
4 0.443570 0.459646 0.048556 0.096457
4 0.721785 0.492454 0.095801 0.109580
13 0.663058 0.575459 0.104331 0.070866
13 0.443241 0.543307 0.057087 0.066929
6 0.643373 0.598425 0.117454 0.124672
6 0.526247 0.600066 0.114173 0.117454
7 0.652887 0.733268 0.103675 0.148950
7 0.534777 0.708333 0.112861 0.096457
15 0.499344 0.750984 0.170604 0.134514
15 0.636155 0.794948 0.135827 0.155512
0 0.592520 0.482283 0.418635 0.851706
8 0.637795 0.832021 0.152231 0.068241
8 0.492782 0.788714 0.195538 0.057743
5 0.664698 0.577428 0.129921 0.076115
5 0.440289 0.547244 0.077428 0.081365