0 0.379908 0.559045 0.408776 0.877906
1 0.385681 0.226328 0.129330 0.203233
2 0.416859 0.496536 0.196305 0.323326
3 0.495381 0.401848 0.076212 0.161663
3 0.340647 0.385681 0.080831 0.087760
4 0.494611 0.529715 0.068514 0.075597
4 0.278291 0.381062 0.025404 0.073903
5 0.454349 0.611393 0.048961 0.096998
5 0.217860 0.370285 0.082217 0.093303
13 0.450654 0.607698 0.034180 0.084065
13 0.214627 0.372594 0.073903 0.070208
9 0.393841 0.185989 0.090531 0.105312
11 0.386682 0.269207 0.059584 0.038953
17 0.421093 0.493610 0.180139 0.317783
6 0.406774 0.754119 0.066513 0.181062
6 0.494996 0.741647 0.067436 0.161663
7 0.432640 0.892225 0.040647 0.091455
7 0.509315 0.883449 0.049885 0.107159
8 0.440031 0.969823 0.048037 0.054503
8 0.439569 0.972594 0.037875 0.041570
15 0.533333 0.967975 0.083141 0.054503
15 0.532410 0.965204 0.073903 0.045266