0 0.486607 0.522006 0.726461 0.955988
14 0.698864 0.326118 0.082792 0.122655
14 0.293425 0.321068 0.088474 0.098124
5 0.697240 0.323954 0.094156 0.144300
5 0.290584 0.322511 0.100649 0.124098
18 0.487013 0.735931 0.256494 0.518038
2 0.492289 0.724026 0.286526 0.551948
12 0.494318 0.262626 0.102273 0.056277
10 0.487825 0.179654 0.134740 0.106782
1 0.489448 0.268398 0.159091 0.356421
4 0.220373 0.525253 0.116071 0.298701
3 0.277597 0.554834 0.139610 0.167388
3 0.718750 0.560606 0.168019 0.176046
4 0.768669 0.508658 0.108766 0.279942