0 0.598922 0.433025 0.632794 0.852194
1 0.388761 0.122402 0.221709 0.217090
2 0.513472 0.352194 0.406467 0.297921
3 0.658968 0.196305 0.207852 0.157044
4 0.700539 0.339492 0.101617 0.096998
3 0.343726 0.338337 0.103926 0.168591
4 0.400308 0.474596 0.106236 0.062356
5 0.444188 0.545035 0.101617 0.087760
5 0.722153 0.453840 0.135607 0.090129
6 0.567744 0.568129 0.127021 0.106236
6 0.714396 0.549654 0.124711 0.078522
8 0.796382 0.691686 0.168591 0.200924
8 0.635874 0.734411 0.152425 0.212471
9 0.369130 0.087760 0.182448 0.152425
11 0.377213 0.147806 0.110855 0.087760
13 0.445313 0.543317 0.079943 0.067508
13 0.706905 0.448274 0.082608 0.079943
15 0.638509 0.747468 0.144786 0.178540
15 0.782851 0.688399 0.119026 0.156333
17 0.510533 0.301281 0.405207 0.375814