0 0.448086 0.558399 0.564725 0.883202
12 0.415798 0.349738 0.132951 0.061680
10 0.418330 0.272966 0.165872 0.078740
1 0.425294 0.330709 0.220319 0.241470
14 0.413898 0.505906 0.075972 0.106299
14 0.359452 0.489501 0.070907 0.104987
5 0.418330 0.507874 0.097497 0.118110
5 0.360718 0.489501 0.083569 0.115486
4 0.294243 0.605643 0.135483 0.171916
4 0.431625 0.637795 0.106361 0.165354
4 0.550015 0.590551 0.132951 0.259843
18 0.465180 0.641732 0.262103 0.385827
2 0.464546 0.638451 0.276031 0.410761
6 0.366416 0.916667 0.191196 0.166666
6 0.542418 0.926509 0.163340 0.146982