10 0.297736 0.185039 0.121063 0.089239
10 0.595472 0.182415 0.153543 0.089239
12 0.576772 0.251312 0.124016 0.048556
12 0.291831 0.250000 0.113189 0.043307
1 0.308071 0.257874 0.175197 0.253281
1 0.575787 0.250000 0.151575 0.255906
3 0.726870 0.516404 0.125000 0.292651
3 0.162402 0.514436 0.096457 0.207349
4 0.731791 0.772310 0.125000 0.234908
4 0.187008 0.674541 0.157480 0.120735
14 0.320866 0.593832 0.112205 0.153543
14 0.649114 0.919291 0.117126 0.101050
5 0.650098 0.922572 0.138780 0.120735
5 0.317913 0.589895 0.135827 0.164042
18 0.300689 0.656824 0.272638 0.547244
18 0.569390 0.624016 0.191929 0.520997
2 0.570866 0.624672 0.220472 0.574803
2 0.301673 0.660761 0.288386 0.573491
0 0.250984 0.528871 0.427165 0.942257
0 0.630413 0.541995 0.378937 0.916010