0 0.650294 0.577184 0.219170 0.199787
1 0.613132 0.514338 0.076020 0.062548
3 0.566553 0.574801 0.051688 0.054987
3 0.647934 0.548957 0.020895 0.047289
4 0.558855 0.619341 0.034092 0.029693
4 0.671029 0.585799 0.027494 0.050588
5 0.589648 0.648484 0.042890 0.028593
5 0.692474 0.630338 0.030793 0.036292
2 0.611093 0.572602 0.068184 0.065985
7 0.712270 0.602845 0.043990 0.060486
6 0.640236 0.622640 0.045090 0.036292
8 0.732065 0.652883 0.043990 0.035192
8 0.683126 0.655759 0.045090 0.029947
9 0.614392 0.513215 0.063785 0.050588
14 0.591974 0.647934 0.034346 0.025463
14 0.692051 0.628985 0.028424 0.033754
15 0.734984 0.651783 0.036122 0.029609
16 0.682576 0.652376 0.041452 0.021318
18 0.621574 0.569902 0.039891 0.055987
0 0.447547 0.533044 0.242844 0.153965
1 0.534336 0.490811 0.063955 0.063362
2 0.504728 0.550325 0.041452 0.079351
3 0.505320 0.573419 0.058033 0.030793
4 0.439589 0.580822 0.069876 0.024279
3 0.505912 0.462979 0.052111 0.013620
4 0.454985 0.463868 0.046189 0.015396
5 0.413533 0.469197 0.035530 0.028424
5 0.384221 0.573716 0.046782 0.020726
6 0.447583 0.549733 0.053888 0.030793
6 0.474527 0.505912 0.050927 0.048558
7 0.430706 0.505024 0.047374 0.060994
8 0.409684 0.558418 0.025463 0.035530
8 0.366752 0.563155 0.043821 0.026056
9 0.533448 0.485581 0.053888 0.043821
14 0.382740 0.574999 0.035530 0.017765
14 0.414717 0.470480 0.030793 0.018357
15 0.356389 0.565524 0.011251 0.014212
18 0.519532 0.544798 0.060401 0.050927