18 0.479331 0.492126 0.387795 0.391076
2 0.479331 0.492126 0.431102 0.414698
3 0.751969 0.443570 0.188976 0.265092
3 0.216535 0.446850 0.157480 0.258530
4 0.774606 0.696850 0.131890 0.244094
4 0.183071 0.702756 0.118110 0.248031
14 0.198819 0.892388 0.149606 0.107612
14 0.787402 0.876640 0.141732 0.094488
5 0.795276 0.875984 0.169291 0.111549
5 0.204724 0.891732 0.177165 0.124672
6 0.380906 0.846457 0.226378 0.307086
6 0.629921 0.847113 0.251969 0.305774
12 0.493110 0.164042 0.179134 0.031496
10 0.462598 0.107612 0.240157 0.068241
1 0.468504 0.166667 0.295276 0.217848
0 0.507874 0.519029 0.834646 0.961942