0 0.467667 0.556582 0.321016 0.872979
1 0.445727 0.205543 0.120092 0.157044
2 0.446882 0.443418 0.131640 0.300231
3 0.517321 0.338337 0.050808 0.099307
4 0.523095 0.424942 0.057737 0.060046
3 0.378753 0.354503 0.050808 0.103926
4 0.372139 0.436350 0.047239 0.041990
5 0.473966 0.394904 0.034642 0.053577
10 0.436700 0.177934 0.067185 0.093429
11 0.444048 0.245644 0.056687 0.035692
6 0.497061 0.681643 0.070334 0.165862
6 0.432501 0.692141 0.048289 0.174260
7 0.511757 0.828609 0.057737 0.121772
7 0.442998 0.833858 0.056687 0.104976
8 0.542725 0.941983 0.092379 0.098677
8 0.443523 0.932536 0.057737 0.092379
14 0.469611 0.393310 0.019634 0.046189
15 0.532997 0.942916 0.061026 0.090979
15 0.442648 0.933119 0.049689 0.083981
17 0.443459 0.437786 0.115473 0.283214