0 0.610690 0.500862 0.282759 0.643103
1 0.589138 0.312069 0.125862 0.127586
9 0.574483 0.306897 0.086207 0.103448
2 0.669310 0.382759 0.137931 0.234483
17 0.666724 0.381034 0.108621 0.203448
3 0.657241 0.425000 0.048276 0.070690
3 0.595172 0.231897 0.065517 0.070690
4 0.616724 0.490517 0.074138 0.056897
4 0.537414 0.230172 0.056897 0.074138
5 0.577069 0.550000 0.046552 0.072414
5 0.509828 0.282759 0.050000 0.058621
13 0.582241 0.550000 0.050000 0.072414
13 0.504655 0.281034 0.039655 0.062069
6 0.680517 0.542241 0.087931 0.118966
6 0.627931 0.555172 0.027586 0.096552
7 0.669310 0.675862 0.079310 0.151724
7 0.628793 0.671552 0.015517 0.143103
8 0.646897 0.782759 0.082759 0.048276
8 0.608103 0.759483 0.053448 0.018966
15 0.646034 0.773276 0.077586 0.067241
15 0.616724 0.747414 0.053448 0.050000