10 0.797730 0.041097 0.075028 0.057328
10 0.310343 0.479693 0.079131 0.060091
10 0.885946 0.838514 0.086165 0.075977
9 0.806815 0.528388 0.083820 0.100843
12 0.783369 0.543583 0.040445 0.029010
12 0.329100 0.516646 0.033411 0.017958
11 0.793334 0.075287 0.056857 0.022103
1 0.798316 0.063545 0.090268 0.106368
1 0.803884 0.533914 0.106094 0.132615
1 0.884480 0.849910 0.099646 0.125017
1 0.309757 0.494889 0.087337 0.104296
18 0.771353 0.663420 0.137160 0.174748
18 0.805643 0.186490 0.127195 0.167150
18 0.266382 0.569139 0.102577 0.121564
18 0.900600 0.964843 0.134229 0.070314
3 0.803591 0.972441 0.066821 0.055118
3 0.852242 0.659621 0.048065 0.132615
3 0.725340 0.601602 0.061546 0.062163
3 0.347857 0.596422 0.055685 0.089101
3 0.868361 0.174403 0.050995 0.090482
3 0.747321 0.135723 0.036342 0.083575
4 0.863086 0.230004 0.089681 0.030391
4 0.736770 0.201340 0.046892 0.047659
4 0.393284 0.660312 0.052754 0.062163
4 0.682551 0.624396 0.046306 0.026247
4 0.857224 0.757356 0.040445 0.073905
11 0.844329 0.812612 0.038100 0.026937
11 0.675224 0.592278 0.032825 0.039370
14 0.418782 0.703826 0.022860 0.044205
5 0.419661 0.705553 0.036342 0.055947
14 0.719185 0.253143 0.025791 0.051803
14 0.800074 0.221025 0.041031 0.048349
5 0.672879 0.591933 0.038686 0.048349
5 0.846674 0.813648 0.048651 0.037298
5 0.800661 0.218608 0.052754 0.058710
5 0.718599 0.253143 0.037514 0.060091
2 0.771939 0.661694 0.154744 0.182346
2 0.805643 0.187181 0.142435 0.186490
2 0.268433 0.571557 0.119575 0.133306
2 0.882722 0.961044 0.118403 0.077911
6 0.671707 0.775314 0.174674 0.083575
6 0.610747 0.672745 0.120748 0.109131
6 0.293931 0.663075 0.127195 0.077359
6 0.201102 0.706244 0.074874 0.141594
6 0.854880 0.337754 0.100232 0.145048
6 0.755234 0.334646 0.097888 0.119492
7 0.697204 0.448612 0.117817 0.111203
7 0.858104 0.449302 0.116058 0.090482
15 0.933717 0.479693 0.038686 0.112585
7 0.508170 0.670673 0.084406 0.070452
7 0.561803 0.787056 0.046306 0.057328
7 0.384199 0.737671 0.054512 0.103605
15 0.519014 0.777041 0.087337 0.052493
15 0.416437 0.820901 0.093198 0.037989
15 0.439883 0.693466 0.059201 0.074596
8 0.441055 0.693466 0.069752 0.085647
8 0.518721 0.781185 0.100818 0.067689
8 0.419954 0.820555 0.102577 0.053875
8 0.934303 0.482456 0.050409 0.125017
15 0.636538 0.518718 0.090268 0.071833
8 0.633314 0.517682 0.115472 0.090482
0 0.777866 0.297900 0.433226 0.590551
0 0.658701 0.668635 0.517866 0.410761
0 0.851903 0.878609 0.296194 0.232283
0 0.253874 0.604987 0.441022 0.514436
7 0.160324 0.789370 0.113597 0.072178
15 0.071786 0.808399 0.054571 0.047244
8 0.074570 0.808399 0.075731 0.076115