10 0.461350 0.215223 0.140726 0.039370
0 0.540632 0.522966 0.683808 0.812336
12 0.475224 0.244094 0.109013 0.023622
1 0.455404 0.231627 0.164510 0.106299
3 0.610995 0.310367 0.190277 0.082677
18 0.585228 0.400262 0.297308 0.170604
2 0.586219 0.395669 0.342895 0.203412
13 0.546578 0.242126 0.069372 0.027559
1 0.556489 0.242126 0.105049 0.027559
6 0.594148 0.618110 0.144690 0.209974
6 0.709107 0.616798 0.093156 0.215223
7 0.685322 0.812992 0.124869 0.169291
7 0.534686 0.768373 0.176403 0.116798
15 0.468287 0.862861 0.103067 0.106299
15 0.617932 0.901575 0.140726 0.047244
8 0.469278 0.860236 0.144690 0.119423
8 0.632798 0.899606 0.178385 0.048556