0 0.586220 0.486143 0.242494 0.833718
1 0.587375 0.152425 0.115473 0.170901
2 0.589684 0.374134 0.115473 0.263279
3 0.529638 0.312933 0.060046 0.131640
4 0.506543 0.413395 0.041570 0.046189
3 0.648576 0.296767 0.048499 0.094688
4 0.653195 0.391455 0.039261 0.053118
5 0.660123 0.459584 0.030023 0.064665
5 0.520400 0.478060 0.050808 0.064665
6 0.555042 0.591224 0.036952 0.161663
6 0.598922 0.575058 0.032333 0.129330
7 0.550423 0.727483 0.032333 0.092379
7 0.595458 0.695150 0.030023 0.078522
8 0.598922 0.788684 0.060046 0.094688
8 0.542340 0.836028 0.048499 0.115473
15 0.601232 0.785219 0.046189 0.069284
15 0.546959 0.846420 0.034642 0.066975
13 0.513582 0.470875 0.030793 0.051688
13 0.658199 0.458228 0.020895 0.054987
9 0.594413 0.111258 0.075883 0.075883
11 0.602112 0.175043 0.053888 0.027494
17 0.590014 0.371348 0.106675 0.246343