10 0.372110 0.214567 0.137728 0.048556
10 0.676095 0.513123 0.112150 0.034121
12 0.701673 0.542651 0.080669 0.024934
12 0.392769 0.250656 0.100345 0.020997
1 0.378996 0.234252 0.194787 0.095801
1 0.681014 0.529528 0.149533 0.095801
13 0.678063 0.297900 0.049189 0.052493
13 0.429168 0.288058 0.078702 0.040682
13 0.750125 0.568241 0.040925 0.040420
5 0.752880 0.569291 0.057452 0.044619
5 0.431777 0.289239 0.093655 0.046194
5 0.683622 0.299213 0.071619 0.068241
4 0.606888 0.344357 0.154255 0.074541
4 0.346779 0.316798 0.118840 0.060367
4 0.737926 0.632283 0.087359 0.091864
3 0.640336 0.627297 0.112543 0.088189
3 0.239351 0.307612 0.091294 0.089239
18 0.310182 0.419160 0.218791 0.171654
3 0.490803 0.337270 0.084211 0.080315
2 0.296803 0.418898 0.264438 0.186877
18 0.515200 0.616798 0.170783 0.133333
2 0.512446 0.617323 0.193606 0.149081
6 0.192917 0.584777 0.169996 0.149081
6 0.349927 0.591076 0.136154 0.153281
6 0.531334 0.720997 0.185736 0.090814
7 0.386130 0.726772 0.115692 0.120210
7 0.164584 0.722047 0.116479 0.125459
7 0.616726 0.740157 0.103099 0.129134
15 0.612397 0.825984 0.162126 0.039370
15 0.444762 0.823360 0.143237 0.069816
15 0.137826 0.820735 0.059813 0.067717
8 0.138219 0.821522 0.085785 0.074541
8 0.443975 0.823622 0.162126 0.083990
8 0.620267 0.828871 0.182588 0.054593
0 0.316035 0.509843 0.505659 0.746719
0 0.646582 0.662073 0.403346 0.465879