0 0.427252 0.459681 0.230947 0.583718
1 0.450346 0.222094 0.101617 0.090069
2 0.430716 0.351569 0.168591 0.173499
3 0.364896 0.315627 0.069284 0.096998
4 0.351039 0.390685 0.036952 0.043880
5 0.346998 0.458526 0.056582 0.072171
3 0.516022 0.327896 0.050520 0.102483
6 0.471998 0.507602 0.063510 0.135681
6 0.401270 0.509767 0.049076 0.134238
7 0.474163 0.633901 0.047633 0.108256
7 0.396218 0.626684 0.050520 0.090935
8 0.487154 0.719784 0.076501 0.051963
8 0.389723 0.709681 0.060624 0.069284
9 0.448903 0.217475 0.092379 0.075058
14 0.347652 0.461894 0.033256 0.048037
15 0.391070 0.711316 0.049885 0.049885
15 0.486682 0.718707 0.060046 0.046189
17 0.434950 0.354426 0.150577 0.158891