0 0.564138 0.500000 0.779310 1.000000
1 0.540862 0.195690 0.322414 0.391379
9 0.540862 0.133621 0.294828 0.250000
12 0.549483 0.244828 0.132759 0.048276
2 0.584828 0.639655 0.437931 0.651724
17 0.582241 0.635345 0.350000 0.615517
3 0.835690 0.506034 0.194828 0.281034
3 0.338276 0.500862 0.248276 0.156897
4 0.288276 0.662069 0.189655 0.165517
4 0.683965 0.697414 0.270690 0.187931
5 0.433103 0.775862 0.234483 0.227586
5 0.460690 0.616379 0.148276 0.115517
13 0.583103 0.728448 0.520690 0.312069
13 0.364138 0.645690 0.348276 0.194828