0 0.963328 0.579642 0.067185 0.227798
1 0.963328 0.486213 0.039891 0.034642
2 0.959654 0.539751 0.051438 0.072433
6 0.966478 0.602211 0.018896 0.041990
6 0.946007 0.601162 0.015746 0.039891
7 0.965428 0.642102 0.016796 0.033592
7 0.946532 0.635804 0.012597 0.020995
8 0.963328 0.674645 0.016796 0.020995
10 0.960629 0.482926 0.024744 0.023919
17 0.962279 0.537776 0.044540 0.061036
0 0.896706 0.590152 0.071758 0.218575
1 0.892582 0.498598 0.030518 0.038766
2 0.892170 0.559221 0.039591 0.077532
6 0.895881 0.622011 0.020620 0.048048
7 0.892170 0.678593 0.018146 0.046640
3 0.913615 0.541900 0.016496 0.032992
4 0.916906 0.578300 0.016096 0.033592
10 0.894861 0.501668 0.023795 0.023095
17 0.892411 0.554856 0.039891 0.063685
0 0.813857 0.607775 0.073903 0.222479
1 0.817552 0.526867 0.033256 0.036952
2 0.820785 0.586913 0.047113 0.075751
6 0.823557 0.647883 0.017552 0.035104
7 0.818476 0.680677 0.016628 0.024942
8 0.819400 0.703310 0.022171 0.014781
3 0.797691 0.574904 0.021247 0.036952
10 0.819990 0.528612 0.026944 0.026174
17 0.822556 0.587182 0.043880 0.070439
0 0.058319 0.581216 0.115848 0.438799
1 0.070631 0.399923 0.047344 0.066975
2 0.064280 0.503849 0.073903 0.138568
3 0.101809 0.481332 0.021940 0.084296
3 0.031370 0.475558 0.031178 0.070439
5 0.102446 0.543219 0.028424 0.031977
6 0.081818 0.625333 0.034938 0.098300
6 0.047768 0.615562 0.031977 0.078759
7 0.077081 0.722153 0.032569 0.084681
7 0.043919 0.675964 0.033754 0.033754
8 0.024279 0.748801 0.045400 0.100077
8 0.080930 0.781074 0.041452 0.031977
10 0.073627 0.397643 0.037899 0.050335
14 0.099978 0.545390 0.023095 0.023687
15 0.018851 0.751466 0.036122 0.080535
15 0.078364 0.779890 0.033162 0.026056
17 0.066224 0.503050 0.069284 0.130870
0 0.137662 0.619481 0.062492 0.345062
1 0.132228 0.474800 0.046189 0.052982
17 0.132908 0.562424 0.044831 0.116832
6 0.139021 0.654802 0.027170 0.073360
7 0.129511 0.714577 0.019019 0.029887
8 0.138707 0.761715 0.048279 0.053522
10 0.129511 0.468686 0.027170 0.043472
15 0.131314 0.759608 0.022206 0.036419
0 0.203115 0.602831 0.072837 0.364185
1 0.209333 0.450050 0.042636 0.055072
2 0.205335 0.550423 0.063066 0.138568
6 0.188014 0.661011 0.028424 0.079055
6 0.223101 0.654794 0.023983 0.064843
7 0.192456 0.725410 0.015989 0.042636
7 0.222212 0.710310 0.018653 0.046189
8 0.215106 0.756499 0.029312 0.039083
8 0.187570 0.766270 0.022206 0.035530
10 0.206668 0.446941 0.030201 0.041748
15 0.212886 0.750133 0.017765 0.022206
15 0.191567 0.766566 0.010659 0.021318
17 0.204447 0.549535 0.055960 0.122579
0 0.271955 0.611713 0.066619 0.325102
1 0.281281 0.491798 0.047966 0.063955
2 0.280393 0.587730 0.047966 0.106591
3 0.252857 0.554865 0.030201 0.044413
6 0.266625 0.669450 0.034642 0.049742
7 0.277284 0.715195 0.031089 0.038195
8 0.273731 0.753834 0.034642 0.033754
6 0.293717 0.667229 0.008883 0.038195
10 0.285279 0.490910 0.041748 0.051519
17 0.277728 0.580624 0.055072 0.092379
0 0.335021 0.481583 0.038195 0.063066
1 0.334577 0.478030 0.035530 0.050631
10 0.328359 0.474477 0.024871 0.041748
0 0.342534 0.638990 0.067434 0.259889
1 0.341683 0.527773 0.037307 0.034642
2 0.332800 0.600709 0.044413 0.109058
3 0.359004 0.581957 0.022206 0.052407
6 0.351454 0.681441 0.017765 0.045301
6 0.324806 0.682774 0.017765 0.040860
7 0.354119 0.720525 0.019542 0.034642
7 0.319921 0.719636 0.013324 0.027536
8 0.354168 0.752305 0.026549 0.027141
8 0.322487 0.749344 0.020233 0.031879
15 0.356586 0.752255 0.014804 0.016581
15 0.319871 0.750479 0.011251 0.023687
10 0.339117 0.526638 0.027240 0.024871
17 0.335268 0.595626 0.045597 0.091787
0 0.432063 0.605754 0.084681 0.326212
1 0.436393 0.471998 0.049076 0.047152
2 0.433988 0.550423 0.078907 0.105851
3 0.466224 0.533584 0.014434 0.068322
6 0.447941 0.635104 0.025982 0.061586
6 0.411374 0.641840 0.027906 0.069284
7 0.446497 0.696818 0.023095 0.054144
7 0.410091 0.698454 0.024698 0.040095
8 0.454709 0.743906 0.029253 0.033872
8 0.410444 0.741981 0.031563 0.037721
15 0.410842 0.743386 0.020664 0.030996
15 0.455816 0.747336 0.019448 0.024310
10 0.441205 0.468309 0.033680 0.036567
17 0.434950 0.552508 0.063510 0.101039
0 0.517120 0.586404 0.078321 0.363490
1 0.517120 0.438799 0.040165 0.064263
2 0.512602 0.532684 0.061251 0.113465
3 0.544231 0.516618 0.018074 0.061251
6 0.529672 0.624059 0.019078 0.065268
6 0.493523 0.625063 0.025103 0.069284
7 0.523145 0.670248 0.018074 0.023095
7 0.497038 0.676775 0.016066 0.026107
8 0.526659 0.724972 0.033136 0.054222
8 0.497540 0.725474 0.019078 0.049202
15 0.527791 0.729946 0.024018 0.039723
15 0.497768 0.725327 0.015704 0.032333
10 0.515781 0.437105 0.036952 0.047113
17 0.506543 0.531794 0.053580 0.110855
0 0.570382 0.503806 0.028227 0.061586
1 0.573434 0.497391 0.037753 0.052177
10 0.568243 0.493114 0.017107 0.031648
1 0.595082 0.472586 0.036571 0.069284
1 0.591938 0.463818 0.031992 0.050039
10 0.589933 0.457592 0.025132 0.039397
0 0.616764 0.613594 0.101888 0.275325
1 0.624236 0.496989 0.032604 0.044831
2 0.617104 0.573065 0.053661 0.103247
3 0.583820 0.546914 0.026491 0.041435
3 0.644614 0.548612 0.028529 0.051623
6 0.629330 0.653557 0.023774 0.044152
6 0.595367 0.651180 0.023774 0.042114
8 0.611670 0.712879 0.036001 0.055020
10 0.624236 0.494951 0.032604 0.036680
17 0.619481 0.571028 0.055699 0.093737
15 0.612688 0.718992 0.017661 0.036001
4 0.577367 0.591632 0.014944 0.033963