0 0.753793 0.549138 0.420690 0.901724
1 0.765000 0.211207 0.150000 0.184483
9 0.752931 0.162069 0.129310 0.089655
12 0.751724 0.218103 0.075862 0.032759
2 0.761207 0.444828 0.253448 0.344828
17 0.762931 0.440517 0.222414 0.312069
3 0.912069 0.376724 0.075862 0.118966
3 0.612931 0.364655 0.087931 0.081034
4 0.914655 0.486207 0.070690 0.093103
4 0.582759 0.431897 0.051724 0.053448
5 0.624138 0.406034 0.058621 0.056897
14 0.626724 0.404310 0.060345 0.050000
6 0.674138 0.687931 0.131034 0.148276
6 0.792241 0.682759 0.077586 0.141379
7 0.645690 0.857759 0.091379 0.184483
7 0.784483 0.814655 0.079310 0.125862
8 0.612931 0.980172 0.105172 0.039655
8 0.768103 0.921552 0.094828 0.067241
15 0.770690 0.908621 0.089655 0.100000
15 0.613793 0.959483 0.110345 0.081034