0 0.329310 0.555172 0.393103 0.889655
0 0.661207 0.575862 0.277586 0.848276
0 0.696552 0.575862 0.606896 0.848276
1 0.846552 0.273276 0.213793 0.218966
1 0.623276 0.283621 0.181034 0.229310
1 0.380172 0.238793 0.153448 0.239655
9 0.387931 0.183621 0.137931 0.136207
9 0.846552 0.230172 0.168966 0.132759
9 0.626724 0.243966 0.170690 0.153448
11 0.609483 0.330172 0.067241 0.043103
11 0.789655 0.316379 0.034483 0.036207
12 0.393966 0.271552 0.098276 0.029310
2 0.343966 0.553448 0.260345 0.465517
2 0.890517 0.600862 0.218966 0.484483
2 0.650000 0.603448 0.244828 0.472414
17 0.894828 0.597414 0.210344 0.467241
17 0.667241 0.604310 0.237931 0.450000
17 0.340517 0.552586 0.270690 0.429310
3 0.189655 0.495690 0.079310 0.153448
3 0.487931 0.485345 0.041379 0.129310
3 0.696552 0.520690 0.196552 0.165517
4 0.717241 0.675000 0.124138 0.167241
4 0.497414 0.565517 0.191379 0.082759
4 0.209483 0.581897 0.087931 0.063793
5 0.289655 0.588793 0.065517 0.063793
5 0.639655 0.815517 0.075862 0.086207
13 0.642241 0.802586 0.084483 0.118966
14 0.287069 0.587069 0.081034 0.074138
6 0.906897 0.918103 0.175862 0.163793
6 0.733621 0.918103 0.125862 0.163793
6 0.621552 0.919828 0.094828 0.150000
6 0.393966 0.883621 0.122414 0.222414
6 0.249138 0.890517 0.125862 0.218966