0 0.401207 0.567241 0.387931 0.865517
0 0.771897 0.633621 0.277586 0.722414
1 0.399483 0.318966 0.163793 0.313793
1 0.740000 0.417241 0.148276 0.262069
9 0.749483 0.349138 0.122414 0.122414
9 0.396897 0.248276 0.131034 0.158621
11 0.402069 0.327586 0.089655 0.062069
11 0.721034 0.425862 0.062069 0.048276
2 0.758965 0.781034 0.206897 0.437931
2 0.392586 0.727586 0.236207 0.544828
17 0.397759 0.731897 0.205172 0.536206
17 0.752069 0.785345 0.189655 0.429310
3 0.840862 0.739655 0.046552 0.286207
3 0.514138 0.681897 0.048276 0.232759
3 0.275345 0.719828 0.053448 0.101724
4 0.264138 0.888793 0.058621 0.222414
4 0.528793 0.903448 0.043103 0.193103
4 0.836552 0.940517 0.051724 0.118966