12 0.393753 0.192257 0.098377 0.022310
12 0.843336 0.183071 0.045253 0.017060
10 0.396704 0.152887 0.116085 0.045932
10 0.853786 0.165257 0.067771 0.023330
1 0.849413 0.182512 0.077973 0.065617
1 0.396514 0.181297 0.150116 0.112764
18 0.407809 0.321036 0.220802 0.193934
18 0.861801 0.280451 0.139185 0.127345
2 0.862530 0.280208 0.162504 0.138524
2 0.406716 0.321765 0.236105 0.205113
13 0.534242 0.365510 0.055383 0.039856
13 0.305788 0.357733 0.069228 0.044717
14 0.859980 0.281180 0.053925 0.033537
14 0.834110 0.270244 0.037165 0.026247
5 0.833017 0.270244 0.049553 0.031107
5 0.862895 0.279479 0.068500 0.041800
5 0.535335 0.365996 0.072143 0.049577
5 0.305788 0.357004 0.082345 0.052007
4 0.243483 0.330757 0.088904 0.046175
4 0.538979 0.298678 0.045909 0.086031
4 0.924471 0.283124 0.092547 0.021872
4 0.791116 0.281666 0.044452 0.021872
3 0.787836 0.245212 0.036436 0.045203
3 0.936860 0.243268 0.063399 0.053952
3 0.511652 0.244483 0.065585 0.066103
3 0.257693 0.269272 0.118781 0.079712
6 0.461006 0.484106 0.076516 0.124429
6 0.370280 0.488724 0.102021 0.124915
6 0.889493 0.384466 0.098377 0.070963
6 0.843219 0.376203 0.046638 0.043745
6 0.901881 0.420920 0.045909 0.032079
4 0.850142 0.469282 0.050282 0.098668
4 0.913905 0.467094 0.077244 0.081656
4 0.456633 0.602702 0.061941 0.113736
4 0.394692 0.618499 0.073601 0.135608
15 0.474851 0.683630 0.060484 0.052007
15 0.419833 0.708175 0.046638 0.046661
15 0.817350 0.528823 0.070686 0.033051
15 0.928479 0.520560 0.077244 0.023330
8 0.928479 0.520803 0.090361 0.040342
8 0.815892 0.529552 0.091090 0.038398
8 0.475216 0.682172 0.077244 0.059784
8 0.419833 0.706717 0.061212 0.056382
0 0.383915 0.418635 0.440730 0.650919
0 0.869036 0.361549 0.261927 0.489501