0 0.515517 0.555172 0.351724 0.862069
1 0.506034 0.224138 0.118966 0.158621
10 0.495690 0.186207 0.081034 0.082759
12 0.500000 0.211207 0.051724 0.032759
2 0.516379 0.452586 0.170690 0.322414
17 0.504310 0.441379 0.139655 0.289655
4 0.394828 0.342241 0.072414 0.122414
4 0.606897 0.321552 0.072414 0.105172
5 0.563793 0.244828 0.044828 0.048276
5 0.432759 0.248276 0.037931 0.065517
14 0.570690 0.245690 0.048276 0.067241
14 0.432759 0.247414 0.044828 0.074138
6 0.475862 0.687069 0.062069 0.160345
6 0.550000 0.684483 0.058621 0.162069
7 0.552586 0.818966 0.039655 0.113793
7 0.488793 0.825862 0.046552 0.120690
8 0.497414 0.924138 0.050000 0.082759
8 0.560345 0.929310 0.055172 0.089655
15 0.556034 0.918966 0.056897 0.113793
15 0.492241 0.919828 0.043103 0.105172