0 0.556197 0.536952 0.330254 0.926096
1 0.531948 0.183603 0.124711 0.196305
2 0.555042 0.456120 0.221709 0.334873
3 0.607005 0.387991 0.048499 0.170901
3 0.477675 0.392610 0.043880 0.161663
4 0.634719 0.524249 0.053118 0.087760
4 0.473056 0.525404 0.057737 0.085450
5 0.664742 0.622402 0.066975 0.085450
5 0.433795 0.605004 0.053118 0.078368
13 0.664511 0.619246 0.051732 0.070208
13 0.427098 0.606313 0.029561 0.062818
6 0.586451 0.694072 0.054503 0.134873
6 0.516705 0.696844 0.059122 0.136721
7 0.576751 0.829869 0.036952 0.125635
7 0.513472 0.833564 0.043418 0.123788
8 0.575366 0.945805 0.056351 0.096998
8 0.500077 0.950423 0.075751 0.093303
15 0.500539 0.948114 0.067436 0.077598
15 0.570747 0.948114 0.047113 0.092379
9 0.548114 0.164742 0.101617 0.142263
17 0.543495 0.459892 0.155196 0.318707