0 0.520997 0.515748 0.797900 0.968504
6 0.591864 0.851050 0.136483 0.297900
6 0.454068 0.851706 0.135608 0.296588
18 0.516185 0.498031 0.182852 0.400262
2 0.513561 0.495407 0.205599 0.413386
3 0.397200 0.458661 0.074366 0.274278
3 0.640857 0.454068 0.075241 0.270341
4 0.692913 0.618110 0.097113 0.139108
4 0.344707 0.608924 0.109361 0.107612
12 0.516185 0.182415 0.091864 0.041995
10 0.516185 0.104987 0.121610 0.104987
1 0.513561 0.169291 0.130359 0.251969
14 0.795713 0.667323 0.059493 0.101050
14 0.228346 0.637139 0.067367 0.090551
5 0.229221 0.637139 0.083115 0.119423
5 0.794401 0.662073 0.081365 0.132546