9 0.547900 0.126640 0.082677 0.082677
11 0.544619 0.189195 0.062700 0.032808
1 0.547171 0.169146 0.092593 0.189560
17 0.542068 0.421770 0.102800 0.302566
2 0.531132 0.423228 0.126130 0.327355
3 0.592009 0.341936 0.032079 0.116652
3 0.479003 0.351050 0.036454 0.118839
4 0.548629 0.443642 0.098425 0.063430
4 0.478638 0.430155 0.034267 0.034996
13 0.487022 0.500875 0.032079 0.074366
13 0.483377 0.460047 0.049577 0.043745
5 0.483377 0.487752 0.048119 0.072908
6 0.561024 0.656897 0.050306 0.129775
6 0.495407 0.630286 0.072178 0.126130
7 0.554462 0.791411 0.044474 0.136337
7 0.501969 0.744751 0.069262 0.098425
15 0.539880 0.909522 0.047390 0.091134
15 0.505978 0.823855 0.042286 0.069991
8 0.539151 0.910251 0.050306 0.102800
8 0.505249 0.825678 0.056868 0.070720
0 0.532093 0.510618 0.243379 0.944882