10 0.179196 0.125328 0.175939 0.127297
10 0.447043 0.181102 0.186443 0.183727
12 0.435664 0.297244 0.135674 0.066929
11 0.168255 0.241470 0.140051 0.089239
1 0.180947 0.219160 0.203949 0.346457
1 0.459298 0.269685 0.226707 0.374016
18 0.205456 0.629921 0.256468 0.401575
2 0.201954 0.645669 0.282728 0.480315
3 0.039583 0.572178 0.070025 0.343832
3 0.364763 0.574147 0.067399 0.308399
3 0.668061 0.554462 0.108539 0.397638
3 0.463674 0.639764 0.072651 0.329396
3 0.949572 0.439633 0.100855 0.527559
18 0.555145 0.578084 0.155807 0.408136
2 0.558209 0.587270 0.181191 0.437008
4 0.608977 0.790682 0.216204 0.150919
4 0.017603 0.829396 0.035206 0.223097
4 0.923313 0.829396 0.153374 0.301837
14 0.840499 0.963911 0.080529 0.072178
14 0.970580 0.967192 0.058840 0.065616
14 0.424285 0.815617 0.128672 0.132546
14 0.030295 0.969816 0.060590 0.060367
5 0.035109 0.966535 0.070218 0.066929
5 0.423410 0.814961 0.151430 0.144357
5 0.839186 0.956037 0.095410 0.087926
5 0.968829 0.960630 0.062341 0.078740
18 0.773974 0.693570 0.070025 0.334646
2 0.774412 0.688320 0.086656 0.426509
0 0.195293 0.523622 0.390585 0.952756
0 0.584468 0.520997 0.473547 0.958005