9 0.499344 0.125984 0.166667 0.065617
11 0.497652 0.174403 0.155408 0.024175
1 0.497652 0.161279 0.176129 0.152645
17 0.500414 0.364346 0.270065 0.247962
2 0.501105 0.360547 0.283879 0.266611
3 0.662730 0.317378 0.069761 0.130543
3 0.339481 0.321868 0.069761 0.135378
4 0.338790 0.439978 0.060091 0.103605
4 0.658240 0.436870 0.058019 0.100152
13 0.650297 0.524244 0.066998 0.064926
13 0.363310 0.525970 0.082884 0.058710
5 0.362274 0.524934 0.108440 0.062163
5 0.651678 0.524244 0.086338 0.066308
6 0.566722 0.558088 0.119492 0.114657
6 0.438596 0.557397 0.122945 0.124327
7 0.430999 0.669637 0.093936 0.091864
7 0.567758 0.676198 0.091173 0.107750
15 0.580881 0.727656 0.114657 0.148501
15 0.425818 0.723512 0.105678 0.140213
8 0.419257 0.752866 0.089791 0.071833
8 0.585371 0.756665 0.087719 0.079431
0 0.506562 0.463255 0.451444 0.774278