0 0.477069 0.586207 0.253448 0.827586
1 0.495172 0.310345 0.110345 0.255172
9 0.492586 0.261207 0.108621 0.139655
11 0.492586 0.351724 0.067241 0.044828
2 0.489138 0.581034 0.150000 0.396552
17 0.483965 0.584483 0.125862 0.348276
3 0.565000 0.496552 0.043103 0.189655
3 0.409828 0.506897 0.036207 0.144828
4 0.394310 0.640517 0.060345 0.112069
4 0.563276 0.643103 0.032759 0.120690
5 0.561552 0.728448 0.018966 0.074138
5 0.376207 0.727586 0.034483 0.086207
14 0.378793 0.730172 0.032759 0.077586
14 0.559828 0.732759 0.015517 0.079310
6 0.449483 0.841379 0.067241 0.137931
6 0.513276 0.834483 0.067241 0.131034
7 0.510690 0.943966 0.068966 0.091379
7 0.448621 0.955172 0.068966 0.089655