10 0.522321 0.109580 0.165435 0.106299
0 0.564774 0.507874 0.465669 0.984252
12 0.528448 0.208661 0.116417 0.068241
1 0.530636 0.186352 0.206575 0.293963
3 0.415532 0.437664 0.076153 0.271654
3 0.702198 0.432415 0.096285 0.287402
4 0.661058 0.659449 0.199572 0.161417
4 0.447043 0.637139 0.154931 0.124672
18 0.538076 0.490157 0.193445 0.353018
18 0.715328 0.731627 0.073527 0.103675
2 0.715766 0.731627 0.090158 0.129921
2 0.541140 0.495407 0.206575 0.374016
3 0.774850 0.729003 0.036763 0.132546
14 0.535013 0.740157 0.098036 0.125984
14 0.515318 0.735564 0.084906 0.106299
5 0.540265 0.742126 0.110290 0.143045
5 0.514005 0.744094 0.101537 0.178478
0 0.731522 0.687664 0.154931 0.257218