0 0.572759 0.448276 0.165517 0.772414
1 0.571034 0.141379 0.075862 0.162069
9 0.570172 0.099138 0.077586 0.081034
12 0.574483 0.156897 0.072414 0.027586
2 0.568448 0.362931 0.091379 0.284483
17 0.569310 0.365517 0.089655 0.282759
3 0.618448 0.300000 0.039655 0.113793
3 0.515000 0.302586 0.036207 0.129310
4 0.630517 0.393966 0.043103 0.094828
4 0.510690 0.421552 0.027586 0.125862
5 0.644310 0.462069 0.039655 0.082759
5 0.508965 0.521552 0.041379 0.074138
14 0.506379 0.517241 0.032759 0.065517
14 0.645172 0.469828 0.041379 0.067241
6 0.529655 0.564655 0.048276 0.150000
6 0.583103 0.565517 0.041379 0.151724
7 0.532241 0.693103 0.050000 0.113793
7 0.568448 0.688793 0.046552 0.115517
8 0.522759 0.796552 0.062069 0.089655
8 0.587414 0.756897 0.067241 0.072414
16 0.524483 0.786207 0.051724 0.096552
16 0.590000 0.743966 0.062069 0.081034