0 0.406034 0.500000 0.584483 1.000000
0 0.594828 0.266379 0.124138 0.253448
0 0.083621 0.274138 0.163793 0.479310
1 0.597414 0.192241 0.074138 0.084483
1 0.451724 0.104310 0.210345 0.208620
1 0.093966 0.062931 0.043103 0.060345
9 0.456897 0.050000 0.213793 0.100000
10 0.602586 0.172414 0.067241 0.027586
10 0.099138 0.053448 0.032759 0.034483
12 0.602586 0.188793 0.029310 0.005172
12 0.481034 0.107759 0.124138 0.050000
2 0.373276 0.437069 0.318966 0.570690
17 0.374138 0.450000 0.268966 0.534483
2 0.583621 0.300000 0.105172 0.151724
2 0.102586 0.192241 0.108621 0.167241
18 0.587931 0.293103 0.103448 0.158621
18 0.096552 0.193103 0.093103 0.151724
3 0.557759 0.416379 0.074138 0.108621
3 0.190517 0.298276 0.125862 0.186207
3 0.162931 0.163793 0.036207 0.065517
4 0.610345 0.506897 0.120690 0.158621
4 0.188793 0.519828 0.132759 0.225862
4 0.167241 0.215517 0.031034 0.034483
5 0.659483 0.648276 0.087931 0.124138
5 0.225000 0.688793 0.146552 0.122414
14 0.656034 0.652586 0.077586 0.118966
14 0.226724 0.687069 0.118966 0.115517
6 0.411207 0.804310 0.153448 0.191379
6 0.230172 0.819828 0.150000 0.177586
7 0.386207 0.946552 0.175862 0.093103
7 0.195690 0.954310 0.150000 0.091379
7 0.053448 0.409483 0.048276 0.132759
6 0.067241 0.312931 0.055172 0.081034