12 0.337891 0.150262 0.113281 0.045932
0 0.414714 0.450131 0.618490 0.826772
10 0.334635 0.092520 0.138021 0.069554
1 0.340495 0.148294 0.199219 0.204724
18 0.331380 0.420604 0.233073 0.345144
2 0.334635 0.417323 0.252604 0.372703
3 0.490885 0.348425 0.106771 0.166667
3 0.197917 0.353018 0.106771 0.202100
4 0.201172 0.501312 0.105469 0.102362
4 0.527344 0.490814 0.117188 0.110236
14 0.581380 0.581365 0.084635 0.062992
14 0.243490 0.606955 0.088542 0.103675
5 0.244792 0.605643 0.125000 0.127297
5 0.582031 0.585302 0.106771 0.081365