9 0.592738 0.078740 0.198309 0.087489
11 0.581802 0.137795 0.174978 0.026247
1 0.579251 0.118839 0.191747 0.183727
17 0.585448 0.342666 0.268300 0.281423
2 0.587270 0.341207 0.271945 0.294547
3 0.762248 0.302566 0.105716 0.163313
4 0.754593 0.444007 0.097696 0.104987
4 0.414479 0.408647 0.073637 0.107174
3 0.433800 0.287256 0.074366 0.131234
13 0.400992 0.498323 0.058326 0.070720
13 0.739647 0.534412 0.108632 0.071449
5 0.745844 0.531861 0.137066 0.066346
5 0.402814 0.499417 0.075095 0.072908
6 0.481919 0.556285 0.148731 0.139983
6 0.637212 0.557378 0.141441 0.124672
7 0.642316 0.675488 0.119568 0.108632
7 0.439268 0.682779 0.134879 0.115923
8 0.390347 0.768446 0.174395 0.086031
8 0.592374 0.744386 0.155293 0.083115
8 0.559711 0.440289 0.528871 0.849081