0 0.431871 0.493072 0.581986 0.972286
1 0.520785 0.112009 0.302540 0.210162
2 0.465358 0.383372 0.436490 0.327945
3 0.586605 0.347575 0.180139 0.214781
4 0.495381 0.506928 0.136259 0.076212
5 0.393764 0.616628 0.159353 0.129330
6 0.277136 0.592379 0.069284 0.080831
7 0.429561 0.743649 0.115473 0.083141
8 0.345266 0.868360 0.325635 0.147806
8 0.249423 0.780600 0.170901 0.143187
15 0.351039 0.866051 0.272517 0.120092
15 0.240185 0.792148 0.175520 0.083141
13 0.412240 0.625866 0.122402 0.073903
9 0.501155 0.071594 0.258661 0.110855
11 0.435335 0.131640 0.108545 0.073903
17 0.468822 0.393764 0.369515 0.311778