0 0.506928 0.618168 0.357968 0.757506
1 0.488453 0.351424 0.145497 0.210162
2 0.484988 0.555812 0.193995 0.226328
3 0.422633 0.505004 0.064665 0.124711
3 0.579677 0.511932 0.055427 0.129330
4 0.413395 0.611239 0.055427 0.073903
4 0.571594 0.625096 0.034642 0.078522
5 0.583141 0.735951 0.071594 0.115473
5 0.396074 0.738260 0.062356 0.129330
13 0.581986 0.733641 0.060046 0.101617
13 0.398383 0.739415 0.043880 0.108545
6 0.452656 0.734796 0.046189 0.122402
6 0.519630 0.723249 0.041570 0.080831
7 0.568129 0.839877 0.050808 0.092379
7 0.449192 0.892995 0.030023 0.161663
8 0.591224 0.935720 0.087760 0.085450
9 0.489607 0.307544 0.124711 0.113164
11 0.496536 0.386066 0.083141 0.043880
17 0.498845 0.561586 0.175520 0.242494
15 0.595843 0.938029 0.064665 0.062356