0 0.351207 0.545690 0.625862 0.839655
1 0.359828 0.220690 0.125862 0.179310
9 0.350345 0.179310 0.100000 0.082759
11 0.347759 0.224138 0.060345 0.034483
2 0.369310 0.414655 0.158621 0.239655
17 0.367586 0.414655 0.134483 0.208621
3 0.471034 0.331897 0.065517 0.053448
3 0.254655 0.347414 0.063793 0.050000
4 0.168448 0.356034 0.098276 0.043103
4 0.546034 0.325000 0.070690 0.053448
5 0.618448 0.302586 0.056897 0.070690
5 0.080517 0.350000 0.060345 0.082759
13 0.089138 0.342241 0.070690 0.101724
13 0.614138 0.303448 0.086207 0.082759
6 0.341724 0.639655 0.082759 0.193103
6 0.409828 0.637931 0.063793 0.193103
7 0.414138 0.806897 0.044828 0.151724
7 0.358103 0.808621 0.056897 0.134483
8 0.359828 0.920690 0.046552 0.062069
8 0.423621 0.914655 0.046552 0.060345
15 0.424483 0.906897 0.062069 0.075862
15 0.360690 0.909483 0.055172 0.077586