0 0.646407 0.509186 0.512631 0.981627
14 0.704232 0.830052 0.059055 0.111549
14 0.602526 0.712598 0.086942 0.160105
5 0.605397 0.708005 0.099245 0.187664
5 0.704232 0.826115 0.075459 0.132546
4 0.495899 0.587270 0.144357 0.198163
4 0.734170 0.681759 0.115650 0.161417
3 0.766158 0.459318 0.066437 0.288714
3 0.474163 0.395013 0.109088 0.186352
18 0.639846 0.603675 0.209154 0.585302
2 0.637385 0.598425 0.215715 0.614173
12 0.673885 0.181759 0.116470 0.059055
10 0.672654 0.096457 0.159941 0.103675
1 0.660761 0.165354 0.173885 0.262467