0 0.692491 0.519805 0.096578 0.152215
1 0.692491 0.464168 0.037791 0.036742
2 0.699045 0.509308 0.044601 0.049339
3 0.696165 0.501960 0.024144 0.032543
4 0.684093 0.524529 0.016796 0.012597
5 0.663097 0.535552 0.018896 0.024144
6 0.695640 0.554447 0.018896 0.034642
6 0.712961 0.550248 0.009448 0.028343
7 0.718224 0.580384 0.016229 0.025591
7 0.696378 0.581632 0.011235 0.013108
13 0.663296 0.534819 0.016229 0.015605
9 0.693257 0.455236 0.026216 0.023719
17 0.699811 0.507355 0.030585 0.045565
0 0.533779 0.494559 0.044317 0.127333
1 0.528785 0.449930 0.024343 0.028088
17 0.532218 0.488005 0.031209 0.044317
3 0.525664 0.483012 0.014356 0.021846
6 0.525373 0.523202 0.010030 0.025106
6 0.538087 0.516867 0.010659 0.012436
7 0.532461 0.547660 0.020726 0.018357
9 0.525059 0.445806 0.020134 0.018357
0 0.491897 0.524861 0.055664 0.153965
1 0.489528 0.461203 0.031977 0.027832
2 0.486864 0.509465 0.045597 0.063955
3 0.503741 0.499694 0.017765 0.029016
4 0.506109 0.523480 0.013028 0.015396
6 0.490713 0.552496 0.013028 0.021318
7 0.487456 0.573518 0.011251 0.017173
8 0.493674 0.592171 0.030793 0.013028
9 0.489528 0.456860 0.024871 0.015989
15 0.491897 0.590987 0.026056 0.010659
17 0.486272 0.509860 0.039675 0.059217
0 0.324115 0.512821 0.050927 0.159886
1 0.321154 0.455972 0.033162 0.031977
9 0.319378 0.452419 0.024871 0.021318
2 0.316417 0.498904 0.030793 0.050335
3 0.320266 0.486469 0.017173 0.024279
4 0.328260 0.508379 0.018949 0.015989
5 0.332702 0.524368 0.017173 0.014804
6 0.321648 0.531770 0.019542 0.024871
7 0.319279 0.552200 0.018357 0.017173
8 0.324609 0.575295 0.030201 0.025463
15 0.325201 0.574999 0.025463 0.023687
0 0.279308 0.500977 0.037899 0.103038
1 0.279900 0.461006 0.020134 0.020726
9 0.280196 0.457749 0.014804 0.009475
2 0.279900 0.486765 0.034346 0.029609
3 0.292335 0.483212 0.007106 0.013028
5 0.293520 0.503346 0.009475 0.015396
6 0.276643 0.512821 0.006514 0.017765
6 0.285229 0.512524 0.007106 0.018357
7 0.277531 0.529697 0.008290 0.010067
7 0.290855 0.529401 0.006514 0.010659
8 0.278419 0.541837 0.011251 0.010659
8 0.291151 0.542133 0.007106 0.011251
17 0.279308 0.485877 0.026056 0.024279