10 0.338661 0.028215 0.247910 0.051181
10 0.728235 0.028215 0.480081 0.056430
10 0.135021 0.053806 0.112150 0.039370
12 0.331775 0.093176 0.206592 0.044619
12 0.673144 0.099081 0.247910 0.066929
12 0.104524 0.088583 0.051156 0.024934
1 0.135021 0.071522 0.143631 0.090551
1 0.358337 0.092520 0.279391 0.179790
1 0.737089 0.087270 0.497788 0.164042
18 0.414412 0.347113 0.265618 0.274278
18 0.924006 0.309711 0.135760 0.254593
2 0.408509 0.355643 0.328580 0.317585
2 0.914168 0.315617 0.155436 0.282152
3 0.589523 0.312336 0.096410 0.262467
3 0.239301 0.280840 0.084604 0.165354
3 0.062100 0.287402 0.124199 0.118110
3 0.152729 0.194226 0.088539 0.094488
4 0.553124 0.513123 0.220365 0.149606
4 0.924128 0.660105 0.151744 0.128609
14 0.133053 0.227690 0.060994 0.066929
14 0.769553 0.633202 0.173144 0.103675
14 0.787261 0.727034 0.145598 0.091864
14 0.386866 0.605643 0.139696 0.119423
14 0.348499 0.510499 0.121988 0.065617
4 0.310132 0.448163 0.179046 0.164042
5 0.390801 0.609580 0.167241 0.137795
5 0.797099 0.738189 0.169209 0.103675
5 0.773489 0.625328 0.177079 0.129921
5 0.346532 0.515092 0.153468 0.069554
5 0.135021 0.232283 0.080669 0.083990
0 0.423266 0.346457 0.562717 0.692913
0 0.749016 0.417323 0.501968 0.834646
0 0.057181 0.303150 0.114362 0.328084
0 0.162566 0.097113 0.198722 0.194226