1 0.533683 0.500656 0.574803 0.998688
1 0.497813 0.187664 0.259843 0.343832
12 0.506999 0.232283 0.141732 0.078740
1 0.493438 0.101050 0.184602 0.170604
3 0.658355 0.580052 0.145232 0.482940
4 0.555118 0.770341 0.246719 0.160105
3 0.447944 0.534777 0.084864 0.308399
4 0.428259 0.700787 0.104987 0.112861
18 0.580927 0.617454 0.289589 0.541995
2 0.585739 0.623360 0.309711 0.587927
14 0.392388 0.788714 0.097988 0.131234
5 0.395013 0.793307 0.113736 0.150919
14 0.300962 0.818898 0.070866 0.115486
5 0.303587 0.822835 0.091864 0.139108