0 0.550808 0.515781 0.542725 0.968437
1 0.448037 0.167821 0.198614 0.263279
2 0.506928 0.465743 0.237875 0.411085
3 0.424942 0.391840 0.060046 0.166282
4 0.458430 0.514242 0.062356 0.050808
5 0.540416 0.592764 0.096998 0.106236
3 0.613164 0.317937 0.085450 0.092379
4 0.685912 0.294842 0.046189 0.120092
5 0.743649 0.216320 0.143187 0.069284
6 0.575058 0.778676 0.087760 0.200924
6 0.697460 0.761355 0.096998 0.193995
7 0.632794 0.949577 0.087760 0.080831
7 0.722864 0.934565 0.046189 0.092379
9 0.436490 0.102002 0.147806 0.113164
11 0.473441 0.188607 0.120092 0.055427
13 0.749423 0.216320 0.076212 0.055427
13 0.530023 0.585835 0.071594 0.096998
17 0.527714 0.458814 0.228637 0.355658