0 0.477931 0.458621 0.493103 0.889655
1 0.577069 0.111207 0.236207 0.201724
9 0.572759 0.082759 0.206897 0.120690
11 0.528793 0.100000 0.115517 0.048276
2 0.526207 0.356897 0.313793 0.327586
17 0.527931 0.356034 0.286207 0.294828
3 0.637414 0.331034 0.118966 0.165517
4 0.583965 0.483621 0.146552 0.122414
5 0.500345 0.570690 0.100000 0.100000
5 0.358103 0.473276 0.056897 0.091379
13 0.499483 0.571552 0.094828 0.084483
13 0.358965 0.475000 0.041379 0.084483
6 0.525345 0.583621 0.136207 0.146552
6 0.412414 0.572414 0.075862 0.110345
7 0.495172 0.736207 0.113793 0.162069
7 0.406379 0.682759 0.081034 0.120690
8 0.429655 0.853448 0.200000 0.072414
8 0.354655 0.773276 0.167241 0.074138
15 0.440862 0.815517 0.212069 0.148276
15 0.377931 0.727586 0.206897 0.148276