0 0.221897 0.565517 0.381034 0.868966
0 0.526207 0.606897 0.372414 0.786206
0 0.865690 0.500000 0.268620 1.000000
1 0.220172 0.343103 0.246552 0.413793
1 0.463276 0.397414 0.191379 0.353448
1 0.903621 0.194828 0.192758 0.389655
9 0.903621 0.082759 0.192758 0.165517
9 0.453793 0.310345 0.155172 0.158621
9 0.225345 0.280172 0.212069 0.277586
11 0.290862 0.373276 0.053448 0.067241
11 0.456379 0.404310 0.101724 0.070690
11 0.871034 0.202586 0.086207 0.067241
2 0.907241 0.703448 0.172414 0.593103
2 0.491724 0.774138 0.331034 0.451724
2 0.178793 0.775862 0.215517 0.448276
17 0.183965 0.787069 0.198276 0.425862
17 0.483103 0.786207 0.293103 0.427586
17 0.919138 0.717241 0.161724 0.565517
3 0.271034 0.814655 0.124138 0.367241
3 0.657241 0.873276 0.068966 0.253448
4 0.934655 0.903448 0.130690 0.148276
5 0.387414 0.884483 0.067241 0.124138
5 0.807241 0.900000 0.124138 0.134483
14 0.814138 0.891379 0.155172 0.155172
14 0.390000 0.894828 0.089655 0.141379