0 0.353349 0.419553 0.489607 0.734411
1 0.457275 0.134334 0.198614 0.150115
2 0.413395 0.324865 0.295612 0.300231
3 0.269053 0.234796 0.094688 0.129330
4 0.235566 0.343341 0.096998 0.069284
5 0.217090 0.431101 0.078522 0.101617
3 0.536952 0.315627 0.099307 0.138568
4 0.511547 0.433410 0.062356 0.073903
5 0.479215 0.521170 0.103926 0.073903
13 0.482679 0.517706 0.083141 0.048499
13 0.221709 0.440339 0.064665 0.078522
6 0.384527 0.524634 0.085450 0.085450
6 0.254042 0.517706 0.133949 0.062356
7 0.369515 0.602002 0.087760 0.064665
7 0.224018 0.576597 0.083141 0.041570
8 0.338337 0.708237 0.113164 0.143187
8 0.189376 0.673595 0.133949 0.129330
15 0.177829 0.673595 0.083141 0.110855
15 0.349885 0.711701 0.085450 0.131640
9 0.463048 0.106620 0.150115 0.085450
11 0.463048 0.149346 0.113164 0.060046
17 0.419169 0.322556 0.270208 0.290993