0 0.371824 0.475751 0.484988 0.771363
1 0.274827 0.205543 0.203233 0.212471
2 0.312933 0.413395 0.311778 0.327945
3 0.461894 0.281755 0.124711 0.124711
4 0.495381 0.377598 0.085450 0.062356
3 0.190531 0.384527 0.094688 0.131640
4 0.219400 0.495381 0.087760 0.076212
5 0.252887 0.584296 0.094688 0.073903
5 0.515012 0.454965 0.078522 0.083141
13 0.516166 0.450346 0.066975 0.064665
13 0.255196 0.583141 0.071594 0.053118
9 0.264434 0.158199 0.150115 0.094688
11 0.287529 0.199769 0.099307 0.053118
6 0.340647 0.579677 0.066975 0.129330
6 0.451501 0.517321 0.103926 0.096998
7 0.340647 0.672055 0.062356 0.055427
7 0.479215 0.587760 0.094688 0.039261
8 0.376443 0.763279 0.129330 0.127021
8 0.515012 0.674365 0.147806 0.106236
15 0.374134 0.759815 0.087760 0.110855
15 0.521940 0.685912 0.124711 0.092379
17 0.339492 0.389145 0.323326 0.288684