9 0.498141 0.068898 0.189195 0.094051
11 0.491579 0.130687 0.154199 0.022966
1 0.488845 0.105534 0.199038 0.173885
3 0.672572 0.266842 0.102800 0.139983
3 0.347222 0.258093 0.090770 0.122485
4 0.631015 0.343395 0.150919 0.063430
4 0.401903 0.339567 0.178259 0.051400
17 0.518373 0.320429 0.299650 0.266842
2 0.519466 0.319335 0.325897 0.293088
13 0.441273 0.277778 0.119204 0.067804
13 0.550634 0.314414 0.125766 0.090770
5 0.550087 0.314961 0.135608 0.083115
5 0.440179 0.278871 0.134514 0.083115
6 0.445101 0.519466 0.150919 0.098425
6 0.597660 0.526575 0.156387 0.112642
7 0.598206 0.661636 0.135608 0.137795
7 0.457130 0.625000 0.120297 0.103893
15 0.452756 0.696085 0.139983 0.136702
15 0.624453 0.745844 0.129046 0.168416
8 0.632108 0.782480 0.135608 0.097332
8 0.447288 0.725066 0.161855 0.078740
0 0.519685 0.437008 0.472441 0.847769