0 0.521897 0.567241 0.501724 0.862069
1 0.645172 0.272414 0.158621 0.275862
9 0.649483 0.225000 0.146552 0.153448
11 0.633103 0.279310 0.068966 0.048276
2 0.581379 0.581034 0.320690 0.351724
17 0.577069 0.581897 0.263793 0.315517
3 0.670172 0.550000 0.136207 0.144828
4 0.586552 0.776724 0.220690 0.284483
4 0.444310 0.544828 0.112069 0.179310
5 0.483965 0.409483 0.139655 0.150000
5 0.393448 0.873276 0.179310 0.118966
13 0.486552 0.404310 0.127586 0.132759
13 0.394310 0.876724 0.153448 0.101724
7 0.373621 0.750862 0.112069 0.305172
6 0.411552 0.954310 0.270690 0.084483
6 0.444310 0.797414 0.050000 0.074138