10 0.460138 0.041995 0.312008 0.083990
11 0.455217 0.147638 0.233268 0.087927
1 0.463091 0.210630 0.329724 0.421260
18 0.456201 0.517060 0.540354 0.511811
2 0.449311 0.526903 0.597441 0.618110
3 0.812008 0.515748 0.226378 0.433071
3 0.101378 0.484252 0.202756 0.440945
4 0.155512 0.799213 0.305118 0.217848
4 0.856791 0.816929 0.195866 0.185039
5 0.382382 0.788058 0.182087 0.221785
5 0.592028 0.795932 0.235236 0.271654
14 0.384350 0.784121 0.162402 0.224409
14 0.589567 0.784777 0.246063 0.301837
0 0.501969 0.496063 0.940945 0.960630