0 0.393966 0.538793 0.212069 0.843103
6 0.375862 0.642241 0.079310 0.212069
1 0.365517 0.221552 0.113793 0.194828
9 0.363793 0.174138 0.096552 0.086207
11 0.394828 0.222414 0.027586 0.037931
2 0.379310 0.410345 0.134483 0.241379
17 0.375000 0.404310 0.112069 0.218966
3 0.356034 0.375000 0.039655 0.143103
4 0.404310 0.392241 0.053448 0.112069
5 0.436207 0.300862 0.027586 0.077586
13 0.435345 0.306897 0.043103 0.103448
7 0.378448 0.820690 0.063793 0.137931
8 0.406034 0.914655 0.101724 0.056897
8 0.425862 0.874138 0.041379 0.024138
15 0.424138 0.866379 0.037931 0.036207
15 0.401724 0.908621 0.093103 0.058621