0 0.531178 0.439954 0.434180 0.727483
1 0.632794 0.168591 0.217090 0.175520
2 0.577367 0.403002 0.314088 0.297921
3 0.637413 0.337182 0.161663 0.133949
4 0.576212 0.438799 0.117783 0.060046
5 0.497691 0.516166 0.080831 0.085450
6 0.542725 0.612009 0.092379 0.101617
8 0.408776 0.648961 0.147806 0.120092
8 0.461894 0.729792 0.217090 0.096998
15 0.408776 0.653580 0.138568 0.101617
15 0.458430 0.724018 0.191686 0.062356
13 0.497691 0.519630 0.062356 0.064665
9 0.640878 0.142032 0.200924 0.103926
11 0.605081 0.195150 0.087760 0.057737