0 0.197785 0.471783 0.280097 0.246580
1 0.185912 0.403387 0.108545 0.096998
2 0.192841 0.523480 0.140878 0.143187
3 0.270208 0.486528 0.055427 0.069284
4 0.322171 0.535027 0.039261 0.064665
3 0.112009 0.511932 0.062356 0.092379
5 0.255196 0.566205 0.076212 0.048499
9 0.198614 0.395304 0.087760 0.066975
14 0.264553 0.571890 0.048854 0.025759
17 0.188607 0.521259 0.152780 0.148339
0 0.370551 0.500385 0.150115 0.207852
1 0.379878 0.446201 0.103038 0.103038
3 0.355895 0.507935 0.058625 0.059513
4 0.381655 0.554569 0.056848 0.028424
5 0.418024 0.587039 0.058724 0.029214
2 0.338130 0.531030 0.065731 0.112809
9 0.386096 0.426215 0.083496 0.054184
12 0.401196 0.465299 0.031977 0.018653
13 0.415902 0.589902 0.047374 0.026648
17 0.338919 0.528316 0.060401 0.098893
0 0.482620 0.518051 0.113697 0.175875
1 0.503050 0.474823 0.066915 0.072837
2 0.483508 0.562464 0.109552 0.082312
9 0.504826 0.459130 0.066915 0.034346
11 0.494167 0.484298 0.037307 0.011251
17 0.484396 0.565129 0.103038 0.071061
0 0.590109 0.487908 0.265987 0.237318
1 0.602453 0.409466 0.109102 0.074062
2 0.625946 0.522551 0.135383 0.153699
3 0.543920 0.480741 0.060524 0.060524
4 0.506490 0.542858 0.049375 0.060524
5 0.484988 0.601391 0.050968 0.050171
9 0.607231 0.400308 0.091582 0.049375
12 0.577765 0.426190 0.024687 0.021502
14 0.488572 0.603780 0.039022 0.034244
17 0.625149 0.523745 0.135383 0.143346
3 0.699212 0.501049 0.043004 0.059728