9 0.499881 0.079635 0.206395 0.082916
11 0.529110 0.138392 0.157480 0.028633
1 0.508232 0.120198 0.232641 0.172393
17 0.553567 0.357612 0.245765 0.286924
2 0.552971 0.357015 0.269625 0.303627
3 0.368945 0.320329 0.116321 0.170604
3 0.665414 0.295574 0.059055 0.134216
4 0.685099 0.420544 0.060248 0.103794
4 0.410702 0.466774 0.130637 0.122286
13 0.460511 0.564304 0.104987 0.062038
13 0.690468 0.511513 0.049511 0.065020
5 0.694643 0.510618 0.062634 0.079933
5 0.462598 0.564603 0.109162 0.080530
6 0.600095 0.580410 0.126461 0.136006
6 0.470353 0.584884 0.113935 0.148533
7 0.455142 0.723276 0.112145 0.118707
7 0.586077 0.693450 0.121093 0.090074
15 0.623956 0.731031 0.199236 0.141374
15 0.484073 0.776963 0.161656 0.154498
8 0.493319 0.813350 0.172990 0.088881
8 0.637676 0.762944 0.219518 0.099022
0 0.534777 0.453412 0.528871 0.883202