9 0.510499 0.161089 0.232283 0.080709
11 0.464567 0.209646 0.091864 0.021654
1 0.516732 0.192585 0.253937 0.159449
17 0.534230 0.411199 0.248250 0.253718
2 0.532590 0.413933 0.288714 0.272310
3 0.599300 0.372922 0.131234 0.161855
4 0.579615 0.510171 0.120297 0.106080
13 0.532590 0.584536 0.096238 0.060149
5 0.536964 0.586724 0.122485 0.068898
6 0.557196 0.611877 0.125766 0.141076
6 0.452756 0.616798 0.091864 0.131234
7 0.574694 0.748578 0.099519 0.112642
7 0.491579 0.731627 0.066710 0.085302
15 0.533136 0.809274 0.195757 0.129046
15 0.458224 0.745844 0.135608 0.122485
8 0.534777 0.833880 0.185914 0.071085
8 0.463692 0.780293 0.142170 0.066710
0 0.523622 0.483596 0.427822 0.841207