0 0.661663 0.565873 0.237875 0.537443
1 0.667436 0.359507 0.087760 0.110855
2 0.678506 0.513658 0.170423 0.199092
3 0.605240 0.451143 0.049375 0.064506
4 0.740225 0.510074 0.039022 0.043800
5 0.676117 0.512861 0.071673 0.043004
5 0.595285 0.517241 0.048578 0.045393
6 0.630724 0.694433 0.052560 0.154496
6 0.719917 0.689257 0.071673 0.140957
7 0.633909 0.804332 0.062117 0.049375
7 0.740623 0.798758 0.050968 0.062117
9 0.667888 0.334873 0.068488 0.050171
12 0.674259 0.369117 0.054153 0.013538
14 0.679037 0.512065 0.062117 0.031855
14 0.600196 0.517640 0.041411 0.033447
17 0.678639 0.513260 0.145735 0.182368
0 0.823011 0.529778 0.348520 0.596263
1 0.725383 0.288334 0.123872 0.121772
2 0.835016 0.430011 0.128986 0.245563
3 0.824060 0.358668 0.065085 0.128071
4 0.751627 0.432151 0.050388 0.077682
5 0.676785 0.465137 0.081262 0.072272
6 0.904892 0.615858 0.109175 0.155364
7 0.938484 0.762825 0.083981 0.088180
9 0.731184 0.273879 0.112809 0.083496
14 0.675668 0.465743 0.058625 0.049742
12 0.731628 0.325398 0.031977 0.017765
17 0.824007 0.405786 0.135015 0.203411