18 0.478533 0.602362 0.221978 0.501312
2 0.479447 0.604987 0.242075 0.535433
3 0.664428 0.493438 0.133369 0.280840
3 0.313192 0.519029 0.119667 0.300525
4 0.809216 0.693570 0.179957 0.213911
4 0.196722 0.661417 0.177217 0.141732
14 0.057415 0.685696 0.086781 0.082677
14 0.942129 0.797900 0.089522 0.123360
5 0.943956 0.797900 0.109619 0.157480
5 0.059242 0.685696 0.103224 0.106299
12 0.470768 0.162730 0.126061 0.047244
10 0.471225 0.078740 0.145245 0.131234
10 0.469855 0.166667 0.199141 0.312336
0 0.505185 0.494751 0.989630 0.989501