12 0.094488 0.198819 0.131890 0.045932
11 0.338091 0.270997 0.089567 0.030184
11 0.574311 0.207349 0.113189 0.039370
11 0.704232 0.181102 0.113189 0.070866
10 0.741634 0.071522 0.209646 0.137795
10 0.578248 0.132546 0.146654 0.112861
10 0.333661 0.221129 0.100394 0.059055
10 0.075787 0.126640 0.151574 0.072178
1 0.091043 0.224409 0.180118 0.299213
1 0.335630 0.261155 0.133858 0.173228
1 0.567421 0.191601 0.172244 0.288714
1 0.752953 0.194882 0.250000 0.389764
3 0.814469 0.543963 0.119094 0.439633
3 0.690945 0.404856 0.102362 0.219160
3 0.453248 0.438976 0.056102 0.150919
3 0.241634 0.495407 0.058071 0.179790
3 0.029035 0.562336 0.058070 0.290026
18 0.098425 0.649606 0.196850 0.593176
18 0.343996 0.556430 0.170276 0.396325
18 0.552657 0.557743 0.187992 0.472441
18 0.777559 0.625328 0.236220 0.696850
2 0.772146 0.622047 0.300197 0.755906
2 0.553150 0.567585 0.202756 0.520997
2 0.337106 0.555118 0.180118 0.438320
2 0.103839 0.646982 0.207677 0.643045
14 0.287402 0.659449 0.039370 0.069554
14 0.494094 0.580052 0.062992 0.073491
14 0.584646 0.635827 0.088583 0.108924
14 0.567421 0.593176 0.079724 0.065617
14 0.446850 0.555118 0.064961 0.060367
5 0.446358 0.551837 0.083661 0.077428
5 0.497539 0.578084 0.075787 0.085302
5 0.565453 0.589895 0.095472 0.087927
5 0.580217 0.637139 0.103346 0.129921
5 0.287894 0.657480 0.060039 0.094488
6 0.393701 0.865486 0.088583 0.185039
6 0.295768 0.888451 0.077756 0.202100
6 0.587598 0.903543 0.078740 0.164042
6 0.537402 0.911417 0.047244 0.164042
0 0.555118 0.509186 0.222441 0.981627
0 0.781004 0.500000 0.351378 1.000000
0 0.345472 0.543963 0.273622 0.912073
0 0.114173 0.505249 0.228346 0.989501