7 0.690689 0.826115 0.091178 0.229659
7 0.531863 0.734908 0.048040 0.186352
7 0.450980 0.807087 0.084315 0.139108
7 0.320095 0.748688 0.048040 0.114173
6 0.666179 0.602362 0.077452 0.212598
6 0.565687 0.564304 0.054903 0.165354
6 0.413724 0.673228 0.054903 0.091864
6 0.333821 0.650919 0.053922 0.062992
18 0.597551 0.349738 0.224513 0.248031
2 0.596570 0.349738 0.253925 0.255906
18 0.364704 0.489501 0.115688 0.215223
2 0.364214 0.488189 0.146081 0.246719
3 0.611766 0.313648 0.105884 0.223097
3 0.477941 0.301837 0.050001 0.144357
3 0.408822 0.406824 0.096080 0.049869
3 0.248526 0.360892 0.048040 0.049869
10 0.500980 0.109580 0.123531 0.101050
11 0.491176 0.196850 0.080393 0.026247
9 0.305879 0.328084 0.101962 0.144357
1 0.298526 0.345801 0.134316 0.208661
1 0.508333 0.140420 0.169610 0.223097
14 0.435293 0.483596 0.068629 0.059055
14 0.391175 0.484252 0.052942 0.052493
14 0.219113 0.370079 0.038236 0.070866
5 0.219604 0.368766 0.052942 0.091864
5 0.437254 0.485564 0.080393 0.081365
5 0.388724 0.483596 0.065687 0.066929
0 0.625982 0.508530 0.448046 0.982940
0 0.348527 0.584646 0.338240 0.765092