10 0.440126 0.074803 0.222388 0.081365
12 0.456283 0.138451 0.201480 0.040682
1 0.448680 0.141732 0.296517 0.236220
18 0.473389 0.423228 0.406761 0.337270
2 0.475290 0.420604 0.433372 0.374016
3 0.770857 0.363517 0.207182 0.251969
3 0.198731 0.383202 0.146358 0.228346
4 0.762304 0.559055 0.205281 0.131234
4 0.244349 0.555118 0.237594 0.115486
14 0.406863 0.619423 0.125450 0.062992
14 0.613095 0.609580 0.142556 0.053806
5 0.617847 0.614829 0.155862 0.066929
5 0.409714 0.619423 0.157762 0.073491
0 0.513305 0.383202 0.832530 0.737533