0 0.490157 0.710630 0.230315 0.578740
10 0.473425 0.458005 0.074803 0.049869
11 0.482283 0.484252 0.055118 0.023622
1 0.482776 0.482940 0.087598 0.099738
3 0.543307 0.631234 0.035433 0.139108
3 0.405020 0.637139 0.036417 0.127297
4 0.546260 0.755249 0.043307 0.093176
4 0.405020 0.755249 0.044291 0.085302
14 0.557087 0.817585 0.029528 0.052493
14 0.404035 0.835958 0.028543 0.062992
5 0.406496 0.833333 0.043307 0.068241
5 0.557087 0.817585 0.047244 0.070866
18 0.479331 0.695538 0.108268 0.270341
2 0.479823 0.702756 0.117126 0.303150
6 0.517717 0.922572 0.082677 0.123360
6 0.443406 0.921260 0.063976 0.123360