9 0.518810 0.198600 0.134733 0.048994
11 0.522747 0.233158 0.125109 0.016623
1 0.513998 0.224847 0.140857 0.108486
17 0.509624 0.372266 0.228346 0.186352
2 0.510936 0.367454 0.237970 0.211724
3 0.625547 0.339458 0.041995 0.094488
4 0.651356 0.419948 0.051619 0.073491
13 0.657043 0.488189 0.047244 0.047244
5 0.662730 0.486877 0.058618 0.051619
5 0.398513 0.503062 0.072616 0.055993
13 0.399388 0.503937 0.055118 0.043745
4 0.386702 0.425634 0.054243 0.088364
3 0.386702 0.336395 0.066492 0.081365
6 0.478128 0.526684 0.083115 0.090989
6 0.580490 0.522310 0.102362 0.094488
7 0.475503 0.618548 0.084864 0.083990
7 0.587052 0.615923 0.083990 0.085739
15 0.587927 0.664042 0.087489 0.110236
15 0.476815 0.658355 0.076990 0.123360
8 0.588801 0.678915 0.106737 0.092738
8 0.476378 0.688539 0.072616 0.082240
0 0.498250 0.436570 0.392826 0.640420