11 0.677657 0.162073 0.154528 0.059055
3 0.846457 0.507218 0.104331 0.358268
3 0.516240 0.474409 0.105315 0.334646
10 0.669291 0.076772 0.155512 0.098425
1 0.674705 0.152231 0.180118 0.280840
18 0.667323 0.610892 0.328740 0.631234
2 0.661417 0.616798 0.352362 0.677165
14 0.662894 0.744094 0.105315 0.086614
14 0.449803 0.796588 0.094488 0.110236
5 0.446358 0.795276 0.119094 0.133858
5 0.662402 0.747375 0.125984 0.106299
4 0.810531 0.698819 0.207677 0.132546
4 0.480315 0.680446 0.072835 0.135171
0 0.668799 0.501969 0.579724 0.996062