0 0.185674 0.620441 0.155064 0.419004
1 0.192822 0.459328 0.081381 0.083581
9 0.190073 0.442282 0.056087 0.042890
3 0.137285 0.558855 0.040691 0.091279
3 0.243411 0.553906 0.032992 0.083581
4 0.133436 0.623190 0.032992 0.032992
4 0.249459 0.620991 0.023095 0.046189
5 0.141134 0.671029 0.043990 0.049489
5 0.242311 0.673229 0.035192 0.049489
6 0.166428 0.708420 0.037391 0.086880
6 0.222515 0.706771 0.050588 0.085780
7 0.175226 0.794201 0.050588 0.064885
7 0.240111 0.794201 0.041790 0.067085
12 0.192822 0.468676 0.041790 0.016496
14 0.139277 0.672076 0.030996 0.037073
14 0.239861 0.675114 0.029172 0.044366
2 0.185054 0.577258 0.145674 0.144864
17 0.187718 0.575443 0.115473 0.134127
0 0.395040 0.600009 0.162448 0.451026
1 0.381742 0.420686 0.081511 0.081511
2 0.389893 0.561291 0.135851 0.177965
6 0.369515 0.705973 0.046189 0.089662
6 0.417742 0.703256 0.033963 0.086945
7 0.376308 0.788842 0.038038 0.051623
7 0.423855 0.792238 0.029887 0.055699
3 0.452399 0.522197 0.032333 0.092379
3 0.336156 0.527970 0.032333 0.070054
9 0.383885 0.404799 0.066205 0.040801
12 0.384270 0.430973 0.045420 0.010008
17 0.388119 0.559148 0.116243 0.169361
0 0.596815 0.601272 0.160447 0.449739
1 0.596815 0.418946 0.085086 0.080224
2 0.591346 0.548398 0.147077 0.168956
3 0.534824 0.514363 0.041327 0.093594
3 0.655160 0.527126 0.034034 0.104534
6 0.557311 0.708845 0.054698 0.142215
6 0.621733 0.706414 0.054698 0.132491
7 0.562173 0.805073 0.047405 0.034034
7 0.624164 0.802642 0.040112 0.034034
9 0.598877 0.399402 0.074718 0.029887
11 0.599556 0.423855 0.046189 0.016302
17 0.595481 0.550876 0.127700 0.161663
0 0.831781 0.612688 0.176563 0.437441
1 0.808541 0.442195 0.072001 0.088303
2 0.806824 0.576374 0.119198 0.180288
3 0.855993 0.536889 0.032780 0.077479
4 0.864933 0.592764 0.041719 0.029800
5 0.892498 0.640071 0.040229 0.052894
6 0.772555 0.710100 0.038739 0.079714
6 0.827311 0.708982 0.043954 0.077479
7 0.761007 0.786834 0.029055 0.064814
7 0.827684 0.790186 0.041719 0.070029
9 0.813157 0.421788 0.061834 0.043954
12 0.809432 0.446373 0.040974 0.015645
14 0.889145 0.638953 0.035015 0.047679
17 0.800119 0.576374 0.108769 0.169858