7 0.470690 0.570690 0.451724 0.851724
1 0.526724 0.281897 0.150000 0.267241
10 0.525000 0.222414 0.129310 0.117241
11 0.525000 0.289655 0.091379 0.041379
2 0.505172 0.604310 0.206897 0.450000
17 0.500000 0.601724 0.168966 0.396552
3 0.606034 0.511207 0.063793 0.208621
3 0.395690 0.487069 0.063793 0.129310
4 0.357759 0.606034 0.101724 0.112069
4 0.631034 0.693966 0.055172 0.170690
5 0.647414 0.830172 0.060345 0.087931
5 0.297414 0.714655 0.084483 0.098276
14 0.645690 0.828448 0.050000 0.081034
14 0.295690 0.709483 0.067241 0.081034
6 0.424138 0.911207 0.096552 0.177586
6 0.513793 0.907759 0.093103 0.184482
9 0.629310 0.909483 0.124138 0.177586