0 0.289138 0.500000 0.484483 0.365517
0 0.534828 0.511207 0.268966 0.343103
1 0.390862 0.409483 0.122414 0.170690
1 0.584828 0.431897 0.117241 0.136207
9 0.393448 0.383621 0.093103 0.112069
9 0.581379 0.423276 0.086207 0.105172
2 0.199483 0.530172 0.246552 0.222414
2 0.534828 0.541379 0.144828 0.155172
17 0.208965 0.530172 0.224138 0.198276
17 0.528793 0.530172 0.098276 0.163793
3 0.312414 0.518103 0.137931 0.125862
3 0.617586 0.518966 0.034483 0.068966
4 0.445172 0.593966 0.141379 0.043103
4 0.623621 0.578448 0.032759 0.067241
5 0.536552 0.603448 0.037931 0.055172
5 0.635690 0.637931 0.056897 0.055172
13 0.531379 0.601724 0.055172 0.051724
13 0.635690 0.641379 0.053448 0.062069