0 0.563867 0.600394 0.740157 0.799212
11 0.545494 0.311680 0.150481 0.048556
10 0.551619 0.265092 0.148731 0.041995
1 0.565617 0.307743 0.208224 0.143045
14 0.345144 0.481627 0.085739 0.065617
14 0.382765 0.545276 0.097988 0.048556
14 0.854331 0.679134 0.061242 0.072178
5 0.860455 0.683727 0.090989 0.091864
5 0.388889 0.542651 0.127734 0.061680
5 0.341645 0.477034 0.106737 0.080052
4 0.493001 0.512467 0.202975 0.103675
4 0.807087 0.577428 0.134733 0.120735
3 0.635608 0.468504 0.148731 0.181102
3 0.770341 0.488189 0.047244 0.044619
18 0.616360 0.542651 0.271216 0.321522
2 0.618985 0.542651 0.311461 0.339895
6 0.608486 0.819554 0.181977 0.195538
6 0.730971 0.808399 0.076990 0.186352
7 0.744094 0.950131 0.089239 0.091864
7 0.606737 0.961286 0.209974 0.077428