0 0.503793 0.512069 0.441379 0.975862
1 0.565000 0.128448 0.291379 0.212069
9 0.572759 0.081034 0.275862 0.110345
11 0.626207 0.162931 0.134483 0.043103
2 0.502069 0.410345 0.375862 0.372414
17 0.497759 0.406034 0.336207 0.329310
3 0.408965 0.353448 0.179310 0.182759
4 0.415000 0.537069 0.108621 0.181034
5 0.435690 0.663793 0.098276 0.072414
5 0.660690 0.571552 0.051724 0.084483
13 0.433965 0.658621 0.084483 0.089655
13 0.663276 0.568966 0.046552 0.072414
6 0.419310 0.658621 0.162069 0.162069
6 0.546034 0.662931 0.122414 0.139655
7 0.376207 0.806034 0.158621 0.153448
7 0.486552 0.782759 0.075862 0.117241
8 0.515000 0.876724 0.143103 0.094828
8 0.429655 0.935345 0.258621 0.115517
15 0.421034 0.889655 0.251724 0.210345
15 0.514138 0.844828 0.131034 0.151724