0 0.358103 0.718103 0.118966 0.115517
0 0.506379 0.462069 0.156897 0.162069
0 0.448621 0.595690 0.158621 0.129310
0 0.555517 0.650000 0.124138 0.272414
0 0.663276 0.586207 0.156897 0.234483
1 0.679655 0.580172 0.089655 0.084483
1 0.483103 0.442241 0.082759 0.084483
1 0.555517 0.648276 0.075862 0.089655
1 0.430517 0.603448 0.074138 0.068966
1 0.342586 0.717241 0.063793 0.068966
9 0.476207 0.443966 0.072414 0.074138
9 0.679655 0.581897 0.082759 0.077586
9 0.557241 0.648276 0.058621 0.086207
9 0.428793 0.601724 0.067241 0.068966
9 0.345172 0.718103 0.055172 0.060345
2 0.677069 0.605172 0.081034 0.179310
2 0.562414 0.723276 0.117241 0.129310
2 0.513276 0.481897 0.060345 0.084483
2 0.438276 0.635345 0.106897 0.060345
18 0.557241 0.710345 0.113793 0.137931
18 0.678793 0.617241 0.091379 0.186207
5 0.508965 0.529310 0.044828 0.065517
13 0.513276 0.536207 0.036207 0.072414