0 0.523095 0.465358 0.639723 0.898383
1 0.367206 0.125866 0.203233 0.173210
2 0.459584 0.346420 0.443418 0.346420
3 0.607390 0.237875 0.143187 0.147806
4 0.660508 0.364896 0.106236 0.083141
3 0.282910 0.367206 0.150115 0.175520
4 0.337182 0.513857 0.120092 0.103926
5 0.690531 0.465358 0.101617 0.113164
5 0.409931 0.620092 0.140878 0.099307
13 0.416859 0.618938 0.113164 0.078522
13 0.705543 0.467667 0.071594 0.090069
6 0.629330 0.568129 0.131640 0.087760
6 0.520785 0.593533 0.076212 0.138568
7 0.655889 0.651270 0.087760 0.069284
7 0.504619 0.702079 0.094688 0.069284
8 0.706697 0.741339 0.221709 0.115473
8 0.557737 0.824480 0.173210 0.170901
15 0.557737 0.824480 0.136259 0.147806
15 0.711316 0.741339 0.180139 0.101617
9 0.372503 0.084296 0.186114 0.080831
11 0.408373 0.120789 0.127571 0.069284
17 0.455112 0.341838 0.432201 0.339822