0 0.434180 0.510393 0.531178 0.822171
17 0.339492 0.193995 0.240185 0.180139
2 0.349885 0.436490 0.302540 0.304850
3 0.248268 0.381062 0.150115 0.166282
3 0.483834 0.334873 0.117783 0.101617
4 0.280600 0.510393 0.131640 0.087760
4 0.546189 0.428406 0.076212 0.066975
5 0.398383 0.593533 0.150115 0.101617
5 0.612009 0.495381 0.073903 0.099307
13 0.399538 0.588915 0.138568 0.078522
13 0.612009 0.497691 0.055427 0.080831
6 0.526559 0.580831 0.032333 0.131640
6 0.405312 0.670901 0.103926 0.053118
7 0.405312 0.735566 0.108545 0.066975
7 0.494226 0.666282 0.041570 0.062356
8 0.427252 0.844111 0.184758 0.145497
8 0.569284 0.774827 0.219400 0.140878
15 0.424942 0.842956 0.161663 0.138568
15 0.566975 0.773672 0.210162 0.124711
9 0.337182 0.145497 0.207852 0.083141
11 0.359122 0.185912 0.168591 0.057737
17 0.367206 0.436490 0.295612 0.290993