0 0.437644 0.569284 0.371824 0.478060
1 0.476905 0.435335 0.191686 0.200924
2 0.450346 0.667436 0.314088 0.277136
3 0.332564 0.579677 0.124711 0.120092
4 0.317552 0.676674 0.099307 0.064665
5 0.309469 0.762125 0.101617 0.092379
3 0.583141 0.658199 0.053118 0.175520
9 0.472286 0.393764 0.159353 0.108545
12 0.503464 0.456120 0.078522 0.034642
14 0.331409 0.759815 0.117783 0.073903
17 0.459584 0.653580 0.258661 0.258661
0 0.712471 0.564665 0.371824 0.482679
1 0.765589 0.434180 0.205543 0.198614
2 0.785219 0.670901 0.217090 0.251732
3 0.845266 0.677829 0.069284 0.200924
4 0.760970 0.770208 0.099307 0.043880
5 0.605081 0.752887 0.133949 0.078522
9 0.757506 0.416859 0.170901 0.159353
12 0.695150 0.444573 0.055427 0.034642
14 0.601617 0.754042 0.108545 0.053118
18 0.766744 0.663972 0.170901 0.237875