0 0.508083 0.540416 0.226328 0.919168
1 0.498845 0.195535 0.120092 0.207852
2 0.496536 0.468052 0.138568 0.346420
3 0.505774 0.410316 0.078522 0.175520
4 0.531178 0.553503 0.060046 0.092379
5 0.564665 0.652810 0.062356 0.087760
6 0.523095 0.723249 0.071594 0.150115
6 0.468822 0.709392 0.046189 0.117783
7 0.521940 0.857198 0.060046 0.103926
7 0.460739 0.807544 0.043880 0.055427
8 0.529375 0.955350 0.109842 0.083141
8 0.457275 0.867590 0.050808 0.055427
9 0.498845 0.157429 0.101617 0.103926
11 0.516166 0.232487 0.090069 0.046189
13 0.558932 0.648880 0.037681 0.074146
15 0.524290 0.961874 0.089948 0.055913
15 0.458045 0.869495 0.042543 0.046189
17 0.493902 0.462907 0.106965 0.317248