9 0.524548 0.154006 0.221553 0.071792
11 0.482862 0.203412 0.084144 0.019299
1 0.524548 0.179095 0.213834 0.148217
17 0.540374 0.402192 0.251660 0.265555
2 0.541146 0.402578 0.279450 0.280222
3 0.616026 0.361278 0.103443 0.148217
4 0.574340 0.490582 0.129690 0.108847
13 0.527636 0.577042 0.093407 0.059441
5 0.529566 0.577042 0.111163 0.068705
6 0.569322 0.606762 0.121198 0.137409
6 0.466265 0.603675 0.078740 0.115794
7 0.583604 0.744558 0.098811 0.132006
15 0.543075 0.797823 0.190675 0.128918
15 0.470125 0.731820 0.132778 0.128146
8 0.468967 0.765401 0.139725 0.056353
8 0.543461 0.826772 0.214606 0.060213
0 0.536089 0.490157 0.363517 0.817585