0 0.709483 0.524138 0.532759 0.951724
1 0.713793 0.172414 0.189655 0.206897
9 0.574138 0.502586 0.224138 0.160345
10 0.706034 0.110345 0.167241 0.072414
12 0.689655 0.164655 0.117241 0.039655
2 0.696552 0.485345 0.317241 0.432759
17 0.685345 0.491379 0.305172 0.437931
3 0.492241 0.383621 0.101724 0.146552
3 0.879310 0.400862 0.072414 0.167241
4 0.843103 0.507759 0.189655 0.046552
5 0.718103 0.500000 0.067241 0.065517
14 0.723276 0.500000 0.070690 0.062069
6 0.575862 0.794828 0.134483 0.231034
6 0.726724 0.807759 0.139655 0.215517
7 0.555172 0.959483 0.110345 0.081034
7 0.707759 0.959483 0.108621 0.081034