0 0.533102 0.586605 0.339492 0.808314
1 0.540031 0.266744 0.131640 0.154734
2 0.518091 0.483834 0.170901 0.279446
3 0.604696 0.408776 0.066975 0.101617
3 0.453426 0.389145 0.050808 0.080831
4 0.665897 0.445727 0.036952 0.101617
4 0.397998 0.398383 0.027714 0.080831
5 0.658968 0.329099 0.060046 0.131640
5 0.429176 0.289838 0.062356 0.113164
6 0.538876 0.722864 0.078522 0.175520
6 0.444188 0.715935 0.073903 0.157044
7 0.492687 0.854503 0.050808 0.087760
7 0.426867 0.845266 0.062356 0.078522
8 0.497306 0.942263 0.083141 0.078522
8 0.404927 0.926097 0.069284 0.083141
9 0.559871 0.218233 0.081181 0.053888
11 0.554972 0.264772 0.065785 0.036392
13 0.431101 0.294866 0.054587 0.099377
13 0.659248 0.337906 0.054587 0.112674
17 0.531178 0.474374 0.156764 0.266639
15 0.406257 0.928570 0.059486 0.073483
15 0.490937 0.942916 0.065085 0.068584