0 0.555042 0.433025 0.540416 0.847575
1 0.535412 0.108545 0.228637 0.184758
2 0.549269 0.352194 0.454965 0.321016
3 0.363356 0.301386 0.115473 0.159353
4 0.377213 0.437644 0.087760 0.085450
3 0.759430 0.265589 0.099307 0.147806
4 0.764049 0.394919 0.076212 0.092379
5 0.389915 0.531178 0.103926 0.101617
5 0.755966 0.489607 0.087760 0.087760
6 0.660123 0.564665 0.113164 0.108545
6 0.513472 0.575058 0.124711 0.106236
7 0.698229 0.640878 0.115473 0.030023
7 0.513472 0.657044 0.110855 0.030023
8 0.716705 0.736721 0.138568 0.138568
8 0.500770 0.758661 0.163972 0.150115
15 0.518091 0.762125 0.110855 0.124711
15 0.717860 0.740185 0.117783 0.127021
13 0.389915 0.532333 0.085450 0.080831
13 0.758276 0.494226 0.064665 0.060046
9 0.527329 0.065820 0.193995 0.076212
11 0.521555 0.123557 0.173210 0.048499
17 0.559661 0.348730 0.392610 0.290993