9 0.608361 0.145607 0.205599 0.077490
11 0.582740 0.200600 0.141857 0.027497
1 0.606487 0.182165 0.208099 0.165604
17 0.602482 0.404736 0.230255 0.266643
2 0.601885 0.406824 0.238607 0.281556
3 0.753698 0.359103 0.098425 0.156287
3 0.473634 0.358805 0.031019 0.121093
4 0.464388 0.468564 0.053090 0.091267
4 0.728645 0.490038 0.109162 0.118707
13 0.673169 0.583990 0.098425 0.066810
13 0.465879 0.552076 0.051300 0.062634
5 0.464090 0.551479 0.068003 0.070985
5 0.676450 0.583691 0.115724 0.070985
6 0.666010 0.615008 0.123479 0.139585
6 0.551479 0.606955 0.117514 0.124672
7 0.678836 0.750119 0.095443 0.122286
7 0.557743 0.719697 0.113338 0.094846
15 0.648712 0.813052 0.148533 0.144357
15 0.522847 0.760260 0.173586 0.137795
8 0.520461 0.791875 0.175972 0.074565
8 0.640957 0.841685 0.130637 0.090670
0 0.608924 0.491470 0.435696 0.872703