9 0.377661 0.172062 0.094780 0.033537
11 0.372193 0.196850 0.092593 0.014582
1 0.370370 0.189195 0.097696 0.076553
2 0.379119 0.300744 0.121027 0.142170
17 0.373651 0.300744 0.096967 0.129046
3 0.453485 0.277413 0.039370 0.073637
4 0.456401 0.347040 0.049577 0.053952
5 0.445465 0.399533 0.058326 0.040828
13 0.445830 0.399169 0.048848 0.032808
4 0.309493 0.336104 0.029892 0.059784
13 0.302202 0.382765 0.035725 0.037912
5 0.296005 0.381671 0.039370 0.044474
6 0.348134 0.407918 0.054681 0.072178
6 0.413386 0.409376 0.068533 0.067804
7 0.346675 0.474993 0.069262 0.057597
7 0.442913 0.478274 0.108632 0.061242
15 0.438174 0.516550 0.110819 0.059055
15 0.322980 0.505614 0.097696 0.075095