0 0.505389 0.475751 0.579677 0.946882
1 0.603541 0.101617 0.309469 0.184758
2 0.545804 0.340647 0.351039 0.408776
3 0.403772 0.251732 0.159353 0.203233
4 0.394534 0.415704 0.076212 0.115473
3 0.715935 0.303745 0.062255 0.179737
4 0.711919 0.452857 0.044181 0.096395
5 0.445448 0.551823 0.149066 0.119672
5 0.697390 0.563370 0.102876 0.109175
13 0.431801 0.557072 0.109175 0.113374
13 0.688992 0.557072 0.069284 0.079782
6 0.599762 0.607460 0.100777 0.104976
7 0.384562 0.662048 0.119672 0.104976
7 0.545175 0.696690 0.100777 0.073483
8 0.567220 0.822661 0.228847 0.182658
8 0.389810 0.825810 0.188957 0.188957
15 0.397159 0.834208 0.149066 0.138568
15 0.559871 0.815312 0.184758 0.159563
9 0.642802 0.034642 0.262440 0.056687
11 0.662748 0.097628 0.172160 0.039891
17 0.571419 0.326475 0.325425 0.375814