4 0.557305 0.560367 0.063867 0.175853
4 0.250219 0.251969 0.046369 0.186352
14 0.239720 0.393045 0.034121 0.085302
14 0.594926 0.673885 0.083115 0.045932
5 0.597113 0.676509 0.099738 0.059055
5 0.239720 0.397638 0.048119 0.107612
3 0.313648 0.169948 0.125984 0.129921
3 0.538933 0.379265 0.084864 0.183727
18 0.398950 0.290026 0.182852 0.338583
2 0.398950 0.288058 0.196850 0.371391
12 0.503062 0.137139 0.069116 0.043307
10 0.492126 0.073491 0.089239 0.073491
1 0.498688 0.139108 0.126859 0.236220
6 0.258968 0.525591 0.170604 0.229659
6 0.413823 0.569554 0.137358 0.223097
7 0.378828 0.639108 0.126859 0.083990
7 0.170604 0.738845 0.123360 0.202100
15 0.101487 0.911417 0.070866 0.080052
15 0.286089 0.669291 0.041120 0.173228
8 0.286089 0.668635 0.053368 0.187664
8 0.102362 0.914698 0.090114 0.094488
0 0.375328 0.497375 0.658793 0.981627