11 0.394987 0.274934 0.187054 0.045932
10 0.390065 0.211942 0.223152 0.077428
1 0.387604 0.284777 0.264172 0.265092
14 0.777299 0.260499 0.173927 0.145669
5 0.783862 0.263123 0.216588 0.174541
14 0.155428 0.813648 0.114857 0.091864
5 0.161991 0.817585 0.160800 0.115486
4 0.796168 0.421916 0.113217 0.185039
4 0.117689 0.679790 0.164082 0.186352
3 0.121791 0.494094 0.172286 0.185039
3 0.660800 0.459318 0.196898 0.149606
18 0.381861 0.652887 0.380670 0.497375
2 0.380220 0.652887 0.393797 0.531496
6 0.283412 0.957349 0.229715 0.082677
6 0.500820 0.954724 0.191976 0.085302
0 0.456518 0.531496 0.884402 0.934383