0 0.451501 0.541955 0.353349 0.771363
1 0.435335 0.264819 0.140878 0.217090
2 0.443418 0.604311 0.254042 0.448037
3 0.334873 0.522325 0.083141 0.205543
4 0.316397 0.692071 0.073903 0.120092
5 0.333718 0.816782 0.076212 0.120092
6 0.493072 0.871055 0.113164 0.085450
6 0.389145 0.874519 0.066975 0.069284
4 0.587760 0.446112 0.062356 0.076212
5 0.507361 0.413780 0.090935 0.108545
14 0.508805 0.412818 0.079388 0.070727
5 0.337038 0.808314 0.063510 0.089492
9 0.430860 0.195222 0.118360 0.077223
12 0.437717 0.256568 0.068562 0.026703
17 0.443851 0.599018 0.200635 0.422921