0 0.488276 0.428448 0.382759 0.608621
1 0.498621 0.201724 0.155172 0.131034
9 0.491724 0.174138 0.120690 0.065517
11 0.490000 0.203448 0.082759 0.020690
2 0.500345 0.356034 0.237931 0.208621
17 0.492586 0.357759 0.198276 0.181034
3 0.615000 0.319828 0.039655 0.105172
3 0.364138 0.332759 0.044828 0.089655
4 0.369310 0.417241 0.048276 0.089655
4 0.625345 0.407759 0.043103 0.067241
5 0.621897 0.468103 0.053448 0.056897
5 0.371034 0.478448 0.072414 0.046552
13 0.374483 0.473276 0.055172 0.050000
13 0.622759 0.466379 0.058621 0.046552
8 0.423621 0.676724 0.060345 0.043103
8 0.572759 0.666379 0.065517 0.046552
15 0.566724 0.639655 0.084483 0.106897
15 0.422759 0.642241 0.065517 0.112069
6 0.435690 0.516379 0.101724 0.122414
6 0.552931 0.512931 0.094828 0.115517
7 0.550345 0.605172 0.062069 0.075862
7 0.431379 0.614655 0.068966 0.081034