0 0.411855 0.483834 0.618938 0.935335
1 0.538876 0.103926 0.263279 0.180139
2 0.481139 0.334873 0.434180 0.267898
3 0.306774 0.241339 0.103926 0.187067
3 0.641647 0.340647 0.140878 0.173210
4 0.259815 0.376513 0.106026 0.069284
4 0.597313 0.488313 0.128071 0.106026
5 0.511232 0.604836 0.096578 0.118623
5 0.221499 0.472566 0.079782 0.112324
13 0.222549 0.468367 0.073483 0.089229
13 0.514907 0.606411 0.076632 0.090279
6 0.421478 0.606411 0.089229 0.136469
6 0.312303 0.548149 0.110225 0.095528
7 0.431976 0.717685 0.093429 0.075583
7 0.283960 0.642627 0.097628 0.080831
8 0.388411 0.838057 0.195255 0.155364
8 0.224648 0.736756 0.233046 0.152215
15 0.214151 0.733081 0.207852 0.132270
15 0.387361 0.837007 0.178459 0.140668
9 0.554273 0.068759 0.203653 0.112324
11 0.510708 0.101827 0.145916 0.079782
17 0.462944 0.319651 0.365316 0.324375