9 0.549869 0.139108 0.188976 0.081365
11 0.528215 0.195538 0.140420 0.031496
1 0.548556 0.164698 0.186352 0.156168
17 0.543307 0.390420 0.228346 0.271654
2 0.541339 0.386483 0.245407 0.295276
3 0.701444 0.349738 0.093176 0.143045
3 0.410105 0.331365 0.040682 0.129921
4 0.401575 0.451444 0.052493 0.104987
4 0.688320 0.475722 0.093176 0.114173
13 0.641732 0.570866 0.089239 0.070866
13 0.406168 0.540026 0.059055 0.066929
5 0.642388 0.570866 0.103675 0.081365
5 0.405512 0.541995 0.086614 0.083990
6 0.608268 0.587927 0.122047 0.120735
6 0.488189 0.589895 0.118110 0.119423
7 0.616142 0.712598 0.103675 0.131234
7 0.498688 0.689633 0.099738 0.087927
15 0.459974 0.743438 0.164042 0.140420
15 0.609580 0.784121 0.127297 0.158793
8 0.595801 0.813648 0.115486 0.081365
8 0.456693 0.778871 0.173228 0.077428
0 0.556430 0.479659 0.435696 0.854331