0 0.542725 0.491147 0.535797 0.919169
1 0.461894 0.186297 0.263279 0.198614
2 0.520785 0.451886 0.321016 0.314088
3 0.638568 0.338722 0.113164 0.152425
4 0.640878 0.480754 0.066975 0.094688
5 0.632794 0.604311 0.092379 0.110855
9 0.450346 0.153965 0.184758 0.115473
11 0.406467 0.230177 0.110855 0.055427
17 0.491917 0.414935 0.175520 0.304850
6 0.525404 0.659738 0.090069 0.101617
7 0.676674 0.689761 0.120092 0.069284
8 0.705543 0.834103 0.159353 0.196305
8 0.576212 0.831794 0.131640 0.173210
15 0.709007 0.822556 0.110855 0.140878
15 0.584296 0.842186 0.092379 0.115473
13 0.639723 0.600847 0.078522 0.080831