12 0.338066 0.204068 0.138300 0.059055
3 0.220336 0.492126 0.053394 0.181102
3 0.582280 0.599081 0.073527 0.402887
12 0.767410 0.305774 0.118168 0.055118
10 0.328438 0.121391 0.150555 0.085302
10 0.760845 0.190945 0.182066 0.153543
18 0.721455 0.688320 0.185567 0.604987
18 0.344631 0.624016 0.182941 0.544619
14 0.368702 0.944882 0.078779 0.097113
5 0.374392 0.943570 0.102412 0.102362
2 0.344193 0.622047 0.222331 0.559055
2 0.728020 0.681759 0.210952 0.636482
1 0.335003 0.205381 0.174188 0.276903
1 0.738962 0.273622 0.190819 0.358268
4 0.570901 0.904856 0.054270 0.185039
0 0.330188 0.526247 0.365883 0.931759
0 0.704824 0.544619 0.348376 0.910761