0 0.497691 0.558669 0.288684 0.881771
1 0.471132 0.248268 0.115473 0.214781
2 0.467667 0.478060 0.154734 0.267898
3 0.396074 0.419169 0.048499 0.127021
3 0.547344 0.397229 0.055427 0.143187
4 0.413395 0.509461 0.036952 0.030469
4 0.526559 0.501155 0.041570 0.036952
5 0.443418 0.588104 0.096998 0.117094
5 0.519630 0.588915 0.064665 0.110855
13 0.446497 0.569061 0.065638 0.071715
13 0.524290 0.571492 0.041327 0.074146
6 0.445282 0.733965 0.055913 0.168956
6 0.524290 0.725457 0.060775 0.144646
7 0.445282 0.872534 0.043758 0.096025
7 0.541307 0.839107 0.046189 0.072931
8 0.565010 0.932094 0.086301 0.105749
8 0.443459 0.961489 0.061991 0.077022
15 0.439812 0.958835 0.047405 0.066853
15 0.557109 0.930270 0.058344 0.085086
9 0.473239 0.197520 0.094810 0.110611
11 0.476885 0.274097 0.068069 0.035250
17 0.463514 0.487419 0.133706 0.311171