0 0.254310 0.399138 0.101724 0.418966
0 0.364655 0.387069 0.087931 0.363793
0 0.437931 0.399138 0.086207 0.305172
0 0.492241 0.405172 0.070690 0.272414
0 0.543966 0.381167 0.077586 0.376127
0 0.618103 0.421552 0.091379 0.377586
1 0.256897 0.231897 0.037931 0.077586
1 0.376237 0.252699 0.032234 0.059220
1 0.437331 0.280060 0.023988 0.056972
1 0.502924 0.297301 0.023238 0.044978
1 0.549400 0.233583 0.032234 0.059970
1 0.614243 0.270315 0.031484 0.067466
9 0.260420 0.214093 0.026987 0.035982
9 0.374363 0.245952 0.020990 0.041229
9 0.436582 0.276312 0.022489 0.037481
9 0.502549 0.288681 0.017991 0.030735
9 0.547151 0.224963 0.021739 0.035232
9 0.613868 0.259820 0.029235 0.037481
11 0.257046 0.236957 0.018741 0.009745
11 0.257046 0.268816 0.018741 0.016492
11 0.375487 0.282309 0.020240 0.011994
11 0.439580 0.308921 0.020990 0.014243
11 0.500675 0.321664 0.012744 0.014243
11 0.613118 0.305547 0.018741 0.010495
11 0.548276 0.268066 0.017991 0.005997
12 0.613868 0.283808 0.017241 0.010495
12 0.546027 0.248201 0.010495 0.008246
12 0.500884 0.305305 0.010610 0.008842
12 0.375553 0.265517 0.014589 0.010610
2 0.252269 0.340835 0.061706 0.148820
2 0.368875 0.345372 0.051724 0.137931
2 0.435572 0.355808 0.034483 0.113430
2 0.500000 0.376679 0.038113 0.107985
2 0.544506 0.331996 0.034566 0.116623
2 0.611615 0.379855 0.045372 0.143376
17 0.253176 0.345372 0.059891 0.147005
17 0.366606 0.347641 0.045372 0.133394
17 0.437387 0.355808 0.032668 0.115245
17 0.500907 0.375771 0.034483 0.107985
17 0.543557 0.331307 0.032668 0.115245
17 0.610254 0.384392 0.037205 0.145191
3 0.641561 0.362613 0.016334 0.083485
3 0.566243 0.318603 0.012704 0.055354
3 0.523905 0.347903 0.009786 0.043802
3 0.479637 0.356990 0.010718 0.041473
3 0.459133 0.342544 0.009786 0.054520
3 0.412302 0.342311 0.011184 0.056850
3 0.342870 0.320876 0.020503 0.066170
3 0.289981 0.320643 0.017241 0.061044
3 0.219758 0.326002 0.012116 0.055918
4 0.222321 0.376794 0.013514 0.045666
4 0.289422 0.376794 0.013514 0.051258
4 0.343010 0.372600 0.017241 0.039143
4 0.410345 0.386347 0.014911 0.034017
4 0.459273 0.386114 0.009320 0.033551
4 0.478611 0.391007 0.010718 0.024697
4 0.517521 0.389376 0.014911 0.032619
4 0.569944 0.366309 0.016309 0.038677
4 0.642498 0.425769 0.023299 0.047996
4 0.583085 0.418080 0.011650 0.054054
6 0.237533 0.459151 0.033156 0.076923
6 0.272016 0.454841 0.029178 0.077586
6 0.358223 0.437931 0.018568 0.058355
6 0.378117 0.440252 0.018568 0.051061
6 0.426857 0.437599 0.016578 0.044430
6 0.446419 0.439257 0.011936 0.047745
6 0.486870 0.454178 0.015915 0.047082
6 0.506764 0.455172 0.015915 0.037135
6 0.554509 0.435942 0.026525 0.078249
6 0.535279 0.436273 0.011936 0.085544
6 0.626857 0.481698 0.025862 0.064987
6 0.597016 0.479377 0.017905 0.068302
7 0.630504 0.548674 0.021220 0.066313
7 0.598342 0.545358 0.019231 0.058355
7 0.561538 0.509218 0.017241 0.065650
7 0.536340 0.506565 0.017241 0.057692
7 0.511804 0.493302 0.013263 0.039125
7 0.481963 0.499271 0.010610 0.041777
7 0.447480 0.488992 0.014589 0.050398
7 0.427255 0.489324 0.013926 0.053714
7 0.374536 0.496618 0.014589 0.061671
7 0.351989 0.502255 0.021220 0.063660
7 0.274735 0.533422 0.020557 0.076923
7 0.236273 0.535743 0.023210 0.074934
8 0.228647 0.584151 0.029178 0.020557
8 0.279708 0.587798 0.026525 0.026525
8 0.356631 0.549005 0.023873 0.023210
8 0.375862 0.542374 0.023873 0.025862
8 0.425265 0.526459 0.019231 0.020557
8 0.444828 0.532427 0.013263 0.027188
8 0.479642 0.528780 0.019231 0.010610
8 0.514788 0.523475 0.012599 0.018568
8 0.531366 0.545027 0.025862 0.013926
8 0.564523 0.556631 0.028515 0.023873
8 0.594695 0.589788 0.022546 0.018568
8 0.627520 0.594098 0.025862 0.023210
15 0.231300 0.580836 0.035809 0.029841
15 0.281698 0.582825 0.025199 0.037798
15 0.354310 0.543037 0.024536 0.033820
15 0.377520 0.538395 0.020557 0.032493
15 0.425597 0.524138 0.015915 0.022546
15 0.444164 0.529111 0.010610 0.028515
15 0.478647 0.525464 0.021220 0.017241
15 0.514788 0.521485 0.012599 0.021220
15 0.531698 0.543037 0.027851 0.016578
15 0.563528 0.545358 0.025199 0.031830
15 0.598011 0.579310 0.021220 0.038462
15 0.628515 0.586273 0.029178 0.037798