0 0.739138 0.613793 0.460345 0.365517
0 0.285690 0.466379 0.505172 0.591379
6 0.157241 0.681034 0.244828 0.137931
1 0.759828 0.527586 0.153448 0.179310
1 0.353793 0.275000 0.120690 0.174138
9 0.473621 0.311207 0.074138 0.122414
9 0.770172 0.488793 0.115517 0.122414
2 0.202069 0.450000 0.279310 0.282759
2 0.748621 0.679310 0.313793 0.241379
17 0.749483 0.691379 0.246552 0.189655
17 0.224483 0.469828 0.268966 0.308621
3 0.263276 0.266379 0.098276 0.136207
3 0.392586 0.442241 0.084483 0.094828
3 0.895172 0.716379 0.106897 0.139655
4 0.595172 0.733621 0.031034 0.087931
4 0.352069 0.219828 0.096552 0.084483
4 0.467586 0.456034 0.086207 0.043103
5 0.552069 0.678448 0.068966 0.060345
5 0.431379 0.261207 0.037931 0.056897
14 0.420172 0.259483 0.046552 0.074138
14 0.564138 0.680172 0.062069 0.063793