0 0.504655 0.404310 0.418966 0.670690
1 0.603793 0.151724 0.162069 0.148276
9 0.603793 0.125862 0.158621 0.096552
11 0.629655 0.162069 0.093103 0.044828
2 0.533103 0.321552 0.272414 0.294828
17 0.532241 0.315517 0.218966 0.241379
3 0.671034 0.311207 0.058621 0.108621
4 0.654655 0.421552 0.046552 0.098276
3 0.407241 0.248276 0.096552 0.110345
4 0.386552 0.362931 0.055172 0.122414
5 0.625345 0.498276 0.070690 0.065517
5 0.381379 0.454310 0.086207 0.060345
13 0.379655 0.448276 0.075862 0.068966
13 0.627069 0.496552 0.063793 0.055172
6 0.413276 0.482759 0.125862 0.093103
6 0.527069 0.493103 0.132759 0.117241
7 0.373621 0.587931 0.122414 0.117241
7 0.499483 0.596552 0.112069 0.106897
8 0.489138 0.693103 0.122414 0.089655
8 0.342586 0.681897 0.077586 0.070690
15 0.358965 0.648276 0.096552 0.144828
15 0.490862 0.662931 0.112069 0.146552