0 0.489607 0.510393 0.563510 0.928406
1 0.398383 0.155889 0.270208 0.196305
2 0.475751 0.431871 0.415704 0.277136
3 0.321016 0.378753 0.175520 0.152425
3 0.593533 0.308314 0.106236 0.131640
4 0.398383 0.535797 0.168591 0.106236
5 0.465358 0.647806 0.163972 0.122402
6 0.613439 0.635104 0.094138 0.120092
13 0.475641 0.652333 0.113274 0.089080
7 0.469042 0.761758 0.113274 0.081381
7 0.594963 0.709520 0.079182 0.023095
8 0.533377 0.887129 0.224348 0.134169
15 0.537776 0.881631 0.193555 0.118773
8 0.649951 0.795850 0.219949 0.123172
15 0.658748 0.805748 0.193555 0.085780
9 0.405257 0.109425 0.234246 0.095678
11 0.473441 0.154514 0.119872 0.071484
17 0.453554 0.410572 0.323326 0.304080