0 0.462664 0.448037 0.729792 0.872979
1 0.622017 0.120092 0.235566 0.207852
2 0.528483 0.301386 0.385681 0.293303
3 0.391070 0.207852 0.124711 0.143187
3 0.749038 0.323326 0.087760 0.152425
4 0.643957 0.382217 0.108545 0.071594
5 0.503079 0.284065 0.150115 0.129330
13 0.498460 0.286374 0.117783 0.087760
6 0.545804 0.534642 0.221709 0.145497
6 0.341416 0.503464 0.159353 0.101617
7 0.458045 0.637413 0.083141 0.060046
7 0.288299 0.603926 0.145497 0.071594
8 0.422248 0.747113 0.154734 0.191686
8 0.192456 0.737875 0.184758 0.200924
15 0.177444 0.724018 0.163972 0.159353
15 0.417629 0.750577 0.122402 0.175520
9 0.646266 0.076212 0.187067 0.110855
15 0.611624 0.143187 0.136259 0.083141
17 0.572363 0.311778 0.357968 0.323326