9 0.507801 0.073272 0.174249 0.078011
11 0.505249 0.131234 0.147273 0.026247
1 0.505978 0.104987 0.177894 0.154564
13 0.587270 0.289443 0.121756 0.069991
13 0.461140 0.273039 0.131963 0.063430
5 0.464786 0.272674 0.149460 0.083115
5 0.592374 0.287620 0.127588 0.069262
4 0.644503 0.333917 0.141441 0.052493
4 0.450204 0.335739 0.180082 0.054681
3 0.364902 0.269393 0.078011 0.129046
3 0.692622 0.256270 0.096238 0.133421
17 0.524205 0.322980 0.290172 0.263925
2 0.533683 0.321158 0.298921 0.280694
6 0.622631 0.532954 0.147273 0.138524
6 0.480461 0.534412 0.151648 0.147273
7 0.515456 0.648877 0.106445 0.087489
7 0.653252 0.671843 0.123943 0.131963
15 0.682779 0.744022 0.137795 0.172791
15 0.513634 0.698454 0.129046 0.138524
8 0.511811 0.733450 0.156022 0.062700
8 0.695903 0.777195 0.123214 0.104987
0 0.581365 0.427822 0.530184 0.824147