0 0.568103 0.535345 0.625862 0.929310
4 0.743103 0.908621 0.106897 0.168966
4 0.328448 0.920690 0.101724 0.158620
1 0.550000 0.287931 0.213793 0.424138
10 0.529310 0.181897 0.172414 0.198276
12 0.536207 0.265517 0.134483 0.062069
2 0.543103 0.745690 0.393103 0.508620
17 0.525862 0.761207 0.313793 0.477586
3 0.334483 0.745690 0.093103 0.260345
3 0.761207 0.744828 0.108621 0.248276
5 0.692241 0.743966 0.125862 0.274138
5 0.404310 0.819828 0.101724 0.253448
14 0.406897 0.831897 0.093103 0.277586
14 0.698276 0.748276 0.120690 0.279310