9 0.556707 0.142630 0.208592 0.083575
11 0.518373 0.199613 0.130543 0.026247
1 0.542202 0.171294 0.201685 0.175439
17 0.545310 0.401299 0.196850 0.252797
2 0.564304 0.398190 0.256942 0.260395
3 0.696574 0.349150 0.104296 0.149883
3 0.439978 0.350186 0.026247 0.109131
4 0.662730 0.486255 0.109822 0.120182
4 0.426855 0.458972 0.040061 0.104296
13 0.608855 0.578809 0.098771 0.069070
13 0.426164 0.542202 0.053875 0.062163
5 0.611618 0.577082 0.113966 0.083575
5 0.424782 0.541857 0.071833 0.069761
6 0.608509 0.604711 0.142285 0.136069
6 0.500414 0.595041 0.090482 0.129161
7 0.629231 0.735253 0.102224 0.130543
7 0.523208 0.714187 0.108440 0.116038
15 0.587443 0.801216 0.141594 0.154718
15 0.481765 0.749413 0.173366 0.136759
8 0.587788 0.836096 0.147810 0.079431
8 0.482801 0.783603 0.189253 0.072524
0 0.569554 0.475066 0.412073 0.897638