10 0.317175 0.075459 0.180920 0.150918
10 0.564750 0.242782 0.127596 0.099738
12 0.571416 0.324147 0.116170 0.049869
11 0.345265 0.196194 0.157115 0.077428
1 0.311462 0.181102 0.228531 0.362204
1 0.558561 0.303150 0.132358 0.241470
18 0.310510 0.516404 0.285664 0.405512
2 0.306701 0.517060 0.331370 0.475066
18 0.533804 0.473753 0.119027 0.202100
2 0.538565 0.473097 0.145689 0.227034
3 0.136731 0.539370 0.126644 0.396325
4 0.253853 0.759843 0.239005 0.167979
3 0.634262 0.501969 0.059037 0.148294
14 0.456198 0.786089 0.169494 0.125984
14 0.581414 0.713255 0.138071 0.145669
14 0.628073 0.639764 0.079034 0.087927
5 0.633310 0.643045 0.110457 0.110236
5 0.581890 0.710630 0.161876 0.171916
5 0.456198 0.791995 0.184729 0.143045
0 0.363834 0.458661 0.615129 0.917322
0 0.579986 0.487533 0.268524 0.662730