0 0.490377 0.418014 0.369515 0.743649
1 0.467282 0.128176 0.184758 0.150115
2 0.496151 0.339492 0.228637 0.267898
3 0.550423 0.271363 0.110855 0.140878
4 0.537721 0.396074 0.062356 0.094688
5 0.490377 0.517321 0.110855 0.124711
13 0.483449 0.513857 0.078522 0.103926
6 0.590839 0.515012 0.071594 0.078522
7 0.594303 0.591224 0.096998 0.055427
8 0.583911 0.697460 0.163972 0.129330
8 0.478830 0.655889 0.143187 0.124711
15 0.590839 0.690531 0.127021 0.115473
15 0.493841 0.658199 0.103926 0.096998
9 0.467282 0.091224 0.175520 0.076212
11 0.434950 0.145497 0.101617 0.027714
17 0.475366 0.322171 0.173210 0.233256