10 0.837944 0.156168 0.099363 0.073491
6 0.875069 0.610892 0.075341 0.216535
6 0.819928 0.608268 0.039309 0.221785
4 0.800820 0.345801 0.088444 0.093176
3 0.883804 0.330709 0.070974 0.125984
18 0.864696 0.374672 0.124477 0.229659
2 0.861966 0.375328 0.149591 0.249344
11 0.818290 0.198819 0.049136 0.022310
1 0.839036 0.179134 0.112466 0.150919
7 0.875069 0.842520 0.084077 0.230971
7 0.818290 0.840551 0.053503 0.203412
15 0.857053 0.974409 0.082985 0.040682
15 0.803004 0.964567 0.055687 0.026247
8 0.807371 0.961286 0.090628 0.043307
8 0.861966 0.971785 0.121201 0.048556
14 0.721111 0.295932 0.073158 0.056430
5 0.719473 0.296588 0.096088 0.086614
0 0.805187 0.539370 0.304641 0.921260