0 0.579677 0.526174 0.397229 0.947652
1 0.572748 0.249808 0.166282 0.371824
2 0.584296 0.615858 0.203233 0.452656
3 0.472286 0.473826 0.030023 0.210162
4 0.413395 0.535027 0.046189 0.166282
4 0.744804 0.525789 0.057737 0.203233
5 0.433025 0.345650 0.071594 0.193995
13 0.433025 0.334103 0.057737 0.170901
5 0.709007 0.320246 0.101617 0.198614
13 0.714781 0.322556 0.085450 0.175520
6 0.635104 0.913780 0.101617 0.147806
6 0.533487 0.919553 0.083141 0.154734
9 0.561201 0.174750 0.129330 0.203233
11 0.565820 0.305235 0.115473 0.062356
17 0.575058 0.595073 0.184758 0.480370