0 0.513793 0.515517 0.313793 0.879310
15 0.491379 0.898276 0.117241 0.055172
15 0.608621 0.914655 0.082759 0.060345
1 0.568103 0.157759 0.129310 0.163793
9 0.562931 0.112069 0.101724 0.068966
12 0.558621 0.162931 0.065517 0.025862
2 0.550000 0.357759 0.213793 0.263793
18 0.558621 0.348276 0.182759 0.220690
3 0.623276 0.319828 0.070690 0.122414
4 0.558621 0.352586 0.072414 0.084483
4 0.441379 0.347414 0.051724 0.101724
5 0.422414 0.243966 0.041379 0.015517
5 0.477586 0.264655 0.055172 0.050000
13 0.417241 0.243966 0.044828 0.012069
13 0.485345 0.278448 0.081034 0.105172
6 0.497414 0.603448 0.081034 0.200000
6 0.589655 0.600862 0.086207 0.201724
7 0.506897 0.784483 0.065517 0.155172
7 0.601724 0.794828 0.082759 0.175862
8 0.494828 0.903448 0.103448 0.041379
8 0.609483 0.914655 0.067241 0.053448