0 0.443418 0.549654 0.531178 0.891455
1 0.341801 0.220554 0.226328 0.191686
2 0.405312 0.494226 0.284065 0.355658
3 0.533487 0.377598 0.120092 0.150115
3 0.308314 0.443418 0.094688 0.124711
4 0.571594 0.526559 0.099307 0.115473
4 0.329099 0.568129 0.094688 0.106236
5 0.351039 0.692841 0.106236 0.133949
5 0.586605 0.654734 0.115473 0.131640
6 0.439954 0.750577 0.071594 0.129330
6 0.564665 0.750577 0.127021 0.138568
7 0.512702 0.878753 0.101617 0.090069
7 0.636259 0.867206 0.090069 0.066975
8 0.538106 0.958430 0.092379 0.055427
8 0.644342 0.958430 0.092379 0.069284
9 0.351039 0.182448 0.161663 0.092379
12 0.327945 0.235566 0.096998 0.032333
13 0.592379 0.655889 0.103926 0.087760
13 0.348730 0.698614 0.078522 0.108545
15 0.645497 0.963048 0.062356 0.046189
15 0.533487 0.954965 0.073903 0.048499
17 0.409931 0.502309 0.247113 0.344111