0 0.282910 0.499230 0.542725 0.976905
1 0.209007 0.164357 0.247113 0.316397
18 0.281755 0.659738 0.531178 0.646651
3 0.079677 0.675905 0.150115 0.535797
10 0.198614 0.137798 0.193995 0.230947
12 0.262125 0.136644 0.127021 0.090069
0 0.666282 0.564665 0.422633 0.870670
1 0.579677 0.265589 0.175520 0.249423
18 0.673210 0.699769 0.357968 0.558891
3 0.531178 0.555427 0.129330 0.302540
4 0.621247 0.879908 0.157044 0.230947
10 0.572748 0.207852 0.152425 0.120092
12 0.628176 0.295612 0.078522 0.050808
0 0.779344 0.575341 0.246749 0.675013
1 0.710668 0.328795 0.104534 0.178680
18 0.787245 0.638953 0.199344 0.434342
10 0.694867 0.307524 0.063207 0.131275
0 0.860425 0.540653 0.241606 0.589803
1 0.800912 0.327471 0.111920 0.156333
18 0.863978 0.593948 0.213182 0.365962
3 0.815124 0.494463 0.083496 0.156333
10 0.782259 0.300823 0.056848 0.103038
0 0.907503 0.439391 0.147451 0.330432
1 0.882632 0.331912 0.097708 0.097708
18 0.895067 0.464262 0.108367 0.152780
10 0.871084 0.323030 0.053295 0.072837