0 0.568966 0.500000 0.200000 0.475862
8 0.622414 0.680172 0.027586 0.063793
8 0.561207 0.713793 0.043103 0.020690
1 0.574138 0.324138 0.075862 0.096552
9 0.575862 0.306897 0.068966 0.051724
11 0.570690 0.331897 0.034483 0.025862
2 0.568103 0.415517 0.070690 0.120690
17 0.564655 0.417241 0.063793 0.131034
3 0.600862 0.413793 0.025862 0.075862
4 0.513793 0.423276 0.048276 0.050000
4 0.575000 0.468966 0.043103 0.027586
5 0.534483 0.476724 0.041379 0.029310
13 0.530172 0.472414 0.046552 0.027586
6 0.570690 0.543103 0.062069 0.093103
7 0.567241 0.648276 0.041379 0.110345
7 0.595690 0.638793 0.022414 0.063793
15 0.624138 0.678448 0.024138 0.074138
15 0.559483 0.710345 0.043103 0.027586