0 0.302586 0.515517 0.450000 0.693103
1 0.262931 0.268103 0.136207 0.146552
9 0.253448 0.238793 0.103448 0.067241
11 0.295690 0.269828 0.039655 0.039655
2 0.183621 0.414655 0.153448 0.218966
17 0.186207 0.415517 0.148276 0.217241
3 0.222414 0.398276 0.093103 0.117241
4 0.314655 0.429310 0.094828 0.051724
4 0.416379 0.419828 0.087931 0.050000
5 0.387069 0.393103 0.056897 0.055172
5 0.482759 0.363793 0.058621 0.079310
14 0.481897 0.365517 0.050000 0.075862
14 0.386207 0.395690 0.044828 0.070690
6 0.251724 0.597414 0.231034 0.129310
7 0.268966 0.710345 0.168966 0.110345