0 0.557352 0.535797 0.198614 0.318707
1 0.533036 0.399512 0.071673 0.025484
2 0.560511 0.466407 0.105917 0.108306
3 0.523480 0.442914 0.039818 0.053357
4 0.516710 0.495872 0.027873 0.036633
6 0.533832 0.550025 0.047782 0.052560
6 0.580022 0.542460 0.038226 0.040615
7 0.519498 0.600993 0.031855 0.046189
7 0.562502 0.589047 0.025484 0.043004
8 0.492819 0.653553 0.056542 0.055746
8 0.541796 0.647979 0.035040 0.060524
15 0.492421 0.653553 0.046189 0.043004
15 0.537814 0.647182 0.027077 0.039818
17 0.554140 0.466805 0.077248 0.097953
9 0.533036 0.397122 0.049375 0.017520
0 0.265456 0.540071 0.240503 0.298638
1 0.361817 0.451276 0.047782 0.065302
2 0.259085 0.457646 0.152903 0.093971
3 0.280189 0.438534 0.064506 0.058931
4 0.235991 0.438932 0.022298 0.050171
4 0.279393 0.517374 0.026280 0.019113
6 0.198561 0.542858 0.058931 0.073266
7 0.179448 0.614133 0.044597 0.064506
6 0.251122 0.548831 0.036633 0.053357
7 0.249927 0.600196 0.050171 0.031855
8 0.259882 0.636431 0.078044 0.035837
8 0.189403 0.667888 0.075655 0.039818
15 0.185819 0.665897 0.068488 0.032651
15 0.262669 0.633644 0.067691 0.025484
5 0.226434 0.488705 0.041411 0.030262
13 0.222452 0.488705 0.025484 0.020706
9 0.357437 0.447294 0.040615 0.049375
17 0.267845 0.459637 0.140161 0.091582
0 0.770088 0.557591 0.066895 0.105917
1 0.777654 0.521356 0.024687 0.027077
2 0.771681 0.549229 0.043004 0.041411
6 0.771283 0.584269 0.008760 0.019113
6 0.753365 0.583075 0.011149 0.015131