9 0.713911 0.051181 0.181102 0.065617
11 0.709318 0.093176 0.144357 0.028871
1 0.708661 0.092520 0.188976 0.149606
17 0.685039 0.305774 0.278215 0.265092
2 0.689304 0.301181 0.278871 0.276903
3 0.864501 0.255577 0.092520 0.141076
3 0.526247 0.259186 0.080052 0.139108
4 0.509514 0.379265 0.068898 0.091864
4 0.869751 0.373031 0.063648 0.088583
13 0.856299 0.454724 0.069554 0.073491
13 0.519357 0.462927 0.078084 0.067585
5 0.521654 0.464567 0.098425 0.080052
5 0.859908 0.455052 0.076772 0.079396
6 0.748688 0.514436 0.127297 0.140420
6 0.601378 0.504921 0.150262 0.137139
7 0.748360 0.626969 0.092520 0.089895
7 0.554134 0.625656 0.117454 0.105643
15 0.756890 0.673556 0.120079 0.143701
15 0.511483 0.681759 0.152887 0.144357
8 0.505906 0.712270 0.137795 0.072835
8 0.758202 0.704724 0.112205 0.074803
0 0.670604 0.391076 0.482940 0.761155