0 0.598922 0.437644 0.475751 0.528868
1 0.742109 0.235566 0.157044 0.115473
2 0.657814 0.356813 0.228637 0.191686
3 0.571209 0.275982 0.096998 0.090069
4 0.515781 0.355658 0.064665 0.050808
3 0.781370 0.374134 0.083141 0.096998
4 0.754811 0.457275 0.062356 0.050808
5 0.728252 0.533487 0.087760 0.092379
13 0.719015 0.534642 0.060046 0.066975
5 0.483449 0.418014 0.092379 0.073903
13 0.478830 0.415704 0.083141 0.050808
6 0.647421 0.495381 0.092379 0.066975
6 0.558506 0.481524 0.048499 0.053118
7 0.575828 0.556582 0.078522 0.055427
7 0.491532 0.497691 0.071594 0.076212
8 0.514627 0.630485 0.085450 0.110855
8 0.432640 0.599307 0.115473 0.117783
15 0.416474 0.594688 0.078522 0.103926
15 0.511162 0.624711 0.060046 0.090069
9 0.739800 0.213626 0.129330 0.053118
11 0.738645 0.248268 0.113164 0.039261
17 0.692456 0.346420 0.233256 0.221709