10 0.345415 0.267717 0.281063 0.099738
0 0.505270 0.570210 0.945074 0.859580
12 0.361225 0.362861 0.242417 0.077428
1 0.343659 0.328084 0.302143 0.304462
14 0.785455 0.807087 0.187961 0.073491
14 0.791603 0.739501 0.189717 0.061680
5 0.794238 0.734252 0.233634 0.087927
5 0.784576 0.810367 0.228364 0.082677
4 0.629992 0.675197 0.154585 0.158793
4 0.541281 0.803806 0.265253 0.119423
3 0.297108 0.702756 0.233634 0.282152
3 0.489460 0.574803 0.122965 0.136483
18 0.163603 0.666667 0.145801 0.343832
2 0.167994 0.664698 0.189717 0.379265
6 0.333119 0.912730 0.291603 0.111549