0 0.453793 0.562931 0.289655 0.874138
15 0.443448 0.931034 0.058621 0.096552
15 0.506379 0.936207 0.063793 0.089655
1 0.438276 0.225000 0.103448 0.160345
10 0.432241 0.186207 0.070690 0.068966
11 0.440862 0.225862 0.056897 0.037931
2 0.446034 0.457759 0.170690 0.322414
17 0.441724 0.460345 0.151724 0.300000
4 0.356379 0.473276 0.032759 0.129310
4 0.498621 0.364655 0.065517 0.077586
5 0.444310 0.284483 0.056897 0.051724
5 0.358103 0.603448 0.036207 0.100000
13 0.358965 0.600862 0.037931 0.108621
13 0.450345 0.283621 0.072414 0.063793
6 0.421034 0.688793 0.065517 0.125862
6 0.490862 0.690517 0.050000 0.143103
7 0.492586 0.827586 0.050000 0.124138
7 0.428793 0.818966 0.056897 0.127586
8 0.505517 0.935345 0.041379 0.063793
8 0.444310 0.931897 0.032759 0.084483