0 0.497691 0.433410 0.242494 0.794457
1 0.484988 0.133025 0.106236 0.170593
2 0.487298 0.354042 0.124711 0.260354
3 0.542571 0.288992 0.035104 0.122864
5 0.524095 0.401694 0.060970 0.072979
3 0.435412 0.267744 0.042494 0.078522
5 0.416474 0.349500 0.047113 0.075751
6 0.453426 0.559199 0.052656 0.138568
6 0.518553 0.560123 0.048037 0.140416
7 0.464511 0.671901 0.034180 0.075751
7 0.536105 0.670516 0.040647 0.065589
8 0.462202 0.766128 0.068360 0.097921
8 0.548576 0.742571 0.082217 0.060046
9 0.476520 0.096536 0.080370 0.091455
11 0.481139 0.159815 0.054503 0.029561
13 0.523634 0.405081 0.043418 0.071132
13 0.416012 0.352425 0.029561 0.061894
15 0.459892 0.769515 0.048961 0.084988
15 0.546266 0.743187 0.064665 0.043418
17 0.482987 0.356582 0.113626 0.264203