0 0.548499 0.537988 0.224018 0.917866
1 0.559454 0.176319 0.093267 0.192752
2 0.563451 0.446793 0.152780 0.337538
3 0.486617 0.367294 0.047078 0.150115
3 0.629182 0.363297 0.049742 0.149227
4 0.479955 0.485433 0.031977 0.075502
4 0.643394 0.484988 0.035530 0.081720
5 0.491946 0.568929 0.048854 0.075502
5 0.621188 0.564932 0.049742 0.065731
6 0.516374 0.694617 0.047966 0.149227
6 0.586102 0.696394 0.054184 0.151004
7 0.513265 0.823859 0.039972 0.096820
7 0.590099 0.826079 0.035530 0.101261
8 0.506159 0.929117 0.063066 0.104814
8 0.594540 0.935779 0.060401 0.107479
9 0.558566 0.133683 0.080831 0.095044
11 0.560342 0.203411 0.071949 0.031977
13 0.494167 0.570261 0.042636 0.072837
13 0.618079 0.564487 0.032866 0.061290
15 0.504382 0.930449 0.054184 0.091490
15 0.595873 0.934447 0.052407 0.092379
17 0.563895 0.446645 0.139456 0.327767