1 0.524278 0.202100 0.313648 0.338583
12 0.490814 0.210630 0.191601 0.048556
10 0.501312 0.109580 0.241470 0.124672
3 0.797900 0.498688 0.175853 0.343832
3 0.387795 0.594488 0.077428 0.283465
14 0.451444 0.627953 0.165354 0.137795
14 0.300525 0.782808 0.102362 0.116798
5 0.459974 0.627953 0.200787 0.158793
5 0.299869 0.782808 0.122047 0.143045
7 0.692257 0.690289 0.276903 0.154856
18 0.618110 0.620079 0.430446 0.505249
2 0.617454 0.619423 0.468504 0.530184
6 0.687008 0.950787 0.342520 0.098425
6 0.461942 0.941601 0.107612 0.106299
0 0.552493 0.508530 0.706037 0.982940