0 0.571594 0.682448 0.487298 0.616628
1 0.691686 0.433025 0.131640 0.113164
2 0.647806 0.638568 0.297921 0.321016
3 0.551963 0.532333 0.101617 0.136259
4 0.478060 0.586605 0.036952 0.092379
5 0.412240 0.636259 0.085450 0.094688
13 0.408776 0.640878 0.073903 0.071594
3 0.779446 0.613164 0.043880 0.159353
17 0.633949 0.628176 0.284065 0.309469
9 0.692841 0.420323 0.124711 0.064665
6 0.569284 0.845266 0.127021 0.078522
6 0.459584 0.745958 0.055427 0.101617
7 0.513857 0.935335 0.117783 0.073903
7 0.437644 0.849885 0.094688 0.073903
0 0.239030 0.450346 0.307159 0.406467
1 0.314088 0.280600 0.078522 0.062356
2 0.254042 0.405312 0.180139 0.219400
3 0.348730 0.394919 0.064665 0.110855
3 0.199769 0.307159 0.090069 0.096998
6 0.237875 0.553118 0.055427 0.062356
6 0.163972 0.540416 0.064665 0.041570
7 0.210162 0.608545 0.046189 0.048499
7 0.133949 0.595843 0.041570 0.055427
17 0.269053 0.396074 0.145497 0.214781
0 0.428406 0.385681 0.127021 0.212471
1 0.459584 0.327945 0.055427 0.050808
17 0.419169 0.392610 0.080831 0.096998
0 0.495381 0.456120 0.224018 0.182448
1 0.545035 0.394919 0.050808 0.041570
17 0.498845 0.476905 0.147806 0.136259