0 0.606379 0.482759 0.656897 0.289655
7 0.763276 0.495690 0.101724 0.046552
7 0.791724 0.423276 0.127586 0.053448
1 0.342586 0.486207 0.115517 0.117241
9 0.327931 0.484483 0.055172 0.100000
12 0.347759 0.489655 0.022414 0.062069
2 0.508965 0.481897 0.231034 0.170690
17 0.504655 0.485345 0.208621 0.143103
3 0.472759 0.392241 0.079310 0.039655
3 0.471034 0.575862 0.086207 0.044828
4 0.552069 0.589655 0.068966 0.041379
4 0.541724 0.374138 0.062069 0.044828
5 0.608965 0.363793 0.055172 0.034483
5 0.622759 0.593966 0.065517 0.032759
13 0.605517 0.367241 0.072414 0.044828
13 0.621034 0.593966 0.068966 0.050000
6 0.670172 0.428448 0.101724 0.070690
6 0.665862 0.512069 0.089655 0.072414
8 0.879655 0.433621 0.044828 0.043103
8 0.831379 0.494828 0.034483 0.037931
15 0.877931 0.424138 0.065517 0.062069
15 0.831379 0.492241 0.034483 0.053448