0 0.417241 0.442241 0.168966 0.291379
0 0.560345 0.455172 0.224138 0.289655
1 0.549138 0.374138 0.108621 0.103448
1 0.379310 0.344828 0.065517 0.082759
9 0.528448 0.359483 0.081034 0.067241
9 0.373276 0.325000 0.063793 0.056897
11 0.525862 0.393103 0.027586 0.027586
11 0.372414 0.347414 0.034483 0.022414
2 0.595690 0.442241 0.118966 0.129310
17 0.604310 0.443103 0.101724 0.134483
3 0.437931 0.369828 0.051724 0.046552
3 0.581034 0.456034 0.068966 0.053448
4 0.520690 0.518103 0.065517 0.039655
5 0.467241 0.533621 0.048276 0.022414
5 0.485345 0.448276 0.032759 0.020690
13 0.471839 0.536782 0.048851 0.034483
13 0.490876 0.446983 0.032328 0.030172
6 0.621264 0.537141 0.061782 0.058190
6 0.570977 0.540310 0.030172 0.054471
6 0.493032 0.501580 0.046695 0.067529
7 0.567444 0.581998 0.026369 0.025862
7 0.602941 0.581237 0.038540 0.034483