0 0.195172 0.487069 0.262069 0.805172
0 0.390000 0.557759 0.393103 0.884482
0 0.694310 0.570690 0.474138 0.858620
0 0.890000 0.552586 0.206897 0.456897
0 0.351207 0.275000 0.132759 0.246552
0 0.085690 0.409483 0.132759 0.522414
0 0.377069 0.081034 0.087931 0.079310
0 0.616724 0.146552 0.074138 0.106897
0 0.052931 0.081897 0.050000 0.105172
9 0.373621 0.224138 0.060345 0.106897
9 0.846034 0.181034 0.136207 0.172414
9 0.938103 0.465517 0.123793 0.244828
9 0.518448 0.227586 0.108621 0.158621
9 0.617586 0.142241 0.062069 0.087931
9 0.364138 0.062069 0.044828 0.044828
9 0.270172 0.149138 0.094828 0.098276
9 0.204655 0.145690 0.056897 0.067241
9 0.058103 0.064655 0.032759 0.067241
1 0.853793 0.234483 0.113793 0.241379
1 0.936379 0.488793 0.127241 0.236207
1 0.512414 0.231897 0.120690 0.184483
1 0.266724 0.186207 0.084483 0.165517
2 0.690862 0.488793 0.181034 0.543103
2 0.377069 0.451724 0.115517 0.351724
2 0.169310 0.379310 0.103448 0.237931
2 0.085690 0.286207 0.091379 0.255172
17 0.695172 0.507759 0.106897 0.460345
17 0.379655 0.454310 0.089655 0.291379
17 0.176207 0.369828 0.062069 0.208621
17 0.079655 0.268966 0.065517 0.165517
6 0.320172 0.627586 0.094828 0.186207
6 0.140000 0.561207 0.058621 0.167241
6 0.065000 0.437069 0.053448 0.118966
6 0.266724 0.497414 0.084483 0.146552
6 0.653793 0.850862 0.089655 0.201724
6 0.798621 0.943103 0.075862 0.100000
6 0.743448 0.931897 0.058621 0.136206
6 0.527069 0.777586 0.084483 0.168966
6 0.498621 0.662069 0.044828 0.131034
6 0.384828 0.635345 0.037931 0.081034
7 0.121034 0.729310 0.048276 0.144828
7 0.054655 0.546552 0.043103 0.086207
7 0.171897 0.668966 0.056897 0.165517
7 0.315000 0.799138 0.063793 0.139655
7 0.491724 0.862069 0.072414 0.041379
7 0.653793 0.974138 0.106897 0.051724
7 0.381379 0.715517 0.041379 0.065517
7 0.215000 0.629310 0.063793 0.106897
8 0.039138 0.635345 0.056897 0.091379
8 0.100345 0.843103 0.055172 0.100000
8 0.144310 0.780172 0.056897 0.074138
8 0.216724 0.958621 0.063793 0.082758
15 0.099483 0.836207 0.039655 0.093103
15 0.044310 0.631897 0.022414 0.074138
15 0.144310 0.780172 0.063793 0.070690
15 0.230517 0.955172 0.077586 0.086207
15 0.461552 0.940517 0.067241 0.115517
15 0.379655 0.782759 0.037931 0.072414
15 0.252931 0.808621 0.046552 0.113793
15 0.443448 0.825862 0.051724 0.100000
8 0.249483 0.811207 0.056897 0.105172
8 0.470172 0.941379 0.067241 0.117241
8 0.447759 0.821552 0.043103 0.118966
8 0.384828 0.766379 0.031034 0.067241
8 0.200345 0.716379 0.055172 0.074138
15 0.187414 0.714655 0.060345 0.070690
4 0.876207 0.701724 0.110345 0.134483
3 0.856379 0.541379 0.067241 0.217241
3 0.779655 0.545690 0.113793 0.274138
3 0.456379 0.467241 0.108621 0.172414
3 0.211552 0.377586 0.084483 0.117241
5 0.935690 0.623276 0.074138 0.105172
14 0.931379 0.627586 0.072414 0.082759