9 0.494145 0.082273 0.196850 0.071674
11 0.459822 0.133253 0.112053 0.024228
1 0.494650 0.112558 0.205936 0.156471
17 0.556229 0.324551 0.226126 0.235211
2 0.558248 0.326570 0.254391 0.245306
3 0.604179 0.270543 0.122148 0.117101
4 0.595094 0.390672 0.120129 0.113063
13 0.537048 0.490107 0.094892 0.065617
13 0.449727 0.460832 0.057541 0.057541
5 0.544619 0.489602 0.122148 0.080759
5 0.450232 0.460327 0.076721 0.068645
6 0.557238 0.502726 0.167575 0.133253
7 0.577428 0.631940 0.211993 0.119120
15 0.610741 0.700081 0.169594 0.136281
15 0.515344 0.674844 0.136281 0.083788
8 0.624369 0.742479 0.259439 0.051484
8 0.553705 0.694529 0.255401 0.038361
0 0.552191 0.401272 0.440137 0.770240