9 0.222628 0.339801 0.220285 0.160292
11 0.275122 0.389483 0.100300 0.032808
1 0.217004 0.374016 0.210911 0.230596
1 0.505718 0.437758 0.154668 0.142482
1 0.049681 0.315898 0.099362 0.410574
9 0.071241 0.211849 0.136858 0.174353
12 0.043588 0.336520 0.081552 0.052493
17 0.219816 0.691320 0.239033 0.362767
3 0.244657 0.682415 0.185602 0.243720
4 0.408699 0.722253 0.148106 0.188414
4 0.354331 0.600862 0.073116 0.059993
12 0.423228 0.572272 0.059055 0.053431
5 0.425572 0.570866 0.076865 0.069366
14 0.520247 0.651012 0.076865 0.064679
14 0.552587 0.525872 0.066554 0.078740
12 0.523997 0.655231 0.095613 0.076865
12 0.558211 0.538526 0.092801 0.074053