0 0.602771 0.339107 0.406467 0.678214
1 0.685912 0.091609 0.161663 0.157044
2 0.617783 0.274057 0.210162 0.286374
3 0.757506 0.256736 0.078522 0.140878
3 0.520785 0.167821 0.127021 0.096998
4 0.741339 0.358353 0.064665 0.076212
4 0.511547 0.256736 0.094688 0.062356
5 0.713626 0.431101 0.064665 0.069284
5 0.486143 0.336413 0.076212 0.092379
6 0.647806 0.433410 0.071594 0.083141
6 0.543880 0.384911 0.127021 0.069284
7 0.636259 0.505004 0.066975 0.060046
7 0.508083 0.456505 0.064665 0.055427
8 0.605081 0.584681 0.133949 0.094688
8 0.480370 0.528099 0.124711 0.106236
9 0.688222 0.068514 0.115473 0.083141
11 0.683057 0.099596 0.106813 0.054850
13 0.481941 0.337279 0.047152 0.070246
13 0.710482 0.421478 0.046189 0.051963
15 0.602707 0.588915 0.067360 0.082756
15 0.466064 0.533584 0.103926 0.083718
17 0.648401 0.257891 0.216250 0.258241