12 0.328875 0.328084 0.065649 0.034121
10 0.326687 0.286089 0.071776 0.052493
1 0.324499 0.333990 0.091908 0.169291
18 0.335003 0.627297 0.142677 0.385827
2 0.334127 0.630577 0.174188 0.439633
3 0.414219 0.540026 0.042015 0.190289
3 0.252723 0.552493 0.037639 0.217848
4 0.247033 0.749344 0.047267 0.170604
4 0.427349 0.727690 0.040265 0.166667
14 0.423847 0.843832 0.033262 0.044619
14 0.259725 0.873360 0.030636 0.056430
5 0.257975 0.872703 0.049893 0.081365
5 0.428224 0.845144 0.045517 0.055118
6 0.293863 0.927822 0.074402 0.144356
7 0.370015 0.924541 0.083155 0.150918
0 0.334127 0.610236 0.273974 0.779528