0 0.568360 0.475520 0.389068 0.530716
1 0.631640 0.269515 0.086990 0.109469
3 0.702232 0.353118 0.060046 0.055889
4 0.728560 0.333949 0.042494 0.045266
3 0.574750 0.361663 0.024942 0.072979
4 0.547498 0.409700 0.020323 0.063741
5 0.705466 0.276674 0.055427 0.060046
5 0.523480 0.460970 0.044342 0.051732
2 0.630639 0.408776 0.118245 0.165358
6 0.640801 0.547806 0.062818 0.088684
6 0.544727 0.523788 0.084988 0.064665
7 0.656967 0.614319 0.060046 0.036952
7 0.482371 0.602309 0.063741 0.083141
8 0.682371 0.665127 0.057275 0.060970
8 0.415396 0.690993 0.062818 0.092379
14 0.703156 0.276674 0.050808 0.054503
14 0.521632 0.456351 0.042494 0.038799
15 0.684681 0.666513 0.043418 0.050808
15 0.414473 0.690069 0.059122 0.084988
17 0.629715 0.413395 0.118245 0.172748
9 0.639877 0.247575 0.075751 0.053580
12 0.627868 0.282525 0.044342 0.024942
0 0.355518 0.422326 0.390510 0.436054
1 0.404305 0.258927 0.102150 0.107479
2 0.411855 0.395719 0.195417 0.157222
3 0.329691 0.344200 0.055960 0.061290
3 0.498460 0.354859 0.048854 0.059513
4 0.269290 0.374400 0.064843 0.041748
4 0.505566 0.406378 0.048854 0.038195
5 0.199562 0.413484 0.067508 0.043525
6 0.437171 0.525848 0.052407 0.097708
6 0.379878 0.524960 0.044413 0.092379
7 0.423403 0.601794 0.033754 0.045301
7 0.383875 0.598241 0.032866 0.041748
9 0.395867 0.238941 0.083496 0.062178
12 0.391869 0.279801 0.047078 0.014212
14 0.194676 0.409487 0.059513 0.035530
17 0.406526 0.393498 0.138568 0.154557
0 0.109552 0.367738 0.069284 0.184758
1 0.114437 0.297122 0.036419 0.039972
2 0.113105 0.348641 0.047966 0.064843
3 0.092231 0.334429 0.022206 0.027536
6 0.102890 0.399716 0.020430 0.037307
6 0.126873 0.401492 0.018653 0.037307
7 0.101557 0.434802 0.017765 0.025759
7 0.127761 0.435690 0.018653 0.027536
9 0.113993 0.292681 0.031977 0.023983
17 0.113993 0.350862 0.039083 0.056848
0 0.164624 0.400160 0.062178 0.096820
1 0.173506 0.367738 0.035530 0.028424
3 0.153076 0.385060 0.017765 0.023983
6 0.143978 0.414040 0.016229 0.017477
7 0.161143 0.421218 0.011859 0.029336
9 0.170505 0.364105 0.024343 0.017477
0 0.224185 0.374717 0.049310 0.046189
1 0.225433 0.363793 0.024343 0.023095
3 0.214822 0.385016 0.025591 0.014356
9 0.224809 0.361609 0.018101 0.013732
0 0.541269 0.360360 0.038075 0.101117
1 0.539084 0.326967 0.029961 0.033082
17 0.541581 0.373468 0.034954 0.054928
9 0.540645 0.322910 0.026840 0.017477
0 0.901733 0.417057 0.054928 0.261948
1 0.905790 0.310530 0.043068 0.049310
17 0.902982 0.380750 0.046189 0.082392
3 0.918274 0.351726 0.015605 0.024343
6 0.905478 0.455964 0.033706 0.059297
7 0.904230 0.516822 0.028712 0.053680
9 0.909223 0.299295 0.037451 0.028088
12 0.905166 0.316772 0.024343 0.009363
0 0.780330 0.400724 0.061794 0.181012
1 0.787196 0.333937 0.039323 0.037451
17 0.782203 0.397291 0.053055 0.080519
3 0.797807 0.369827 0.024343 0.031833
4 0.772528 0.384495 0.023719 0.021222
6 0.785323 0.463142 0.024343 0.048686
9 0.793126 0.326759 0.024967 0.013108
12 0.785011 0.338306 0.014980 0.011235
0 0.748185 0.395106 0.056176 0.193496
1 0.749121 0.317084 0.029336 0.036202
17 0.744752 0.366082 0.030585 0.054304
6 0.732892 0.416641 0.014356 0.034330
6 0.751930 0.416329 0.016229 0.037451
7 0.751930 0.450971 0.008739 0.026840
7 0.731644 0.449410 0.010611 0.023719
8 0.754426 0.476562 0.021222 0.019350
8 0.731332 0.472193 0.009987 0.019350
9 0.750681 0.310530 0.026216 0.014356
12 0.749745 0.319581 0.018101 0.011235
15 0.754032 0.474625 0.015396 0.013620