0 0.379310 0.379310 0.251724 0.758620
1 0.363793 0.066379 0.106897 0.129310
9 0.355172 0.056034 0.058621 0.091379
2 0.359483 0.236207 0.136207 0.244828
17 0.356897 0.231034 0.093103 0.200000
3 0.430172 0.203448 0.032759 0.106897
3 0.284483 0.202586 0.034483 0.101724
4 0.286207 0.275862 0.034483 0.041379
5 0.314655 0.300000 0.032759 0.048276
13 0.312069 0.300862 0.041379 0.067241
6 0.391379 0.489655 0.048276 0.148276
6 0.334483 0.495690 0.058621 0.163793
7 0.334483 0.656897 0.055172 0.158621
7 0.385345 0.645690 0.046552 0.167241