0 0.410690 0.583621 0.400000 0.832758
1 0.460690 0.320690 0.203448 0.255172
0 0.298621 0.500000 0.272414 1.000000
1 0.326207 0.117241 0.210345 0.234482
9 0.461552 0.306897 0.174138 0.213793
9 0.379655 0.106897 0.096552 0.213793
2 0.412414 0.409483 0.193103 0.325862
2 0.228793 0.569828 0.136207 0.850000
17 0.409828 0.420690 0.163793 0.317241
3 0.532241 0.473276 0.067241 0.174138
3 0.293448 0.473276 0.048276 0.215517
4 0.304655 0.622414 0.098276 0.100000
4 0.546034 0.620690 0.070690 0.113793
5 0.525345 0.724138 0.132759 0.086207
5 0.375345 0.731897 0.091379 0.112069
13 0.371034 0.717241 0.127586 0.151724
13 0.530517 0.718103 0.136207 0.125862
6 0.420172 0.711207 0.125862 0.232759
6 0.287414 0.725000 0.094828 0.218966
7 0.396034 0.916379 0.094828 0.167241
7 0.285690 0.915517 0.108621 0.158621