0 0.537241 0.506897 0.925517 0.972414
1 0.458103 0.113793 0.170690 0.182759
9 0.448621 0.062069 0.134483 0.072414
12 0.452931 0.106897 0.101724 0.034483
2 0.408965 0.333621 0.265517 0.322414
17 0.402931 0.340517 0.229310 0.298276
3 0.626207 0.242241 0.182759 0.067241
3 0.210690 0.237931 0.189655 0.089655
4 0.171034 0.325862 0.127586 0.086207
4 0.791724 0.250000 0.141379 0.065517
5 0.935517 0.264655 0.128966 0.074138
5 0.266724 0.381897 0.084483 0.077586
13 0.928793 0.268103 0.132759 0.060345
13 0.248621 0.381034 0.096552 0.065517
6 0.295172 0.596552 0.155172 0.241379
6 0.435690 0.615517 0.129310 0.231034
7 0.439138 0.835345 0.101724 0.194828
7 0.221034 0.790517 0.168966 0.160345
8 0.164138 0.919828 0.165517 0.094828
8 0.458965 0.960345 0.158621 0.079310
15 0.461552 0.963793 0.153448 0.072414
15 0.149483 0.907759 0.156897 0.077586