0 0.456120 0.415704 0.459584 0.688222
1 0.489607 0.157044 0.189376 0.152425
2 0.484988 0.346420 0.286374 0.244804
3 0.325635 0.304850 0.073903 0.152425
4 0.340647 0.418014 0.062356 0.069284
5 0.370734 0.499968 0.103798 0.094752
3 0.631640 0.295612 0.071594 0.133949
4 0.642032 0.400693 0.032333 0.071594
5 0.628176 0.479215 0.060046 0.071594
6 0.446882 0.531178 0.039261 0.087760
6 0.560046 0.526559 0.080831 0.087760
8 0.425680 0.682256 0.107711 0.140493
8 0.577367 0.676674 0.129330 0.129330
9 0.463048 0.103926 0.150115 0.064665
11 0.466513 0.157044 0.124711 0.032333
13 0.363100 0.488196 0.069284 0.051963
13 0.625802 0.472318 0.026944 0.045227
15 0.424205 0.681774 0.083718 0.112587
15 0.578169 0.677444 0.099115 0.132794
17 0.483449 0.339492 0.290993 0.212471