0 0.708621 0.533621 0.424138 0.932758
1 0.737069 0.175862 0.191379 0.213793
9 0.729310 0.116379 0.172414 0.081034
12 0.732759 0.180172 0.096552 0.043103
2 0.702586 0.460345 0.298276 0.396552
17 0.700000 0.463793 0.300000 0.382759
3 0.569828 0.370690 0.105172 0.148276
4 0.622414 0.431897 0.175862 0.101724
4 0.881034 0.419828 0.062069 0.091379
5 0.732759 0.362069 0.100000 0.089655
5 0.832759 0.368966 0.089655 0.075862
14 0.739655 0.360345 0.082759 0.086207
14 0.829310 0.364655 0.086207 0.070690
6 0.627586 0.772414 0.134483 0.234483
6 0.745690 0.745690 0.108621 0.177586
7 0.606897 0.947414 0.096552 0.101724
7 0.688793 0.917241 0.074138 0.165517