0 0.569737 0.547208 0.444822 0.728524
1 0.655889 0.297152 0.152425 0.193995
2 0.653580 0.555744 0.203233 0.318571
3 0.763279 0.494611 0.066975 0.177829
3 0.546189 0.366436 0.062356 0.069284
4 0.757596 0.627179 0.038038 0.081511
4 0.478422 0.309288 0.044831 0.092379
5 0.397591 0.243400 0.089662 0.099171
5 0.747407 0.752162 0.066567 0.157587
13 0.748087 0.748087 0.040755 0.135851
13 0.398270 0.237287 0.074718 0.086945
9 0.663859 0.256306 0.130417 0.070643
12 0.656387 0.311325 0.074718 0.033963
17 0.658425 0.537970 0.192909 0.359553
6 0.696463 0.814201 0.054340 0.187475
6 0.619707 0.816239 0.066567 0.172531
0 0.396809 0.527679 0.487088 0.692841
1 0.352719 0.284485 0.155364 0.186857
2 0.303380 0.564770 0.241444 0.369515
3 0.207852 0.476590 0.092379 0.184758
4 0.198404 0.635104 0.065085 0.128071
5 0.199454 0.752677 0.075583 0.115473
3 0.438799 0.402058 0.117573 0.094478
4 0.550073 0.315977 0.054587 0.060886
5 0.610959 0.255091 0.058786 0.090279
13 0.613059 0.254042 0.046189 0.058786
13 0.194205 0.747428 0.044090 0.088180
9 0.357968 0.258241 0.102876 0.083981
11 0.353769 0.306529 0.073483 0.054587
18 0.323326 0.564770 0.222549 0.352719
6 0.385261 0.814263 0.098677 0.119672
6 0.271887 0.807964 0.094478 0.107075