0 0.507343 0.608160 0.153669 0.367738
1 0.474922 0.467371 0.079943 0.079055
2 0.496240 0.575295 0.119026 0.135015
3 0.529549 0.503346 0.034642 0.049742
3 0.450050 0.545982 0.030201 0.072837
4 0.454936 0.611269 0.039972 0.043525
5 0.550423 0.546870 0.035530 0.039083
5 0.468260 0.650352 0.041748 0.031089
6 0.542429 0.666785 0.040860 0.040860
6 0.478919 0.676112 0.045301 0.054184
7 0.549535 0.725854 0.042636 0.059513
7 0.468704 0.741843 0.035530 0.068396
9 0.468704 0.450494 0.053295 0.041748
12 0.480251 0.476698 0.039083 0.019542
13 0.552101 0.550917 0.022503 0.028424
13 0.468309 0.650994 0.020726 0.026056
17 0.493457 0.563202 0.096998 0.145958
0 0.736875 0.525327 0.147806 0.249423
1 0.736413 0.432025 0.061894 0.055427
2 0.764126 0.543341 0.095150 0.163510
3 0.725789 0.518399 0.048037 0.076674
4 0.707775 0.586759 0.039723 0.048961
5 0.688838 0.631101 0.033256 0.030485
9 0.740570 0.426944 0.062818 0.039723
13 0.688838 0.627406 0.033256 0.024942
17 0.765974 0.540108 0.087760 0.144111