9 0.540682 0.091864 0.267717 0.094488
11 0.565617 0.148294 0.188976 0.031496
1 0.547244 0.132546 0.259843 0.204724
17 0.520341 0.389108 0.358268 0.305774
3 0.428478 0.342520 0.143045 0.154856
4 0.486220 0.503937 0.156168 0.146982
13 0.545276 0.612861 0.103675 0.065617
5 0.551181 0.612861 0.118110 0.083990
2 0.518373 0.383858 0.377953 0.316273
6 0.502625 0.641732 0.125984 0.157480
6 0.635827 0.610236 0.119423 0.141732
7 0.487533 0.788058 0.127297 0.150919
7 0.600394 0.725722 0.106299 0.123360
15 0.637795 0.782152 0.191601 0.133858
15 0.538058 0.850394 0.230971 0.152231
8 0.546588 0.886483 0.242782 0.093176
8 0.644357 0.807743 0.191601 0.103675
0 0.551837 0.488189 0.481627 0.950131