0 0.678448 0.513793 0.567241 0.972414
1 0.700862 0.145690 0.222414 0.236207
9 0.687931 0.085345 0.186207 0.084483
12 0.688793 0.150000 0.118966 0.041379
2 0.687931 0.489655 0.351724 0.455172
17 0.686207 0.494828 0.337931 0.441379
3 0.478448 0.373276 0.125862 0.122414
3 0.875862 0.386207 0.082759 0.127586
4 0.467241 0.488793 0.110345 0.098276
4 0.884483 0.487069 0.096552 0.070690
5 0.583621 0.570690 0.098276 0.089655
13 0.580172 0.564655 0.108621 0.091379
6 0.595690 0.827586 0.139655 0.206897
6 0.755172 0.819828 0.134483 0.201724
7 0.575000 0.966379 0.098276 0.067241
7 0.726724 0.965517 0.122414 0.068966