0 0.504234 0.338679 0.240185 0.371140
1 0.510008 0.192276 0.117783 0.074911
2 0.508853 0.280044 0.175520 0.125909
3 0.582756 0.264178 0.041570 0.061842
3 0.427965 0.250192 0.049611 0.072705
4 0.583212 0.312634 0.028227 0.028227
4 0.418128 0.304508 0.024805 0.035925
5 0.581929 0.351552 0.044479 0.041057
5 0.419411 0.347703 0.047900 0.048755
6 0.534457 0.370798 0.048755 0.048755
6 0.466028 0.364383 0.047045 0.039347
7 0.530608 0.413138 0.041057 0.029082
7 0.455336 0.402019 0.034214 0.029082
8 0.535740 0.471303 0.063297 0.080404
8 0.456191 0.449063 0.056454 0.058164
15 0.536595 0.475152 0.059875 0.069284
15 0.453625 0.444787 0.037636 0.046189
9 0.521199 0.183474 0.080404 0.048755
11 0.516922 0.213412 0.061586 0.024805
13 0.419756 0.347332 0.034034 0.034642
13 0.579596 0.353713 0.029172 0.032819
17 0.505753 0.277136 0.147684 0.120335