0 0.265204 0.530023 0.528868 0.939954
1 0.148576 0.184758 0.203233 0.235566
2 0.238120 0.476730 0.414655 0.431521
3 0.352964 0.341801 0.066975 0.133949
4 0.459199 0.337182 0.108545 0.152425
5 0.365666 0.180139 0.175520 0.143187
4 0.043495 0.419169 0.080831 0.182448
5 0.060816 0.251732 0.083141 0.138568
13 0.346035 0.184758 0.127021 0.138568
13 0.064385 0.258765 0.069284 0.112324
6 0.231822 0.851179 0.158514 0.286584
6 0.411330 0.849080 0.171111 0.292883
9 0.149416 0.126496 0.188957 0.110225
12 0.175135 0.203128 0.124921 0.043040
17 0.240185 0.498075 0.346420 0.401848