0 0.423403 0.412240 0.549654 0.819861
1 0.395689 0.083141 0.263279 0.161663
2 0.403772 0.313886 0.436490 0.281352
3 0.223634 0.274827 0.145497 0.175520
3 0.585065 0.240185 0.152425 0.133949
4 0.257121 0.419169 0.106236 0.099307
4 0.615088 0.359122 0.073903 0.085450
5 0.305620 0.518476 0.120092 0.076212
5 0.623172 0.457275 0.090069 0.087760
13 0.295649 0.510649 0.104476 0.061586
13 0.616775 0.456762 0.071484 0.068184
6 0.516148 0.511199 0.125371 0.108875
6 0.410022 0.510649 0.062686 0.096778
7 0.532644 0.595330 0.116573 0.050588
7 0.376480 0.606877 0.098977 0.091279
8 0.571135 0.695407 0.171561 0.145167
8 0.383079 0.733898 0.134169 0.153965
15 0.386928 0.732248 0.115473 0.144067
15 0.566736 0.691558 0.151765 0.133069
9 0.390777 0.038491 0.211151 0.074783
11 0.401774 0.093478 0.173760 0.048389
17 0.421020 0.314528 0.392610 0.274937