0 0.332759 0.527586 0.548276 0.786207
1 0.344828 0.231897 0.106897 0.174138
9 0.346552 0.192241 0.072414 0.094828
11 0.347414 0.231034 0.050000 0.034483
2 0.368103 0.417241 0.181034 0.244828
17 0.363793 0.413793 0.144828 0.206897
3 0.469828 0.330172 0.074138 0.053448
15 0.374138 0.874138 0.041379 0.062069
15 0.424138 0.874138 0.055172 0.058621
3 0.260345 0.336207 0.072414 0.051724
4 0.181897 0.318966 0.094828 0.082759
4 0.528448 0.282759 0.050000 0.068966
5 0.571552 0.218103 0.060345 0.056897
5 0.106897 0.244828 0.072414 0.062069
13 0.115517 0.243966 0.086207 0.098276
13 0.572414 0.224138 0.065517 0.089655
6 0.343966 0.608621 0.063793 0.155172
6 0.402586 0.608621 0.056897 0.155172
7 0.410345 0.765517 0.051724 0.155172
7 0.353448 0.762931 0.055172 0.146552
8 0.424138 0.878448 0.037931 0.050000
8 0.374138 0.875000 0.037931 0.056897