0 0.778291 0.337311 0.147806 0.231203
1 0.770208 0.277136 0.076212 0.096998
2 0.779125 0.382666 0.138568 0.105851
3 0.721388 0.365826 0.036567 0.072171
3 0.827720 0.367751 0.031755 0.070246
4 0.719945 0.414902 0.022132 0.016359
4 0.835899 0.412978 0.017321 0.012510
5 0.761804 0.424044 0.048114 0.040416
5 0.814236 0.427647 0.042636 0.033754
13 0.762125 0.424390 0.045005 0.033162
13 0.814532 0.427943 0.031385 0.027240
9 0.775745 0.256213 0.066323 0.048558
12 0.776929 0.293520 0.043821 0.011843
17 0.777817 0.378792 0.116658 0.092379
0 0.614082 0.328458 0.177651 0.233316
1 0.620004 0.257101 0.071061 0.087049
2 0.614082 0.362212 0.170545 0.120803
3 0.564339 0.340597 0.037899 0.068100
3 0.676852 0.345335 0.037899 0.075206
4 0.553088 0.391820 0.041452 0.033162
4 0.683070 0.398334 0.027832 0.031977
5 0.559306 0.426758 0.051519 0.031977
13 0.559602 0.426462 0.037899 0.027832
5 0.652573 0.426462 0.052111 0.037307
13 0.651981 0.424686 0.042636 0.030201
9 0.618819 0.236079 0.068692 0.041452
12 0.622372 0.262431 0.042636 0.013620
17 0.617043 0.364876 0.114881 0.113105
0 0.450050 0.334774 0.150412 0.216735
1 0.464855 0.274373 0.066323 0.088826
2 0.449458 0.381556 0.150412 0.116066
3 0.406526 0.359053 0.031385 0.061586
4 0.391425 0.406427 0.033162 0.026056
3 0.506011 0.361718 0.033754 0.064547
4 0.511340 0.403762 0.018357 0.017173
5 0.489134 0.420639 0.048558 0.037899
13 0.492687 0.423600 0.039083 0.029609
9 0.464262 0.253055 0.060401 0.043821
12 0.467815 0.283255 0.039083 0.014212
17 0.457749 0.376818 0.112513 0.092379
0 0.284933 0.342176 0.149819 0.214958
1 0.274866 0.281183 0.065731 0.085865
2 0.284637 0.389846 0.145674 0.118434
3 0.232822 0.359053 0.030201 0.059217
3 0.331715 0.360830 0.034938 0.062770
4 0.226900 0.397544 0.029016 0.017765
4 0.341189 0.400209 0.024279 0.011251
5 0.236671 0.426857 0.050927 0.038491
13 0.235783 0.425377 0.042044 0.030793
5 0.309804 0.422712 0.049150 0.043229
13 0.311285 0.424488 0.042636 0.032569
9 0.274274 0.264010 0.062178 0.046782
12 0.278715 0.291546 0.041452 0.014212
17 0.281972 0.376226 0.109552 0.095932