0 0.547344 0.492302 0.424942 0.976905
1 0.603926 0.107775 0.302540 0.212471
2 0.545035 0.371055 0.337182 0.355658
3 0.423788 0.298306 0.177829 0.210162
4 0.479215 0.470362 0.103926 0.101617
5 0.524249 0.625096 0.129330 0.133949
13 0.518476 0.625096 0.090069 0.101617
6 0.648961 0.608930 0.101617 0.101617
6 0.415704 0.626251 0.069284 0.113164
7 0.420323 0.739415 0.124711 0.076212
7 0.553118 0.724403 0.122402 0.036952
8 0.461894 0.874134 0.226328 0.168591
15 0.453811 0.876443 0.187067 0.154734
8 0.605081 0.833718 0.180139 0.157044
15 0.609700 0.825635 0.157044 0.117783
9 0.616628 0.056582 0.258661 0.099307
11 0.666282 0.118938 0.131640 0.039261
17 0.555427 0.366051 0.316397 0.353349