0 0.455517 0.547414 0.179310 0.901724
0 0.645172 0.592241 0.155172 0.729310
0 0.560690 0.535345 0.051724 0.353448
0 0.374483 0.539655 0.051724 0.368966
0 0.252069 0.554310 0.103448 0.381034
1 0.478793 0.192241 0.091379 0.177586
1 0.645172 0.291379 0.079310 0.117241
1 0.567586 0.406034 0.037931 0.063793
1 0.371034 0.394828 0.041379 0.055172
1 0.257241 0.398276 0.051724 0.062069
10 0.484828 0.171552 0.072414 0.129310
10 0.640000 0.269828 0.051724 0.070690
9 0.250345 0.387069 0.037931 0.039655
9 0.566724 0.394828 0.025862 0.037931
9 0.369310 0.387931 0.031034 0.037931
12 0.633965 0.288793 0.032759 0.025862
12 0.565862 0.412069 0.017241 0.013793
12 0.369310 0.402586 0.020690 0.008621
12 0.249483 0.401724 0.018966 0.010345
2 0.457976 0.411025 0.115263 0.363430
2 0.646034 0.475000 0.118966 0.277586
2 0.563276 0.507759 0.025862 0.129310
2 0.376207 0.505172 0.034483 0.144828
2 0.252069 0.505172 0.058621 0.141379
17 0.453711 0.409936 0.092940 0.347459
17 0.642586 0.484483 0.098276 0.227586
17 0.565000 0.504310 0.022414 0.125862
17 0.372759 0.504310 0.041379 0.136207
17 0.252069 0.506034 0.048276 0.139655
3 0.466724 0.356897 0.053448 0.189655
3 0.697759 0.425000 0.039655 0.108621
3 0.589138 0.444828 0.025862 0.117241
3 0.383836 0.478772 0.017241 0.085129
3 0.264763 0.475000 0.022629 0.079741
4 0.260453 0.542349 0.029095 0.048491
4 0.377371 0.540194 0.025862 0.052802
4 0.475357 0.521988 0.062353 0.130615
4 0.597198 0.532651 0.021552 0.067888
4 0.692565 0.510022 0.007543 0.054957
5 0.503358 0.629038 0.037205 0.076225
5 0.249274 0.581397 0.015426 0.024501
5 0.367241 0.579129 0.019056 0.025408
5 0.609528 0.591833 0.020871 0.052632
13 0.609982 0.589564 0.025408 0.058984
13 0.502450 0.624501 0.037205 0.076225
13 0.249728 0.581851 0.014519 0.025408
13 0.367695 0.579583 0.016334 0.026316
6 0.237477 0.611797 0.039020 0.063521
6 0.257441 0.634029 0.019056 0.017241
6 0.371325 0.601815 0.021779 0.058076
6 0.450272 0.667423 0.072595 0.146098
6 0.613158 0.680581 0.042650 0.134301
6 0.664882 0.680127 0.046279 0.142468
6 0.567332 0.595735 0.023593 0.049909
6 0.391289 0.605717 0.012704 0.062613
7 0.230218 0.675136 0.028131 0.058076
7 0.267423 0.662432 0.040835 0.034483
7 0.373593 0.665608 0.020871 0.064428
7 0.391742 0.649728 0.011797 0.025408
7 0.568693 0.652904 0.019056 0.066243
7 0.604991 0.820919 0.033575 0.139115
7 0.661706 0.816697 0.043557 0.130672
7 0.437568 0.820780 0.088929 0.153358
7 0.480672 0.809437 0.028131 0.137931
8 0.225227 0.718240 0.036298 0.024501
8 0.285118 0.688748 0.018149 0.052632
8 0.369800 0.707842 0.033927 0.021691
8 0.394992 0.678736 0.023810 0.038588
8 0.562479 0.697537 0.035304 0.021346
8 0.414286 0.950411 0.068966 0.098522
8 0.494335 0.921264 0.077997 0.051724
8 0.598194 0.917980 0.032841 0.055008
8 0.673317 0.912644 0.069787 0.057471
15 0.674959 0.909770 0.064860 0.068144
15 0.598194 0.912644 0.036125 0.070608
15 0.560837 0.693021 0.038588 0.035304
15 0.495977 0.911412 0.074713 0.073071
15 0.411412 0.935386 0.066502 0.129228
15 0.371593 0.704926 0.032841 0.029557
15 0.397455 0.675369 0.028736 0.042693
15 0.283333 0.685632 0.027094 0.066502
15 0.226273 0.711905 0.044335 0.038588