0 0.281379 0.749138 0.258621 0.501724
1 0.343448 0.551724 0.106897 0.082759
9 0.358103 0.545690 0.067241 0.067241
12 0.360690 0.557759 0.044828 0.039655
2 0.294310 0.666379 0.143103 0.212069
17 0.287414 0.660345 0.101724 0.168966
3 0.338276 0.632759 0.041379 0.079310
4 0.338276 0.690517 0.055172 0.039655
5 0.376207 0.703448 0.048276 0.024138
14 0.377931 0.711207 0.048276 0.015517
6 0.269310 0.822414 0.055172 0.117241
6 0.224483 0.813793 0.020690 0.082759
7 0.218448 0.916379 0.094828 0.139655
8 0.186552 0.986207 0.062069 0.024138
0 0.555517 0.396552 0.162069 0.365517
0 0.777069 0.488793 0.050000 0.136207
1 0.608103 0.251724 0.056897 0.068966
1 0.781379 0.436207 0.027586 0.027586
9 0.614138 0.237931 0.055172 0.037931
9 0.779655 0.431034 0.027586 0.013793
12 0.608103 0.252586 0.053448 0.018966
2 0.569310 0.325000 0.117241 0.108621
2 0.778793 0.468103 0.025862 0.039655
17 0.576207 0.324138 0.082759 0.096552
17 0.779655 0.467241 0.020690 0.037931
6 0.562414 0.424138 0.058621 0.089655
6 0.518448 0.415517 0.039655 0.058621
6 0.777931 0.494828 0.031034 0.020690
7 0.537414 0.486207 0.025862 0.075862
7 0.501207 0.487069 0.046552 0.074138
7 0.767586 0.514655 0.024138 0.018966
8 0.527931 0.550000 0.034483 0.017241
8 0.492586 0.543966 0.029310 0.029310
8 0.758103 0.529310 0.015517 0.010345