9 0.538714 0.152887 0.211286 0.080052
11 0.499344 0.205381 0.127297 0.027559
1 0.545276 0.172572 0.240157 0.166667
3 0.652887 0.365486 0.101050 0.156168
4 0.618110 0.491470 0.089239 0.114173
13 0.580052 0.573491 0.081365 0.073491
13 0.413386 0.541995 0.049869 0.052493
4 0.412073 0.456693 0.039370 0.104987
17 0.536089 0.402887 0.203412 0.254593
2 0.543307 0.408793 0.257218 0.282152
6 0.595144 0.600394 0.127297 0.101050
6 0.488845 0.595801 0.090551 0.097113
7 0.601050 0.727690 0.086614 0.122047
7 0.513123 0.692257 0.099738 0.114173
15 0.570866 0.791339 0.157480 0.144357
15 0.469160 0.741470 0.174541 0.136483
8 0.566273 0.822178 0.156168 0.064304
8 0.461942 0.778215 0.191601 0.065617
0 0.540682 0.490814 0.388451 0.858268
5 0.583333 0.572835 0.101050 0.093176
5 0.412073 0.542651 0.078740 0.064304