0 0.186552 0.494828 0.155172 0.893103
0 0.305517 0.462177 0.148276 0.638147
0 0.432241 0.464655 0.132759 0.550000
0 0.555517 0.508297 0.134483 0.520043
0 0.698621 0.478017 0.165517 0.673276
0 0.854655 0.601724 0.167241 0.603448
9 0.187414 0.092241 0.087931 0.074138
9 0.329655 0.204310 0.065517 0.101724
9 0.440000 0.253448 0.062069 0.106897
9 0.571034 0.293103 0.058621 0.072414
9 0.712414 0.200000 0.058621 0.082759
9 0.881379 0.350000 0.055172 0.106897
1 0.189138 0.130172 0.087931 0.153448
1 0.331379 0.216379 0.068966 0.129310
1 0.440000 0.261207 0.048276 0.129310
1 0.572759 0.307759 0.048276 0.094828
1 0.715000 0.218966 0.050000 0.124138
1 0.883793 0.362069 0.053103 0.113793
11 0.196034 0.148276 0.050000 0.048276
12 0.886552 0.382759 0.024138 0.027586
12 0.714138 0.241379 0.020690 0.013793
12 0.569704 0.318801 0.022167 0.018883
2 0.175431 0.375862 0.110632 0.350575
2 0.319109 0.389511 0.084770 0.268678
2 0.429741 0.395977 0.073276 0.201149
2 0.556897 0.466379 0.071839 0.221264
2 0.697701 0.395259 0.080460 0.248563
2 0.869397 0.547557 0.093391 0.262931
17 0.699728 0.393557 0.077132 0.229583
17 0.556806 0.470236 0.061706 0.201452
17 0.431125 0.398548 0.066243 0.188748
17 0.319964 0.389020 0.076225 0.254991
17 0.178403 0.377223 0.098004 0.331216
17 0.866048 0.548276 0.074271 0.246684
3 0.158488 0.297613 0.054377 0.124668
3 0.242706 0.322281 0.021220 0.114058
3 0.266809 0.344626 0.031369 0.142832
3 0.387268 0.363145 0.015915 0.079075
3 0.513167 0.427063 0.026717 0.079590
3 0.470115 0.362452 0.015326 0.084291
3 0.596073 0.430460 0.020115 0.082375
3 0.657375 0.362931 0.022031 0.113985
3 0.748372 0.372510 0.023946 0.102490
3 0.818774 0.490805 0.026820 0.095785
3 0.904215 0.512356 0.015326 0.096743
4 0.911398 0.609579 0.023946 0.091954
4 0.807950 0.603831 0.033525 0.122605
4 0.750000 0.470211 0.026820 0.083333
4 0.649904 0.452490 0.025862 0.070881
4 0.589080 0.496073 0.034483 0.046935
4 0.517720 0.492720 0.037356 0.055556
4 0.469828 0.449138 0.020115 0.090996
4 0.386973 0.453448 0.021073 0.099617
4 0.263218 0.446264 0.034483 0.068008
4 0.188027 0.340421 0.060345 0.074713
4 0.221552 0.385441 0.035441 0.053640
4 0.362835 0.439080 0.013410 0.084291
5 0.737356 0.536782 0.030651 0.072797
5 0.647318 0.524808 0.017241 0.068008
5 0.264176 0.508525 0.026820 0.052682
5 0.818487 0.676820 0.023946 0.042146
5 0.911398 0.669157 0.010536 0.034483
13 0.815134 0.677299 0.019157 0.043103
13 0.911877 0.663889 0.011494 0.039272
13 0.735632 0.535057 0.028736 0.070881
13 0.647510 0.520211 0.021073 0.079502
13 0.263410 0.508046 0.026820 0.053640
6 0.174483 0.614655 0.058621 0.146552
6 0.218534 0.594612 0.023707 0.120690
6 0.294504 0.566595 0.037716 0.101293
6 0.344073 0.561207 0.042026 0.086207
6 0.411961 0.548815 0.037716 0.104526
6 0.449677 0.550970 0.035560 0.106681
6 0.520259 0.596767 0.036638 0.071121
6 0.569828 0.610776 0.045259 0.073276
6 0.664116 0.562823 0.039871 0.117457
6 0.710991 0.569828 0.038793 0.112069
6 0.832220 0.727155 0.044181 0.105603
6 0.889871 0.730927 0.060345 0.095905
7 0.876940 0.803879 0.051724 0.056034
7 0.811746 0.787177 0.050647 0.063578
7 0.715302 0.689116 0.038793 0.128233
7 0.651185 0.678879 0.042026 0.116379
7 0.572522 0.683728 0.037716 0.072198
7 0.518103 0.672414 0.030172 0.071121
7 0.449138 0.643319 0.036638 0.081897
7 0.408728 0.641164 0.039871 0.079741
7 0.342996 0.654634 0.044181 0.104526
7 0.283190 0.670797 0.053879 0.108836
7 0.164655 0.773168 0.066810 0.171336
7 0.203987 0.707435 0.042026 0.104526
8 0.167888 0.884159 0.073276 0.057112
8 0.217996 0.787177 0.063578 0.046336
8 0.276185 0.752694 0.031250 0.048491
8 0.337608 0.728987 0.033405 0.044181
8 0.400647 0.712284 0.030172 0.058190
8 0.446983 0.709052 0.025862 0.053879
8 0.512716 0.730603 0.038793 0.047414
8 0.577371 0.741918 0.030172 0.046336
8 0.645797 0.762392 0.029095 0.042026
8 0.713147 0.780711 0.038793 0.052802
8 0.799353 0.855065 0.043103 0.074353
8 0.867241 0.860991 0.040948 0.053879
15 0.167349 0.878772 0.074353 0.061422
15 0.217996 0.781789 0.059267 0.052802
15 0.275108 0.749461 0.035560 0.052802
15 0.338685 0.727909 0.033405 0.052802
15 0.400108 0.707974 0.033405 0.062500
15 0.447522 0.704741 0.026940 0.064655
15 0.513254 0.724138 0.031250 0.066810
15 0.576293 0.731142 0.028017 0.065733
15 0.649030 0.754310 0.026940 0.047414
15 0.717996 0.776940 0.044181 0.066810
15 0.799892 0.848599 0.044181 0.091595
15 0.868319 0.856142 0.051724 0.063578