0 0.243966 0.500000 0.374138 1.000000
0 0.719828 0.502586 0.287931 0.994828
0 0.523276 0.639655 0.218966 0.720690
1 0.275000 0.155172 0.163793 0.310344
1 0.524138 0.373276 0.096552 0.167241
1 0.715517 0.133621 0.144828 0.267241
9 0.718966 0.091379 0.124138 0.182758
9 0.526724 0.346552 0.081034 0.103448
9 0.273276 0.098276 0.146552 0.179310
11 0.532759 0.387069 0.055172 0.036207
2 0.743966 0.568103 0.201724 0.615517
2 0.529310 0.695690 0.158621 0.439655
2 0.243103 0.643966 0.262069 0.681034
17 0.227586 0.641379 0.248276 0.606897
17 0.744828 0.575000 0.175862 0.539655
17 0.518103 0.696552 0.143103 0.406897
3 0.360345 0.563793 0.079310 0.296552
3 0.098276 0.587931 0.031034 0.217241
3 0.442241 0.624138 0.043103 0.213793
3 0.691379 0.517241 0.082759 0.289655
3 0.603973 0.566267 0.038231 0.133433
4 0.664318 0.683358 0.097451 0.083958
4 0.445802 0.801724 0.029235 0.117691
4 0.591979 0.763868 0.045727 0.109445
5 0.602099 0.675412 0.046477 0.082459
5 0.380960 0.934033 0.041979 0.068966
4 0.382459 0.804723 0.074963 0.185157
5 0.445202 0.891005 0.030735 0.058471
13 0.600975 0.674738 0.044228 0.077211
14 0.443178 0.884633 0.034483 0.056222
14 0.383208 0.928861 0.046477 0.083208
6 0.725037 0.944378 0.137931 0.111244
6 0.569490 0.959970 0.065217 0.077961
6 0.492279 0.963868 0.063718 0.072264
6 0.274513 0.967241 0.133433 0.065517
6 0.177436 0.960495 0.053223 0.079010