9 0.443570 0.135608 0.173228 0.071741
11 0.445757 0.184164 0.156605 0.027122
1 0.444882 0.170604 0.181102 0.162730
17 0.452318 0.384077 0.278215 0.241470
2 0.447069 0.384077 0.302712 0.262467
3 0.276903 0.335958 0.074366 0.136483
3 0.615923 0.338583 0.062992 0.131234
4 0.284777 0.464129 0.063867 0.114611
4 0.617673 0.454068 0.061242 0.099738
13 0.605862 0.543745 0.069116 0.067367
13 0.318023 0.553368 0.090114 0.060367
5 0.320647 0.555118 0.107612 0.074366
5 0.608049 0.543307 0.082240 0.069991
6 0.388014 0.573928 0.135608 0.125984
6 0.517060 0.577428 0.120735 0.125984
7 0.520122 0.702537 0.095363 0.118985
7 0.379265 0.698163 0.104112 0.118985
15 0.537620 0.750219 0.119860 0.149606
15 0.371829 0.752843 0.094488 0.156605
8 0.541557 0.786964 0.141732 0.060367
8 0.366579 0.786527 0.127734 0.076990
0 0.444882 0.461942 0.480315 0.850394