0 0.609700 0.535797 0.401848 0.919169
1 0.560046 0.175520 0.150115 0.198614
2 0.595843 0.408776 0.226328 0.267898
3 0.504619 0.351039 0.039261 0.124711
3 0.670901 0.314088 0.048499 0.078522
4 0.741339 0.362587 0.046189 0.064665
4 0.480370 0.412240 0.050808 0.057737
5 0.461894 0.314088 0.069284 0.133949
5 0.718245 0.258661 0.092379 0.110855
6 0.598152 0.642032 0.083141 0.203233
6 0.696305 0.633949 0.099307 0.182448
7 0.644342 0.817552 0.073903 0.133949
7 0.718245 0.794457 0.060046 0.106236
8 0.675953 0.944573 0.077079 0.092379
8 0.748268 0.924942 0.069284 0.103926
9 0.561490 0.122691 0.103926 0.092379
12 0.571594 0.186201 0.083718 0.034642
13 0.461894 0.309613 0.054850 0.093822
13 0.705831 0.254763 0.063510 0.090935
15 0.749856 0.924269 0.053406 0.080831
15 0.679850 0.956746 0.040416 0.059180
17 0.597575 0.402714 0.196305 0.248268