9 0.485564 0.114657 0.196160 0.070452
11 0.499724 0.166114 0.156790 0.028319
1 0.484528 0.152645 0.185799 0.165769
17 0.514919 0.376433 0.256251 0.270756
2 0.510775 0.376779 0.281116 0.293549
3 0.661348 0.315997 0.066998 0.140213
3 0.333264 0.340171 0.104296 0.158171
4 0.357439 0.476585 0.101533 0.116038
4 0.681379 0.439978 0.072524 0.107750
13 0.692775 0.533914 0.067689 0.070452
13 0.406479 0.565686 0.104296 0.067689
5 0.410623 0.567067 0.119492 0.067689
5 0.695193 0.530460 0.076668 0.078740
6 0.468642 0.592623 0.130543 0.149192
6 0.599185 0.590206 0.119492 0.136069
7 0.596077 0.708661 0.103605 0.100843
7 0.449302 0.720403 0.101533 0.102224
15 0.461735 0.771861 0.119492 0.158171
15 0.630612 0.750104 0.165769 0.145048
8 0.642009 0.780495 0.169222 0.080122
8 0.468297 0.810885 0.104987 0.078740
0 0.511155 0.458661 0.541995 0.851706