0 0.386836 0.490762 0.528868 0.976905
1 0.281755 0.094688 0.244804 0.166282
2 0.309469 0.373364 0.304850 0.377213
3 0.365163 0.227483 0.236099 0.080831
4 0.542725 0.170901 0.092379 0.115473
5 0.583141 0.051963 0.108545 0.103926
4 0.437989 0.117297 0.063207 0.066853
5 0.496333 0.044974 0.058344 0.068069
6 0.272679 0.653742 0.145861 0.171387
6 0.244115 0.811758 0.120335 0.134922
7 0.368705 0.622746 0.041327 0.106965
8 0.297597 0.922369 0.217576 0.079008
8 0.363235 0.785625 0.108180 0.082655
10 0.271464 0.088124 0.170171 0.139784
11 0.360196 0.096025 0.058344 0.024310
14 0.570479 0.049228 0.075362 0.083870
14 0.497549 0.046797 0.041327 0.052267
15 0.297597 0.928447 0.205421 0.054698
15 0.355334 0.799603 0.087517 0.054698
17 0.314088 0.369515 0.290993 0.364896