0 0.396552 0.537069 0.362069 0.850000
13 0.254310 0.330172 0.056897 0.098276
13 0.487069 0.303448 0.060345 0.086207
1 0.364655 0.217241 0.105172 0.182759
9 0.362931 0.175862 0.091379 0.082759
11 0.361207 0.221552 0.067241 0.032759
2 0.379310 0.417241 0.158621 0.258621
17 0.378448 0.421552 0.132759 0.218966
3 0.296552 0.388793 0.031034 0.118966
3 0.470690 0.374138 0.041379 0.103448
4 0.500862 0.385345 0.022414 0.084483
4 0.262931 0.416379 0.036207 0.084483
5 0.258621 0.324138 0.031034 0.068966
5 0.491379 0.299138 0.037931 0.067241
6 0.370690 0.635345 0.075862 0.170690
6 0.439655 0.637069 0.048276 0.160345
7 0.376724 0.808621 0.050000 0.162069
7 0.441379 0.793103 0.058621 0.151724
8 0.447414 0.907759 0.060345 0.053448
8 0.381034 0.919828 0.055172 0.046552
15 0.384483 0.899138 0.048276 0.077586
15 0.441379 0.895690 0.065517 0.081034