0 0.546189 0.496921 0.297921 0.856813
1 0.565820 0.165512 0.110855 0.175520
2 0.562356 0.412625 0.140878 0.300231
3 0.491917 0.327175 0.064665 0.110855
4 0.467667 0.436875 0.048499 0.080831
3 0.639723 0.336413 0.073903 0.110855
4 0.683603 0.447267 0.060046 0.073903
5 0.442263 0.529253 0.062356 0.103926
5 0.703233 0.529253 0.066975 0.080831
6 0.543880 0.632025 0.066975 0.129330
6 0.613164 0.635489 0.057737 0.122402
7 0.548499 0.757891 0.043880 0.094688
7 0.610855 0.748653 0.034642 0.076212
8 0.555427 0.869002 0.076212 0.104439
8 0.633949 0.828329 0.076212 0.064665
9 0.576940 0.119750 0.088102 0.085536
11 0.571807 0.183474 0.064152 0.023095
13 0.438229 0.533601 0.049611 0.091523
13 0.693126 0.526331 0.030793 0.066718
15 0.553702 0.871183 0.039347 0.089813
15 0.630257 0.826277 0.055598 0.056454
17 0.566105 0.410572 0.132581 0.292533