0 0.641647 0.475751 0.445727 0.632794
1 0.712086 0.226328 0.157044 0.124711
2 0.671670 0.364896 0.307159 0.189376
3 0.804465 0.375289 0.106236 0.127021
4 0.781370 0.471132 0.064665 0.060046
3 0.537721 0.321016 0.113164 0.101617
4 0.506543 0.409931 0.069284 0.057737
5 0.492687 0.488453 0.078522 0.085450
5 0.745573 0.538106 0.090069 0.073903
13 0.744419 0.538106 0.064665 0.055427
13 0.494996 0.480370 0.055427 0.055427
6 0.656659 0.527714 0.092379 0.085450
6 0.553888 0.518476 0.062356 0.090069
7 0.650885 0.609700 0.076212 0.069284
7 0.511162 0.584296 0.060046 0.046189
8 0.628945 0.700924 0.092379 0.122402
8 0.486913 0.670901 0.108545 0.122402
15 0.478830 0.667436 0.069284 0.101617
15 0.626636 0.697460 0.078522 0.106236
9 0.708062 0.204703 0.124921 0.077682
11 0.707012 0.239345 0.097628 0.039891
17 0.674995 0.373714 0.251942 0.193156