10 0.333254 0.102362 0.179572 0.065617
10 0.739759 0.143701 0.167732 0.048556
10 0.226695 0.118110 0.100639 0.034121
12 0.363841 0.148294 0.122346 0.023622
11 0.704239 0.187664 0.136159 0.026247
1 0.718052 0.186352 0.246665 0.162730
1 0.332268 0.141732 0.209172 0.183727
1 0.204988 0.135827 0.092746 0.082677
4 0.380614 0.406824 0.136159 0.094488
4 0.901946 0.407480 0.196108 0.087927
4 0.614453 0.403543 0.142079 0.051181
14 0.480267 0.448163 0.074986 0.059055
14 0.509867 0.437008 0.078933 0.049869
14 0.769358 0.450131 0.112479 0.055118
14 0.303654 0.498688 0.041440 0.034121
14 0.310561 0.464567 0.074986 0.023622
5 0.479280 0.449475 0.100639 0.082677
5 0.513813 0.436352 0.110506 0.066929
5 0.771332 0.452100 0.147999 0.074803
5 0.313521 0.466535 0.104586 0.035433
5 0.311548 0.506562 0.069066 0.044619
6 0.364827 0.549213 0.155892 0.203412
6 0.122109 0.570210 0.171679 0.229659
6 0.253335 0.570210 0.157866 0.240157
6 0.854211 0.625328 0.179572 0.232283
6 0.721012 0.644357 0.126293 0.199475
18 0.243468 0.330709 0.272318 0.270341
18 0.775278 0.359580 0.195359 0.188976
2 0.779225 0.368110 0.266398 0.229659
2 0.234588 0.326772 0.329545 0.293963
7 0.242482 0.805774 0.175626 0.215223
7 0.078696 0.821522 0.132213 0.244094
7 0.851251 0.832021 0.181546 0.175853
7 0.717065 0.842520 0.173652 0.191601
7 0.363841 0.751312 0.142079 0.213911
3 0.266161 0.305774 0.167732 0.139108
3 0.931171 0.302493 0.128266 0.148294
15 0.289841 0.946850 0.179572 0.053806
15 0.109282 0.965223 0.201279 0.053806
15 0.397387 0.889108 0.094719 0.061680
15 0.869998 0.954068 0.179572 0.049869
15 0.723972 0.950787 0.167732 0.048556
8 0.874931 0.953412 0.221012 0.074803
8 0.705225 0.952756 0.189439 0.052493
8 0.402321 0.887139 0.124319 0.089239
8 0.292801 0.946850 0.217065 0.085302
8 0.110881 0.965223 0.221762 0.069554
0 0.270720 0.509186 0.541440 0.981627
0 0.748027 0.528871 0.503946 0.942257