0 0.653244 0.604331 0.475449 0.565617
11 0.662837 0.382452 0.067360 0.024997
10 0.665176 0.357455 0.081393 0.027497
1 0.665644 0.380577 0.102911 0.083740
18 0.678742 0.513061 0.170271 0.176228
2 0.676871 0.514936 0.187111 0.192476
3 0.775104 0.468691 0.056133 0.079990
3 0.584719 0.470566 0.040229 0.093738
4 0.777911 0.517748 0.046778 0.038120
4 0.556184 0.539308 0.067360 0.057493
13 0.517826 0.583365 0.031809 0.033121
13 0.747505 0.541495 0.072038 0.026872
5 0.745634 0.542745 0.087007 0.036870
5 0.517359 0.581802 0.045842 0.042495
6 0.710083 0.650231 0.085136 0.084364
6 0.619802 0.648356 0.084200 0.080615
7 0.709147 0.741782 0.075780 0.094988
7 0.621205 0.732721 0.066424 0.086864
15 0.619334 0.804274 0.087007 0.039995
15 0.705873 0.806462 0.063618 0.030621
8 0.708680 0.807087 0.084200 0.040620
8 0.616060 0.804587 0.114138 0.043120