10 0.672875 0.066273 0.300234 0.132546
14 0.665873 0.452100 0.121669 0.203412
14 0.460611 0.816273 0.112041 0.149606
10 0.348570 0.054462 0.367633 0.108924
12 0.364326 0.119423 0.189069 0.052493
12 0.630422 0.181759 0.154056 0.087927
1 0.370453 0.173228 0.262595 0.346456
1 0.678565 0.193570 0.346626 0.387139
3 0.931532 0.599738 0.131298 0.721785
3 0.140682 0.590551 0.126921 0.653543
3 0.603725 0.520997 0.125170 0.469816
18 0.377018 0.585958 0.375511 0.615486
18 0.779226 0.604331 0.187318 0.791338
4 0.781852 0.732283 0.182066 0.506562
4 0.606789 0.833333 0.166310 0.212598
4 0.130616 0.920604 0.140051 0.143045
2 0.380519 0.612861 0.398270 0.627297
2 0.791043 0.626640 0.191695 0.746719
0 0.728458 0.500000 0.507684 1.000000
0 0.321873 0.497375 0.554076 0.989501