0 0.439138 0.582759 0.460345 0.444828
0 0.607241 0.452586 0.220690 0.477586
0 0.806379 0.525862 0.243103 0.534483
0 0.259828 0.486207 0.246552 0.572414
1 0.744310 0.345690 0.098276 0.167241
1 0.458103 0.496552 0.143103 0.234483
1 0.562414 0.320690 0.120690 0.168966
1 0.287414 0.308621 0.150000 0.189655
9 0.276207 0.268103 0.124138 0.112069
9 0.570172 0.274138 0.105172 0.079310
9 0.741724 0.308621 0.079310 0.093103
10 0.448621 0.429310 0.127586 0.096552
12 0.458103 0.493103 0.091379 0.034483
12 0.572759 0.329310 0.075862 0.024138
12 0.737414 0.357759 0.050000 0.032759
12 0.272759 0.307759 0.089655 0.025862
2 0.287414 0.531034 0.201724 0.296552
2 0.465862 0.681034 0.337931 0.224138
2 0.776207 0.519828 0.196552 0.263793
2 0.596897 0.536207 0.127586 0.265517
17 0.278793 0.549138 0.174138 0.284483
18 0.777931 0.522414 0.141379 0.231034
18 0.590000 0.542241 0.131034 0.305172
18 0.447759 0.689655 0.274138 0.206897
3 0.179655 0.524138 0.058621 0.220690
3 0.877069 0.462931 0.108621 0.125862
3 0.672759 0.521552 0.062069 0.170690
3 0.608965 0.701724 0.075862 0.175862
3 0.297759 0.702586 0.098276 0.181034
4 0.605517 0.576724 0.093103 0.060345
4 0.880517 0.578448 0.070690 0.098276
5 0.828793 0.639655 0.043103 0.044828
5 0.539138 0.542241 0.043103 0.046552
14 0.541724 0.543103 0.048276 0.062069
14 0.822759 0.631897 0.051724 0.053448