0 0.651089 0.501969 0.697822 0.996062
11 0.603288 0.150919 0.141801 0.083990
10 0.596285 0.068898 0.159308 0.085302
1 0.598911 0.150262 0.178565 0.290026
18 0.643552 0.509843 0.252092 0.395013
2 0.636987 0.510499 0.291481 0.427822
3 0.783165 0.325459 0.153181 0.188976
3 0.516193 0.478346 0.098911 0.321522
4 0.511379 0.778871 0.094534 0.282152
4 0.828244 0.477690 0.091033 0.152231
14 0.844875 0.678478 0.106789 0.225722
14 0.478117 0.945538 0.119043 0.048556
5 0.472427 0.949475 0.168936 0.072178
5 0.844875 0.694882 0.122544 0.237533
16 0.899583 0.959974 0.121669 0.080052
8 0.904834 0.956693 0.175939 0.086614
7 0.676377 0.858268 0.245964 0.278215
7 0.827369 0.830052 0.085781 0.135171