7 0.549138 0.944828 0.118966 0.110344
7 0.718103 0.943966 0.112069 0.112068
0 0.638793 0.516379 0.574138 0.967241
1 0.669310 0.160345 0.193103 0.244828
9 0.665000 0.102586 0.170690 0.115517
12 0.654655 0.176724 0.118966 0.050000
2 0.658103 0.464655 0.360345 0.432759
17 0.661552 0.470690 0.343103 0.441379
3 0.489138 0.298276 0.112069 0.072414
4 0.450345 0.231034 0.155172 0.155172
4 0.835690 0.250862 0.136207 0.160345
5 0.563276 0.115517 0.101724 0.103448
5 0.727069 0.112069 0.098276 0.113793
14 0.558965 0.115517 0.096552 0.093103
14 0.721897 0.114655 0.112069 0.118966
6 0.562414 0.788793 0.131034 0.187931
6 0.728793 0.786207 0.150000 0.193103