0 0.456804 0.438542 0.532119 0.821658
1 0.505774 0.144342 0.240185 0.163972
2 0.459584 0.369857 0.351039 0.341117
3 0.648961 0.342956 0.087760 0.173210
4 0.627021 0.486143 0.094688 0.080831
3 0.297921 0.274827 0.101617 0.147806
4 0.287529 0.397229 0.103926 0.069284
5 0.269438 0.494953 0.107775 0.114019
5 0.586605 0.570439 0.115473 0.073903
6 0.323326 0.590069 0.152425 0.076212
6 0.468822 0.586605 0.092379 0.078522
7 0.463604 0.658056 0.097511 0.056454
7 0.294243 0.642660 0.083825 0.029082
8 0.444359 0.767970 0.106920 0.146266
8 0.266017 0.733898 0.143700 0.138568
9 0.532033 0.115473 0.183047 0.094089
11 0.514926 0.158241 0.145411 0.063297
13 0.249765 0.485844 0.054743 0.076982
13 0.576084 0.562826 0.067573 0.041057
15 0.443931 0.767685 0.092379 0.129159
15 0.259601 0.729621 0.117184 0.130015
17 0.487127 0.360961 0.336156 0.323326