0 0.387606 0.337311 0.357968 0.519117
1 0.340262 0.129715 0.143187 0.099307
2 0.362202 0.261355 0.224018 0.163972
3 0.276751 0.246343 0.076212 0.092379
3 0.455735 0.223249 0.060046 0.087760
4 0.271491 0.332050 0.055427 0.055427
4 0.470105 0.292019 0.058507 0.030793
5 0.286118 0.399484 0.087760 0.074524
5 0.488581 0.348986 0.046189 0.052348
6 0.356171 0.418270 0.052348 0.101617
6 0.446835 0.382913 0.067393 0.058398
7 0.363870 0.492943 0.061586 0.038491
7 0.454709 0.434437 0.052348 0.029253
8 0.373877 0.546831 0.078522 0.066205
8 0.470875 0.492173 0.100077 0.067744
9 0.338465 0.107775 0.124711 0.052348
11 0.365409 0.139338 0.070824 0.029253
13 0.280580 0.395648 0.049836 0.059560
13 0.490256 0.343382 0.026741 0.035250
15 0.372959 0.545156 0.057129 0.057129
15 0.468376 0.488027 0.089948 0.054698
17 0.359588 0.261335 0.178680 0.160447