0 0.364474 0.508908 0.320943 0.717585
2 0.335826 0.390300 0.193629 0.235566
1 0.473679 0.221709 0.095935 0.129330
3 0.387606 0.274827 0.071594 0.092379
5 0.396844 0.428406 0.071594 0.103926
6 0.378680 0.593863 0.116573 0.138568
7 0.409472 0.739030 0.061586 0.129770
7 0.328641 0.720884 0.045090 0.095678
6 0.292899 0.571868 0.043990 0.090179
14 0.399025 0.436050 0.051688 0.086880
9 0.473258 0.206203 0.087980 0.091279
17 0.365483 0.367865 0.202353 0.216650
0 0.546941 0.398108 0.186957 0.402507
1 0.585982 0.260640 0.102276 0.118773
2 0.534294 0.346420 0.089080 0.123172
3 0.603578 0.357968 0.040691 0.084681
4 0.612376 0.440999 0.045090 0.061586
5 0.618100 0.513032 0.038942 0.060486
6 0.484805 0.446497 0.053888 0.068184
6 0.550240 0.453096 0.061586 0.068184
7 0.481506 0.543407 0.034092 0.103640
7 0.589281 0.544045 0.031893 0.100517
9 0.587221 0.249731 0.090531 0.092379
14 0.617141 0.508379 0.023095 0.038491
17 0.536025 0.348986 0.155675 0.094089