10 0.519262 0.144357 0.105300 0.089239
1 0.509845 0.215879 0.153241 0.290026
12 0.514982 0.219816 0.083041 0.053806
14 0.392560 0.219160 0.064207 0.131234
14 0.339482 0.236220 0.057358 0.123360
5 0.337342 0.232940 0.068488 0.156168
5 0.396413 0.219816 0.049653 0.158793
18 0.480310 0.643045 0.193477 0.493438
2 0.481594 0.641732 0.213167 0.524934
3 0.580473 0.441601 0.075336 0.127297
3 0.333918 0.500000 0.133551 0.191601
3 0.319792 0.440945 0.081329 0.288714
3 0.464044 0.412730 0.147248 0.237533
0 0.450775 0.506562 0.495679 0.960630