0 0.395689 0.488453 0.475751 0.949192
1 0.483449 0.145497 0.189376 0.193995
9 0.498460 0.115473 0.094688 0.106236
12 0.485758 0.173210 0.064665 0.055427
2 0.425712 0.396074 0.249423 0.288684
3 0.525019 0.340647 0.041570 0.103926
3 0.353691 0.310068 0.066718 0.087247
4 0.279916 0.305577 0.055171 0.101360
5 0.331879 0.207425 0.087247 0.087247
14 0.335087 0.209349 0.065435 0.055171
5 0.579506 0.315200 0.061586 0.123172
14 0.577581 0.304935 0.039774 0.066718
6 0.362031 0.628047 0.078265 0.175776
6 0.281199 0.609443 0.075699 0.133436
7 0.321615 0.794201 0.074416 0.118040
7 0.240142 0.749294 0.093662 0.136002
8 0.268451 0.895857 0.062770 0.092971
15 0.264010 0.897337 0.038491 0.081720
8 0.195910 0.884013 0.069284 0.117842
15 0.191173 0.877796 0.053888 0.092379
17 0.438318 0.388039 0.178984 0.281467