0 0.645497 0.500000 0.607390 0.995381
1 0.543880 0.117783 0.242494 0.212471
2 0.606236 0.493072 0.436490 0.528868
3 0.772517 0.297921 0.173210 0.249423
3 0.404157 0.392610 0.120092 0.212471
4 0.430716 0.563510 0.154734 0.096998
4 0.853349 0.497691 0.108545 0.122402
5 0.557737 0.642032 0.113164 0.120092
5 0.890300 0.651270 0.113164 0.143187
6 0.621247 0.878753 0.193995 0.210162
6 0.806005 0.872979 0.143187 0.207852
9 0.526559 0.043880 0.207852 0.064665
12 0.530023 0.106236 0.154734 0.032333
14 0.554273 0.645497 0.096998 0.103926
14 0.896074 0.651270 0.069284 0.115473
17 0.592379 0.472286 0.399538 0.565820