9 0.482940 0.174541 0.160105 0.062992
11 0.493438 0.218504 0.139108 0.022310
1 0.482940 0.194226 0.170604 0.131234
17 0.458005 0.380577 0.217848 0.215223
2 0.454724 0.381890 0.221785 0.244094
4 0.624672 0.429134 0.099738 0.081365
3 0.603018 0.329396 0.103675 0.078740
4 0.333990 0.450131 0.066929 0.091864
3 0.330052 0.337270 0.087927 0.118110
13 0.344488 0.532152 0.074803 0.040682
5 0.345801 0.534777 0.103675 0.056430
13 0.631234 0.512467 0.049869 0.064304
5 0.633858 0.513123 0.070866 0.076115
6 0.505906 0.564304 0.122047 0.091864
6 0.391076 0.561024 0.102362 0.098425
7 0.368766 0.660105 0.102362 0.099738
7 0.480971 0.662073 0.087927 0.098425
15 0.495407 0.704724 0.122047 0.115486
15 0.354987 0.711942 0.077428 0.140420
8 0.341207 0.741470 0.076115 0.115486
8 0.492782 0.742782 0.127297 0.070866
0 0.456693 0.461286 0.459318 0.712598