12 0.583990 0.184383 0.128455 0.030184
0 0.659086 0.535433 0.618558 0.929134
0 0.258901 0.377297 0.343863 0.452756
0 0.065223 0.309055 0.130446 0.463255
12 0.199614 0.232283 0.090906 0.031496
12 0.024711 0.204068 0.049421 0.024934
10 0.232222 0.192257 0.187741 0.048556
10 0.613633 0.140420 0.274695 0.068241
10 0.055342 0.175197 0.110684 0.043307
1 0.607704 0.184383 0.282600 0.211286
1 0.233210 0.232940 0.217385 0.140420
1 0.058306 0.203412 0.116612 0.118110
14 0.793469 0.804462 0.108692 0.057743
14 0.298425 0.658793 0.126478 0.094488
5 0.289532 0.658793 0.164027 0.120735
5 0.795445 0.801837 0.140312 0.076115
18 0.628455 0.573491 0.300386 0.490814
18 0.249020 0.470472 0.146241 0.237533
18 0.069183 0.396982 0.138336 0.206037
2 0.073128 0.399606 0.146256 0.229659
2 0.627466 0.566273 0.357696 0.526247
2 0.255936 0.468504 0.211456 0.267717
3 0.866589 0.468504 0.199599 0.341207
3 0.432808 0.446850 0.110669 0.271654
3 0.388343 0.407480 0.081025 0.135171
3 0.092890 0.646982 0.185780 0.254593
4 0.387355 0.557087 0.249004 0.122047
6 0.345855 0.739501 0.150193 0.132546
6 0.258901 0.768373 0.098811 0.072178
7 0.364629 0.869423 0.128455 0.116798
7 0.279651 0.841207 0.041501 0.073491
15 0.367593 0.971129 0.114621 0.057742
15 0.258901 0.961286 0.169955 0.051181
15 0.160090 0.877953 0.166003 0.081365
15 0.087957 0.850394 0.156122 0.049869
8 0.370557 0.969160 0.156122 0.061680
8 0.246055 0.961942 0.195646 0.055118
8 0.167994 0.875328 0.205527 0.086614
8 0.094874 0.851050 0.173908 0.074803