0 0.883621 0.363793 0.167241 0.455172
17 0.890517 0.309483 0.070690 0.167241
17 0.491379 0.318966 0.068966 0.158621
17 0.293103 0.313793 0.072414 0.158621
17 0.241379 0.289655 0.031034 0.144828
17 0.235345 0.722414 0.101724 0.203448
0 0.490517 0.389655 0.136207 0.451724
0 0.235345 0.693103 0.132759 0.365517
0 0.307759 0.387931 0.105172 0.444828
0 0.243103 0.326724 0.058621 0.343103
0 0.533621 0.611207 0.122414 0.281034
0 0.187069 0.575862 0.056897 0.200000
17 0.556897 0.631034 0.062069 0.155172
1 0.862069 0.197414 0.044828 0.087931
1 0.473276 0.205172 0.046552 0.072414
1 0.301724 0.205172 0.031034 0.062069
1 0.261207 0.198276 0.046552 0.079310
1 0.215517 0.566379 0.058621 0.105172
1 0.526724 0.537069 0.025862 0.043103
1 0.188641 0.523834 0.043611 0.082150
9 0.188895 0.508621 0.034990 0.044625
9 0.216256 0.558744 0.044335 0.089901
9 0.525369 0.533498 0.023399 0.023399
9 0.473030 0.192118 0.033251 0.046798
9 0.304310 0.191502 0.025862 0.033251
9 0.264286 0.185037 0.038177 0.042488
9 0.864039 0.185591 0.035714 0.044335
2 0.895135 0.304126 0.056034 0.153325
2 0.490209 0.313978 0.051108 0.133621
2 0.291318 0.316133 0.060961 0.146552
2 0.245443 0.289655 0.029557 0.133005
2 0.556897 0.632328 0.052956 0.139778
2 0.229926 0.721305 0.075123 0.185961
3 0.329064 0.284729 0.025862 0.044335
3 0.460530 0.289963 0.022783 0.046182
3 0.233621 0.277648 0.024631 0.069581
3 0.254557 0.705603 0.033251 0.127463
3 0.524323 0.569889 0.037562 0.042488
3 0.872845 0.307820 0.025246 0.070813
4 0.858990 0.346305 0.036946 0.025862
4 0.499200 0.526724 0.022783 0.055419
4 0.232759 0.750308 0.056650 0.068350
4 0.354926 0.328510 0.032020 0.028941
4 0.223461 0.340825 0.010468 0.052340
4 0.442057 0.337438 0.028941 0.039409
6 0.305973 0.450062 0.035099 0.108990
6 0.477463 0.445751 0.044335 0.092980
6 0.502709 0.443904 0.019704 0.084360
6 0.249631 0.400493 0.027094 0.076355
6 0.280727 0.428510 0.027709 0.072044
6 0.229310 0.399569 0.020936 0.072044
6 0.229002 0.848337 0.064655 0.046182
6 0.539224 0.722106 0.063424 0.038793
6 0.879926 0.420443 0.027094 0.061576
6 0.906712 0.419520 0.019089 0.062192
7 0.875000 0.493719 0.024631 0.082512
7 0.900862 0.486638 0.013547 0.072044
7 0.307512 0.548522 0.014778 0.076355
7 0.285345 0.545443 0.014778 0.076355
7 0.257635 0.503571 0.018473 0.116995
7 0.233005 0.479249 0.024631 0.085591
7 0.470936 0.529187 0.020936 0.066502
8 0.225554 0.551970 0.014163 0.041872
8 0.258498 0.575062 0.017241 0.020320
8 0.311145 0.601847 0.026478 0.014778
8 0.284667 0.597537 0.010468 0.013547
8 0.461392 0.587993 0.027709 0.030172
8 0.860837 0.560160 0.038177 0.022783
8 0.895012 0.548153 0.019089 0.018473
15 0.894397 0.539224 0.025246 0.044951
15 0.858682 0.551847 0.041256 0.040640
15 0.313855 0.566010 0.027709 0.082512
15 0.461946 0.566010 0.029557 0.075123
15 0.285222 0.568781 0.014778 0.079433
15 0.226108 0.540456 0.020936 0.057266
15 0.257204 0.567241 0.022783 0.033251