0 0.615473 0.540801 0.219400 0.903002
1 0.598152 0.187452 0.124711 0.182448
2 0.621348 0.438029 0.110652 0.314088
3 0.625866 0.374519 0.069284 0.168591
4 0.655889 0.516551 0.032333 0.110855
5 0.655889 0.641263 0.069284 0.106236
6 0.583141 0.686297 0.062356 0.159353
6 0.643187 0.733641 0.048499 0.073903
7 0.585450 0.821401 0.053118 0.092379
7 0.635104 0.811008 0.036952 0.062356
8 0.580831 0.925327 0.099307 0.096998
8 0.644342 0.879138 0.055427 0.060046
9 0.590069 0.142032 0.103926 0.085450
11 0.593533 0.207852 0.073903 0.036952
13 0.653580 0.639723 0.073903 0.101617
15 0.577367 0.923788 0.078522 0.083141
15 0.641992 0.878814 0.042543 0.051051
17 0.604311 0.436368 0.059560 0.301446