0 0.208519 0.695538 0.332621 0.608924
0 0.535888 0.625984 0.332621 0.577428
0 0.613354 0.547900 0.107664 0.245407
0 0.809425 0.596457 0.198697 0.437008
0 0.937318 0.562336 0.125364 0.442257
11 0.183573 0.527559 0.086656 0.039370
11 0.517944 0.494094 0.084906 0.032808
12 0.609415 0.523622 0.064774 0.028871
11 0.868071 0.510499 0.074402 0.041995
11 0.934158 0.469816 0.056020 0.026247
9 0.933282 0.423885 0.080529 0.047244
9 0.874198 0.449475 0.083155 0.082677
9 0.608102 0.469816 0.097160 0.057743
9 0.500000 0.434383 0.108539 0.089239
9 0.151186 0.466535 0.142677 0.087927
3 0.106107 0.782152 0.119043 0.178478
3 0.273730 0.703412 0.072651 0.146982
3 0.412031 0.673885 0.070901 0.206037
3 0.592346 0.672572 0.053394 0.169291
3 0.760407 0.652887 0.058646 0.195538
3 0.986773 0.593832 0.026453 0.098425
3 0.932407 0.651575 0.063023 0.137795
4 0.226463 0.824147 0.149679 0.089239
4 0.474616 0.772310 0.127796 0.061680
4 0.649242 0.721785 0.069150 0.133858
14 0.323623 0.781496 0.072651 0.101050
14 0.662371 0.608924 0.058646 0.104987
14 0.970046 0.693570 0.045517 0.066929
14 0.836122 0.737533 0.059522 0.057743
5 0.838748 0.733596 0.071776 0.081365
5 0.967420 0.696194 0.052519 0.090551
5 0.667186 0.609580 0.075277 0.108924
5 0.327562 0.780840 0.084031 0.115486
18 0.173506 0.742126 0.166310 0.198163
2 0.176132 0.744094 0.192570 0.254593
18 0.503064 0.673885 0.160183 0.203412
2 0.498687 0.697507 0.214453 0.255906
18 0.855379 0.656824 0.113791 0.227034
18 0.934595 0.621391 0.070901 0.177165
2 0.850127 0.656168 0.140051 0.270341
2 0.939410 0.633202 0.077028 0.229659
1 0.149873 0.520997 0.173313 0.217848
1 0.496936 0.487533 0.128672 0.221785
1 0.622982 0.509186 0.104163 0.157480
1 0.863695 0.492782 0.090158 0.195538
1 0.945537 0.471785 0.085781 0.169291