0 0.075378 0.592823 0.146266 0.453672
1 0.044586 0.412657 0.076982 0.081794
2 0.058057 0.529093 0.109700 0.143380
3 0.112907 0.501668 0.034642 0.075058
4 0.125898 0.568546 0.029831 0.052925
5 0.129266 0.626764 0.030793 0.051963
5 0.021010 0.641680 0.033680 0.072171
6 0.103285 0.659482 0.059661 0.109700
6 0.034482 0.665255 0.041378 0.103926
9 0.038331 0.390525 0.066397 0.043303
12 0.038812 0.416987 0.053888 0.025019
14 0.132449 0.620991 0.021318 0.037899
14 0.018259 0.639644 0.023095 0.052703
17 0.055565 0.528316 0.101261 0.139160
7 0.090961 0.766176 0.054698 0.087517
7 0.027146 0.766176 0.046189 0.087517
0 0.111624 0.461083 0.086301 0.167740
1 0.097038 0.427049 0.057129 0.085086
9 0.099469 0.406385 0.054698 0.034034
0 0.162676 0.561363 0.100887 0.348851
1 0.148697 0.417325 0.053482 0.063207
2 0.157206 0.504842 0.094810 0.104534
3 0.192456 0.484786 0.024310 0.057129
4 0.193671 0.525505 0.021879 0.024310
5 0.170577 0.561971 0.034034 0.034034
6 0.168146 0.613022 0.036465 0.053482
7 0.171792 0.666505 0.024310 0.038896
8 0.182124 0.707224 0.037681 0.025526
9 0.150521 0.403954 0.052267 0.029172
5 0.170083 0.559806 0.030312 0.023095
0 0.290433 0.582616 0.151165 0.420603
1 0.277836 0.417454 0.067185 0.077682
2 0.286234 0.519281 0.117573 0.121772
3 0.338722 0.498285 0.029393 0.083981
3 0.238085 0.498677 0.038071 0.063769
4 0.235874 0.551809 0.027714 0.038799
4 0.342571 0.583218 0.028637 0.060970
5 0.240493 0.599384 0.033256 0.045266
6 0.317167 0.622941 0.035104 0.075751
6 0.266359 0.626174 0.036952 0.076674
7 0.322710 0.698691 0.029561 0.066513
7 0.269592 0.701925 0.032333 0.071132
8 0.329638 0.758276 0.048961 0.048961
8 0.272825 0.761971 0.057275 0.045266
15 0.331948 0.756428 0.035104 0.037875
15 0.269130 0.759199 0.038799 0.034180
14 0.238645 0.600308 0.022171 0.032333
14 0.344419 0.594765 0.024942 0.026790
9 0.282063 0.397537 0.059122 0.033256
12 0.282525 0.421555 0.039723 0.011085
17 0.284834 0.518553 0.103464 0.116397
0 0.478830 0.585065 0.110855 0.382448
1 0.480216 0.428945 0.058199 0.066513
2 0.479754 0.529176 0.090531 0.135797
3 0.444650 0.494072 0.033256 0.063741
4 0.448345 0.542109 0.035104 0.032333
3 0.517629 0.492687 0.025866 0.049885
17 0.484373 0.525019 0.092379 0.118245
14 0.485758 0.570285 0.045266 0.029561
6 0.499615 0.631717 0.034180 0.072979
6 0.455735 0.634026 0.031409 0.073903
7 0.507005 0.691301 0.028637 0.040647
7 0.461278 0.696844 0.027714 0.040647
8 0.513934 0.738414 0.040647 0.046189
8 0.454350 0.737028 0.050808 0.036028
9 0.480677 0.416474 0.051732 0.034180
12 0.477906 0.438183 0.031409 0.014781
14 0.484373 0.568899 0.033256 0.023095
15 0.451578 0.734719 0.041570 0.024018
15 0.513010 0.742571 0.027714 0.024942
0 0.609546 0.604003 0.152425 0.481293
1 0.606313 0.404465 0.075751 0.076674
2 0.607236 0.534257 0.116397 0.166282
6 0.633564 0.664973 0.050808 0.082217
6 0.577675 0.667283 0.038799 0.086836
7 0.580908 0.735181 0.036028 0.043418
7 0.641416 0.748576 0.040647 0.077598
8 0.564742 0.785989 0.060970 0.054503
8 0.642340 0.812779 0.049885 0.048961
9 0.601232 0.391994 0.060046 0.040647
12 0.601694 0.414627 0.038799 0.023095
3 0.564280 0.490377 0.037875 0.065589
3 0.658045 0.493610 0.033256 0.059122
4 0.644650 0.554119 0.050808 0.048961
4 0.566590 0.553195 0.031409 0.043418
5 0.590146 0.596613 0.048961 0.036028
15 0.563356 0.788299 0.052656 0.042494
15 0.641416 0.811393 0.031409 0.033256
14 0.591994 0.598460 0.039723 0.028637
17 0.604927 0.527791 0.102540 0.142263
0 0.860277 0.530023 0.265589 0.639723
1 0.845266 0.297921 0.207852 0.147806
2 0.883372 0.591224 0.200924 0.420323
3 0.804850 0.518476 0.113164 0.233256
4 0.789838 0.720554 0.092379 0.170901
17 0.893764 0.586605 0.184758 0.401848
9 0.847575 0.286374 0.133949 0.106236