0 0.845505 0.480315 0.261856 0.601050
0 0.334521 0.619423 0.494617 0.677165
10 0.856452 0.194554 0.129110 0.029528
10 0.250909 0.334646 0.174571 0.068241
12 0.828266 0.220801 0.070919 0.021654
1 0.852815 0.223097 0.129110 0.098425
1 0.254546 0.360236 0.183663 0.120735
18 0.832358 0.390748 0.130019 0.214567
18 0.274094 0.512795 0.224578 0.141076
2 0.274094 0.514764 0.257310 0.150262
2 0.835540 0.394357 0.156386 0.230971
3 0.925553 0.350394 0.061827 0.118110
3 0.781441 0.344816 0.048189 0.105643
3 0.439118 0.446194 0.141839 0.061680
3 0.129528 0.508530 0.068192 0.119423
4 0.911005 0.448163 0.076375 0.077428
4 0.762347 0.431102 0.044552 0.062992
4 0.460031 0.395669 0.080012 0.045932
14 0.435482 0.337598 0.085467 0.067585
14 0.870545 0.509186 0.051826 0.049869
14 0.750982 0.490814 0.058190 0.048556
5 0.752346 0.492454 0.077284 0.059711
5 0.872818 0.509186 0.069101 0.059055
5 0.435027 0.336942 0.104561 0.085958
6 0.885092 0.567585 0.113653 0.123360
6 0.801444 0.571194 0.053644 0.120079
6 0.433663 0.683071 0.074556 0.061680
7 0.878273 0.682415 0.112744 0.114173
7 0.808718 0.671916 0.048189 0.086614
7 0.401386 0.801509 0.082739 0.068898
7 0.289097 0.781496 0.074556 0.036745
15 0.282732 0.843504 0.078193 0.084646
15 0.359561 0.875984 0.055463 0.093176
15 0.777350 0.741470 0.105470 0.031496
8 0.780532 0.742126 0.131837 0.044619
8 0.356834 0.876640 0.075466 0.108924
8 0.282732 0.848425 0.105470 0.099738