0 0.553118 0.513087 0.293303 0.819861
1 0.566975 0.190916 0.150115 0.170901
2 0.579677 0.433410 0.138568 0.295612
3 0.584296 0.368745 0.046189 0.133949
4 0.584296 0.494611 0.055427 0.085450
5 0.565820 0.606620 0.064665 0.115473
6 0.554273 0.669592 0.055427 0.169669
6 0.623557 0.680523 0.041570 0.124711
7 0.535797 0.800616 0.023095 0.073903
7 0.633949 0.784450 0.057737 0.064665
8 0.508083 0.883757 0.124711 0.069284
8 0.626867 0.864126 0.090377 0.071594
9 0.553965 0.168591 0.092379 0.102540
11 0.541955 0.231409 0.035104 0.010162
13 0.565050 0.627252 0.040647 0.059122
15 0.505004 0.882679 0.099769 0.056351
15 0.627868 0.861432 0.077598 0.056351
17 0.585835 0.430793 0.121016 0.288222