0 0.408776 0.526559 0.466513 0.919169
1 0.553118 0.150115 0.127021 0.157044
2 0.508128 0.426097 0.175610 0.385681
3 0.539261 0.336028 0.066975 0.168591
4 0.511547 0.484988 0.085450 0.115473
5 0.431871 0.606236 0.083141 0.122402
6 0.391455 0.650115 0.057737 0.150115
7 0.360277 0.781755 0.050808 0.117783
8 0.311778 0.908776 0.120092 0.085450
6 0.353349 0.647806 0.055427 0.076212
10 0.546189 0.122402 0.076212 0.083141
12 0.519630 0.155889 0.036952 0.057737
14 0.433025 0.587760 0.062356 0.066975
15 0.314088 0.916859 0.110855 0.055427
8 0.272608 0.872617 0.119549 0.081511
15 0.271929 0.871258 0.104605 0.065209
17 0.506928 0.397229 0.177829 0.314088