0 0.511547 0.525789 0.284065 0.914550
1 0.508083 0.175905 0.092379 0.191686
2 0.511547 0.417244 0.145497 0.272517
3 0.449192 0.359507 0.053118 0.157044
3 0.584296 0.352579 0.064665 0.143187
4 0.429561 0.461124 0.069284 0.046189
4 0.587760 0.448422 0.043880 0.025404
5 0.398383 0.541955 0.039261 0.106236
5 0.586461 0.521603 0.059758 0.093245
6 0.536952 0.652874 0.034642 0.147934
6 0.482679 0.655857 0.064665 0.140044
7 0.515012 0.774057 0.032333 0.062356
7 0.480370 0.768283 0.041570 0.069284
8 0.536952 0.868745 0.090069 0.108545
8 0.453811 0.896459 0.076212 0.145497
9 0.505838 0.135040 0.076982 0.100077
11 0.506800 0.197588 0.055812 0.021170
14 0.399025 0.542084 0.030793 0.078907
14 0.580254 0.513376 0.034642 0.063510
15 0.526126 0.867975 0.053406 0.077945
15 0.458285 0.917052 0.047633 0.106813
17 0.507361 0.430379 0.142898 0.295901