0 0.516724 0.521552 0.274138 0.591379
1 0.491724 0.318103 0.144828 0.150000
9 0.489138 0.293966 0.108621 0.087931
12 0.470436 0.339452 0.021805 0.029412
17 0.553448 0.482759 0.137931 0.248276
2 0.559483 0.481034 0.139655 0.255172
3 0.590517 0.418103 0.060345 0.118966
4 0.539655 0.475862 0.096552 0.065517
4 0.450862 0.505172 0.039655 0.034483
5 0.461123 0.463737 0.053949 0.042269
5 0.416630 0.477364 0.042825 0.042825
13 0.462069 0.463793 0.044828 0.055172
13 0.420690 0.475862 0.037931 0.034483
6 0.566379 0.726724 0.125862 0.184483
6 0.468103 0.720690 0.087931 0.200000