0 0.541570 0.541186 0.284065 0.917628
1 0.539261 0.196690 0.131640 0.200924
2 0.515012 0.468822 0.147806 0.341801
3 0.575058 0.403002 0.064665 0.168591
4 0.594688 0.519630 0.071594 0.046189
5 0.646651 0.600462 0.096998 0.110855
5 0.472286 0.553118 0.057737 0.117783
6 0.536252 0.714781 0.105326 0.131640
7 0.534642 0.854503 0.076212 0.124711
8 0.533487 0.957275 0.129330 0.066975
9 0.541386 0.146601 0.095391 0.098403
11 0.569502 0.213375 0.031128 0.025103
13 0.639288 0.596445 0.050206 0.090371
13 0.467082 0.551762 0.035144 0.093383
15 0.527831 0.957425 0.088362 0.057235
17 0.512769 0.467416 0.142585 0.332363