0 0.457275 0.435335 0.480370 0.847575
1 0.576212 0.120092 0.219400 0.217090
2 0.456120 0.332050 0.270208 0.326918
3 0.355658 0.235566 0.124711 0.152425
4 0.329099 0.387991 0.076212 0.115473
3 0.637413 0.340647 0.073903 0.159353
4 0.614319 0.473441 0.050808 0.069284
5 0.578522 0.549654 0.085450 0.087760
5 0.330254 0.483834 0.115473 0.071594
6 0.472158 0.564409 0.127791 0.117783
6 0.349371 0.561714 0.116243 0.076982
7 0.436746 0.656017 0.090839 0.060816
7 0.308956 0.630228 0.072363 0.053888
8 0.424814 0.770593 0.140878 0.161663
8 0.295099 0.754426 0.089299 0.177059
9 0.575699 0.089299 0.165512 0.127791
11 0.593405 0.148191 0.116243 0.079292
13 0.333205 0.480370 0.077752 0.053888
13 0.577239 0.552733 0.071594 0.070824
15 0.427508 0.781370 0.130870 0.141647
15 0.289710 0.751347 0.075443 0.155504
17 0.514883 0.329869 0.277906 0.322556