9 0.459318 0.219160 0.146982 0.057743
12 0.440289 0.262467 0.095801 0.018373
1 0.456037 0.262467 0.153543 0.115486
17 0.471785 0.453412 0.169291 0.232283
2 0.468504 0.455381 0.202100 0.244094
3 0.574803 0.401575 0.062992 0.136483
4 0.576115 0.524934 0.062992 0.086614
4 0.362861 0.480971 0.040682 0.108924
14 0.347113 0.562992 0.051181 0.044619
14 0.560367 0.602362 0.078740 0.044619
6 0.418635 0.631890 0.073491 0.106299
6 0.521654 0.641076 0.108924 0.116798
7 0.549213 0.757874 0.106299 0.095801
7 0.423885 0.736877 0.083990 0.090551
15 0.391076 0.810367 0.125984 0.077428
15 0.536745 0.856299 0.104987 0.090551
8 0.542651 0.857612 0.135171 0.080052
8 0.398294 0.809711 0.129921 0.099738
5 0.559055 0.603675 0.104987 0.039370
5 0.343832 0.565617 0.070866 0.057743
0 0.468504 0.539370 0.417323 0.776903