0 0.429176 0.412240 0.431871 0.815242
1 0.506543 0.071594 0.217090 0.129330
2 0.451116 0.265589 0.300231 0.327945
3 0.303310 0.176674 0.115473 0.205543
3 0.594303 0.251732 0.060046 0.166282
4 0.270978 0.338337 0.078522 0.103926
4 0.561971 0.386836 0.069284 0.066975
5 0.571209 0.487298 0.078522 0.110855
5 0.274442 0.460739 0.103926 0.113164
6 0.485758 0.495381 0.092379 0.127021
6 0.371440 0.493072 0.062356 0.094688
7 0.481139 0.606236 0.106236 0.076212
7 0.303310 0.575058 0.096998 0.078522
8 0.498460 0.735566 0.187067 0.173210
15 0.492687 0.719400 0.152425 0.140878
8 0.320631 0.706697 0.163972 0.170901
15 0.314858 0.699769 0.120092 0.138568
13 0.268668 0.456120 0.073903 0.103926
13 0.576982 0.484988 0.053118 0.078522
11 0.514627 0.058891 0.173210 0.057737
17 0.459199 0.259815 0.274827 0.344111