0 0.393379 0.433611 0.558891 0.774844
1 0.237490 0.151270 0.196305 0.182448
2 0.326706 0.311561 0.370118 0.239750
3 0.462664 0.224018 0.129330 0.120092
3 0.187837 0.360277 0.096998 0.124711
4 0.215550 0.483834 0.078522 0.066975
4 0.506543 0.334873 0.069284 0.055427
5 0.537721 0.418014 0.062356 0.083141
5 0.260234 0.551963 0.089366 0.073903
13 0.264250 0.554942 0.059243 0.050206
13 0.536366 0.419888 0.051210 0.059243
6 0.359641 0.547913 0.105432 0.080329
6 0.492687 0.486662 0.112461 0.100412
7 0.373197 0.622720 0.106436 0.061251
7 0.505740 0.563979 0.088362 0.048198
8 0.558958 0.651839 0.162667 0.097399
8 0.404324 0.727650 0.114469 0.142585
15 0.411353 0.733675 0.092379 0.112461
15 0.559963 0.649329 0.138568 0.082338
17 0.334204 0.337049 0.386585 0.317301
9 0.226261 0.131037 0.158650 0.099408
11 0.255380 0.184255 0.120494 0.079325