11 0.555064 0.208005 0.104884 0.064304
3 0.683548 0.611549 0.136350 0.438320
3 0.443625 0.582021 0.090026 0.292651
10 0.575167 0.124672 0.143342 0.091864
12 0.473342 0.295276 0.055064 0.031496
10 0.481208 0.251969 0.107506 0.060367
1 0.584344 0.219816 0.158201 0.279528
1 0.473342 0.306430 0.104010 0.195538
18 0.558560 0.651575 0.132854 0.455381
18 0.483830 0.587270 0.077789 0.332021
2 0.569923 0.660105 0.166067 0.490814
2 0.486015 0.598425 0.099640 0.359580
4 0.385938 0.662073 0.105758 0.103675
4 0.589152 0.877297 0.164319 0.219160
4 0.466787 0.762467 0.075167 0.181102
14 0.451054 0.917323 0.052442 0.131234
5 0.451054 0.921916 0.071671 0.150919
14 0.486452 0.942257 0.025347 0.081365
14 0.285424 0.685696 0.083033 0.066929
5 0.485141 0.941601 0.038458 0.082677
5 0.284550 0.688320 0.095270 0.095801
0 0.576915 0.524278 0.344370 0.951444
0 0.389871 0.507874 0.319897 0.706037