0 0.860977 0.496886 0.221499 0.625656
1 0.890895 0.273112 0.155364 0.166212
2 0.930786 0.568269 0.088180 0.432501
5 0.836833 0.531528 0.175310 0.077682
9 0.883547 0.219400 0.130170 0.058786
12 0.869900 0.256141 0.069284 0.023095
14 0.820561 0.530128 0.113374 0.062986
17 0.930261 0.541675 0.070334 0.354818
0 0.776495 0.503464 0.259174 0.623557
1 0.768343 0.280985 0.143898 0.175875
2 0.820856 0.518849 0.170759 0.364564
3 0.848499 0.429869 0.091455 0.153349
4 0.788915 0.601694 0.096074 0.068360
5 0.689145 0.591532 0.075751 0.062818
6 0.846651 0.758737 0.104388 0.105312
6 0.747806 0.753657 0.072979 0.100693
9 0.766282 0.244496 0.135797 0.103464
12 0.746420 0.300847 0.064665 0.025866
14 0.683603 0.590608 0.060970 0.048037
17 0.819861 0.523800 0.119323 0.329099
0 0.617691 0.596937 0.325525 0.430650
1 0.574801 0.469592 0.156164 0.158364
3 0.603395 0.606511 0.087980 0.082481
3 0.717768 0.451446 0.098977 0.095678
4 0.611093 0.694490 0.087980 0.084681
5 0.511566 0.735731 0.100077 0.074783
6 0.673733 0.752914 0.025569 0.091554
9 0.555684 0.462792 0.111624 0.139338
12 0.573775 0.513600 0.023095 0.046959
14 0.514113 0.734154 0.077752 0.055427
17 0.692520 0.569027 0.082756 0.277136