0 0.380517 0.481897 0.136207 0.208621
4 0.039511 0.459555 0.020115 0.079741
4 0.414511 0.483477 0.011494 0.038793
4 0.348779 0.529454 0.013649 0.031609
4 0.407687 0.385920 0.030891 0.027299
0 0.399856 0.342816 0.077011 0.107759
0 0.069828 0.436638 0.084770 0.431897
0 0.046839 0.560704 0.037356 0.340374
1 0.340876 0.443894 0.049569 0.066810
1 0.394181 0.315445 0.038075 0.053879
1 0.054023 0.261925 0.047414 0.084770
10 0.051149 0.244325 0.037356 0.042385
9 0.337787 0.442960 0.031609 0.064655
9 0.392385 0.308261 0.031609 0.033764
2 0.405316 0.372198 0.040230 0.068247
2 0.381609 0.442601 0.070402 0.084052
2 0.052586 0.370043 0.050287 0.150144
18 0.051149 0.372917 0.037356 0.144397
17 0.389152 0.449713 0.073994 0.083333
17 0.407471 0.364655 0.030172 0.045977
3 0.389511 0.435417 0.040230 0.035201
3 0.422198 0.368606 0.010776 0.036638
5 0.415014 0.518678 0.015086 0.025862
5 0.053664 0.520474 0.013649 0.039511
5 0.385560 0.347055 0.015086 0.016523
14 0.388075 0.349928 0.017241 0.025144
14 0.417170 0.520187 0.012213 0.026580
14 0.050790 0.518391 0.015086 0.048851
3 0.349282 0.495043 0.014368 0.029454
6 0.376221 0.511925 0.030891 0.053161
6 0.070905 0.492170 0.032328 0.082615
7 0.072342 0.579095 0.023707 0.085489
7 0.049353 0.588434 0.017960 0.084052
7 0.031753 0.642960 0.012931 0.099138
6 0.035345 0.543822 0.012931 0.087644
8 0.050431 0.708333 0.037356 0.031609
8 0.055460 0.640445 0.028736 0.022270
8 0.084195 0.619612 0.040230 0.020833
15 0.084555 0.622126 0.040948 0.020115
15 0.055101 0.638721 0.032328 0.026580
15 0.048635 0.709483 0.035201 0.031609