0 0.204655 0.517241 0.218966 0.965517
14 0.483965 0.450000 0.056897 0.082759
14 0.415000 0.416379 0.067241 0.081034
0 0.508103 0.512069 0.260345 0.975862
1 0.227931 0.162069 0.110345 0.220690
1 0.508103 0.121552 0.105172 0.170690
10 0.500345 0.090517 0.068966 0.098276
9 0.222759 0.098276 0.079310 0.103448
11 0.233965 0.153448 0.036207 0.044828
11 0.481379 0.120690 0.031034 0.048276
2 0.531379 0.408621 0.113793 0.403448
2 0.215862 0.417241 0.151724 0.365517
17 0.215862 0.412069 0.120690 0.341379
18 0.535690 0.406897 0.105172 0.400000
3 0.590000 0.326724 0.051724 0.150000
3 0.133103 0.334483 0.044828 0.124138
4 0.127931 0.451724 0.034483 0.117241
4 0.558965 0.422414 0.068966 0.041379
5 0.422759 0.411207 0.055172 0.063793
5 0.483103 0.450000 0.037931 0.072414
6 0.508965 0.688793 0.044828 0.156897
6 0.558965 0.696552 0.055172 0.179310
6 0.245172 0.679310 0.044828 0.148276
6 0.190000 0.692241 0.062069 0.160345
7 0.171897 0.867241 0.053448 0.165517
7 0.236552 0.814655 0.037931 0.122414
7 0.507241 0.841379 0.034483 0.151724
7 0.567586 0.888793 0.058621 0.191379
8 0.252069 0.925000 0.075862 0.050000
8 0.487414 0.963793 0.063793 0.068966
8 0.168448 0.979310 0.036207 0.041379
15 0.251207 0.910345 0.074138 0.086207
15 0.166724 0.972414 0.043103 0.055172
15 0.492586 0.957759 0.060345 0.081034