0 0.378572 0.362043 0.377666 0.520310
1 0.301137 0.165059 0.130417 0.118190
2 0.344609 0.281212 0.274419 0.176606
6 0.350722 0.421818 0.096454 0.104605
6 0.461441 0.406195 0.081511 0.070643
7 0.373138 0.496536 0.067926 0.036680
7 0.489290 0.465969 0.063850 0.046189
8 0.516461 0.540008 0.093737 0.093737
15 0.515781 0.540008 0.076077 0.080152
8 0.386723 0.564461 0.081511 0.093737
15 0.388081 0.561065 0.065209 0.084228
3 0.469592 0.239777 0.076077 0.082869
4 0.497441 0.313816 0.050265 0.048906
5 0.511706 0.373591 0.051623 0.067926
13 0.511706 0.375628 0.046189 0.055699
3 0.234570 0.291401 0.067926 0.104605
4 0.257664 0.370874 0.043472 0.048906
5 0.278042 0.428610 0.078794 0.063850
13 0.280759 0.428610 0.057057 0.042114
9 0.305891 0.146040 0.099171 0.061133
11 0.309288 0.173889 0.059774 0.029887
17 0.338496 0.290721 0.248608 0.182040