0 0.618448 0.506034 0.515517 0.787931
1 0.753793 0.220690 0.241379 0.193103
9 0.755517 0.193966 0.217241 0.125862
11 0.694310 0.202586 0.101724 0.046552
2 0.657241 0.449138 0.337931 0.294828
17 0.662414 0.448276 0.303448 0.262069
3 0.750345 0.395690 0.172414 0.132759
4 0.675345 0.510345 0.194828 0.096552
5 0.571897 0.604310 0.136207 0.087931
13 0.569310 0.603448 0.100000 0.072414
6 0.620172 0.645690 0.150000 0.129310
6 0.541724 0.612931 0.058621 0.136207
7 0.575345 0.769828 0.139655 0.132759
7 0.533965 0.718966 0.053448 0.075862
8 0.488276 0.857759 0.217241 0.070690
8 0.457241 0.776724 0.134483 0.056897
15 0.505517 0.831034 0.237931 0.124138
15 0.464138 0.746552 0.148276 0.110345
5 0.509828 0.530172 0.039655 0.029310
13 0.508965 0.535345 0.031034 0.032759