0 0.486253 0.351461 0.196085 0.325708
1 0.487738 0.219583 0.071484 0.052788
2 0.517431 0.304263 0.095678 0.116573
3 0.466293 0.266872 0.046189 0.021995
4 0.429451 0.261923 0.016496 0.051688
7 0.442098 0.440632 0.054987 0.063785
7 0.496536 0.450530 0.047289 0.065985
6 0.502584 0.408739 0.032992 0.015396
6 0.434950 0.398292 0.036292 0.016496
8 0.434950 0.489021 0.067085 0.028593
8 0.495986 0.499468 0.030793 0.023095
9 0.489387 0.217383 0.061586 0.032992
15 0.434400 0.488471 0.061586 0.020895
15 0.496536 0.497269 0.023095 0.018696
17 0.523480 0.297665 0.081381 0.094578
0 0.245244 0.713369 0.175960 0.292533
1 0.227648 0.602295 0.072583 0.061586
2 0.212251 0.715019 0.072583 0.152865
3 0.217200 0.649584 0.060486 0.028593
4 0.272737 0.638586 0.037391 0.019795
5 0.303530 0.615492 0.026394 0.035192
6 0.224348 0.818945 0.050588 0.063785
6 0.183108 0.833792 0.029693 0.049489
9 0.229847 0.592397 0.068184 0.037391
14 0.304376 0.614082 0.019542 0.026648
17 0.209333 0.710014 0.060401 0.133239
0 0.651108 0.712694 0.126413 0.291722
1 0.625582 0.594790 0.060775 0.048620
2 0.635914 0.671367 0.083870 0.097241
6 0.668303 0.767257 0.045227 0.090454
6 0.625962 0.764370 0.037529 0.076982
7 0.683699 0.836541 0.047152 0.042340
7 0.629811 0.828362 0.039453 0.043303
17 0.633661 0.668142 0.068322 0.088530
9 0.624519 0.579613 0.042340 0.023095