0 0.562379 0.518373 0.809151 0.963254
15 0.286128 0.908136 0.153275 0.149606
15 0.777143 0.924541 0.147928 0.087927
8 0.794075 0.921916 0.217437 0.103675
8 0.284345 0.910761 0.188921 0.175853
7 0.429600 0.816273 0.240607 0.139108
7 0.727239 0.825459 0.155058 0.157480
6 0.691594 0.625328 0.147928 0.237533
6 0.485742 0.633202 0.196050 0.250656
3 0.483068 0.341864 0.147928 0.137795
3 0.753082 0.328740 0.217437 0.169291
4 0.799421 0.349081 0.092678 0.070866
4 0.617630 0.365486 0.153275 0.064304
13 0.724566 0.318898 0.053468 0.049869
14 0.740607 0.281496 0.089114 0.043307
5 0.745062 0.278215 0.126541 0.044619
5 0.729913 0.327428 0.092678 0.043307
18 0.558815 0.381890 0.281599 0.254593
2 0.550795 0.384514 0.308333 0.275591
9 0.528516 0.156168 0.199614 0.089239
12 0.488415 0.211942 0.080202 0.032808
1 0.531190 0.189633 0.279816 0.174541