0 0.512702 0.428406 0.545035 0.782910
1 0.493072 0.124711 0.200924 0.161663
2 0.490762 0.344111 0.348730 0.249423
3 0.661663 0.285219 0.108545 0.136259
4 0.666282 0.409931 0.090069 0.094688
5 0.637413 0.510393 0.101617 0.078522
3 0.329099 0.285219 0.085450 0.122402
4 0.330254 0.394919 0.101617 0.092379
6 0.564665 0.521940 0.094688 0.106236
6 0.435335 0.526559 0.094688 0.106236
7 0.570439 0.612009 0.083141 0.060046
7 0.434180 0.616628 0.092379 0.064665
8 0.584296 0.722864 0.096998 0.143187
8 0.415704 0.711316 0.092379 0.120092
9 0.483705 0.096228 0.177059 0.092379
11 0.468309 0.159738 0.130870 0.030793
5 0.345137 0.494611 0.065435 0.080831
13 0.629972 0.504234 0.065435 0.057737
15 0.585707 0.721709 0.092379 0.123172
15 0.418270 0.713048 0.080831 0.105851
17 0.487554 0.345458 0.296382 0.232871