0 0.490762 0.548499 0.376443 0.893764
1 0.504619 0.257506 0.163972 0.251732
2 0.491917 0.575058 0.203233 0.369515
3 0.394919 0.476905 0.073903 0.159353
3 0.598874 0.474692 0.063222 0.168784
4 0.625866 0.607390 0.055427 0.064665
4 0.356813 0.633949 0.062356 0.145497
5 0.646651 0.699769 0.069284 0.101617
5 0.329099 0.764434 0.057737 0.092379
6 0.517321 0.851039 0.078522 0.182448
6 0.426097 0.854503 0.099307 0.184758
7 0.530023 0.972286 0.080831 0.046189
7 0.429561 0.972286 0.069284 0.046189
10 0.497691 0.200924 0.122402 0.101617
11 0.497691 0.280600 0.094688 0.039261
14 0.650982 0.701020 0.049076 0.080831
14 0.333430 0.772710 0.051963 0.072171
17 0.482823 0.568466 0.160219 0.350751