9 0.517717 0.079396 0.190289 0.090551
11 0.522548 0.135707 0.162252 0.025650
1 0.514495 0.111847 0.180744 0.161656
13 0.449475 0.281854 0.135409 0.063827
13 0.581007 0.297960 0.126461 0.078144
5 0.451265 0.278871 0.143760 0.073372
5 0.583393 0.297960 0.127654 0.084109
4 0.645132 0.336733 0.147340 0.053090
4 0.444106 0.342400 0.172393 0.041756
3 0.367156 0.271713 0.080530 0.128251
3 0.682713 0.257695 0.088881 0.134813
17 0.527250 0.321908 0.291802 0.268643
2 0.526092 0.320364 0.306469 0.282538
6 0.476687 0.517987 0.142813 0.103443
6 0.617570 0.523776 0.140497 0.116566
7 0.643431 0.658484 0.125830 0.142041
7 0.504477 0.631851 0.127374 0.122742
15 0.514127 0.694766 0.120426 0.146673
15 0.685503 0.742242 0.142041 0.176779
8 0.686275 0.777752 0.125058 0.101127
8 0.515285 0.727574 0.133549 0.077968
0 0.559055 0.436352 0.496063 0.841207