12 0.523542 0.242126 0.086319 0.024934
12 0.398967 0.603675 0.084357 0.023622
0 0.692127 0.473097 0.615746 0.602362
0 0.385235 0.752625 0.649355 0.434383
9 0.515694 0.209974 0.149097 0.031496
9 0.383273 0.579396 0.119670 0.035433
1 0.393082 0.589239 0.158906 0.083990
1 0.526484 0.231627 0.202065 0.101050
3 0.674600 0.288058 0.109861 0.093176
3 0.504904 0.652887 0.127517 0.085302
3 0.428394 0.662730 0.115746 0.070866
18 0.551988 0.670604 0.178524 0.144357
18 0.666753 0.343832 0.235416 0.146982
2 0.673619 0.346457 0.284461 0.173228
2 0.537274 0.677165 0.247187 0.149606
14 0.273412 0.770341 0.080434 0.026247
14 0.322457 0.795276 0.052969 0.047244
13 0.595147 0.477034 0.072587 0.038058
13 0.634383 0.394357 0.088281 0.048556
4 0.688333 0.343832 0.051007 0.060367
4 0.363655 0.729659 0.100052 0.068241
4 0.411719 0.732940 0.129479 0.066929
7 0.350903 0.839895 0.266805 0.120735
7 0.245947 0.818241 0.119670 0.053806
5 0.265565 0.768373 0.115746 0.035433
5 0.324419 0.793307 0.092205 0.059055
5 0.597109 0.480315 0.103975 0.052493
5 0.629479 0.393045 0.117708 0.061680
7 0.829582 0.583990 0.188333 0.118110
7 0.808002 0.603018 0.149097 0.122047
6 0.753072 0.484252 0.125555 0.146982
6 0.691275 0.496063 0.084357 0.152231
6 0.484306 0.766404 0.184409 0.041995
6 0.384254 0.728346 0.211874 0.028871
15 0.153743 0.923885 0.170676 0.065617
15 0.158647 0.875984 0.133402 0.038058
15 0.913939 0.698163 0.149097 0.076115
15 0.835468 0.682415 0.109861 0.047244
8 0.917734 0.697507 0.164532 0.101050
8 0.827620 0.685039 0.160867 0.070866
8 0.150800 0.925853 0.204027 0.085302
8 0.166494 0.873360 0.184409 0.059055