7 0.697240 0.687628 0.061688 0.295284
7 0.533685 0.631494 0.068994 0.266063
7 0.445211 0.756835 0.124188 0.261449
7 0.473620 0.773753 0.133929 0.193780
3 0.313718 0.602273 0.041396 0.213773
3 0.675731 0.297761 0.064123 0.250684
3 0.540990 0.326982 0.044643 0.167635
12 0.547890 0.225478 0.058442 0.041524
3 0.414367 0.552290 0.033279 0.190704
12 0.385958 0.374658 0.054383 0.053828
10 0.547078 0.137047 0.086039 0.126111
10 0.342127 0.285458 0.116071 0.121497
1 0.355925 0.333134 0.164773 0.244532
1 0.554383 0.180109 0.120130 0.233766
18 0.621347 0.278537 0.093344 0.270677
18 0.354302 0.603811 0.088474 0.262987
2 0.361201 0.602273 0.110390 0.315277
2 0.627029 0.283151 0.106331 0.322967
14 0.590909 0.542293 0.042208 0.072283
14 0.409903 0.696856 0.069805 0.079973
5 0.411932 0.702239 0.086851 0.106118
5 0.594562 0.541524 0.059253 0.098428
4 0.666396 0.471548 0.092532 0.112269
4 0.543831 0.443865 0.071429 0.103042
15 0.532873 0.927546 0.091721 0.116883
15 0.686282 0.884484 0.090097 0.116883
15 0.554789 0.815277 0.096591 0.089200
15 0.390828 0.882177 0.070617 0.112269
8 0.392857 0.880639 0.084416 0.139952
8 0.687906 0.881408 0.106331 0.132262
8 0.554383 0.815277 0.116883 0.110731
8 0.535308 0.928315 0.114448 0.127649