9 0.538787 0.145815 0.209974 0.074366
11 0.501969 0.200496 0.120297 0.029163
1 0.536600 0.178988 0.224555 0.153835
17 0.551910 0.404637 0.240595 0.262467
2 0.547900 0.403543 0.260280 0.282152
3 0.663094 0.361986 0.114465 0.145086
4 0.635754 0.491397 0.110819 0.107903
4 0.413750 0.457859 0.040099 0.100612
3 0.419218 0.362715 0.027705 0.089676
13 0.585812 0.577792 0.099883 0.059055
13 0.411199 0.539151 0.043745 0.057597
5 0.586906 0.576699 0.113736 0.062700
5 0.411563 0.538787 0.057597 0.064159
6 0.592009 0.605133 0.131234 0.125401
6 0.485564 0.601487 0.099154 0.116652
7 0.607684 0.729076 0.099883 0.115194
7 0.504885 0.707568 0.117381 0.095509
15 0.469160 0.741470 0.174249 0.128317
15 0.572324 0.795057 0.153106 0.148002
8 0.567950 0.826407 0.147273 0.076553
8 0.469889 0.769175 0.171333 0.067075
0 0.521654 0.486220 0.429134 0.864829