0 0.481880 0.457275 0.347901 0.734411
1 0.436105 0.177829 0.200924 0.143187
2 0.440724 0.396074 0.247113 0.265589
3 0.371440 0.345266 0.117783 0.168591
4 0.416474 0.472286 0.073903 0.076212
5 0.469296 0.547463 0.078167 0.074614
13 0.470628 0.546130 0.061290 0.064843
6 0.538136 0.560786 0.054184 0.062178
6 0.419109 0.580772 0.041748 0.105703
7 0.528365 0.620300 0.059513 0.053295
7 0.439539 0.665601 0.075502 0.046189
8 0.567004 0.708237 0.158110 0.108367
8 0.477290 0.757091 0.186534 0.117250
15 0.480399 0.755315 0.164328 0.106591
15 0.567004 0.705128 0.152780 0.093267
9 0.423995 0.148191 0.161663 0.079055
11 0.470184 0.186830 0.083496 0.040860
17 0.448422 0.390241 0.228282 0.248712