0 0.515000 0.556897 0.570690 0.886206
1 0.720172 0.223276 0.163793 0.201724
9 0.736552 0.190517 0.106897 0.129310
11 0.702069 0.253448 0.051724 0.044828
2 0.567586 0.449138 0.265517 0.346552
17 0.577931 0.462069 0.217241 0.303448
3 0.707241 0.396552 0.075862 0.131034
4 0.568448 0.321552 0.150000 0.129310
4 0.764138 0.380172 0.044828 0.153448
5 0.771034 0.271552 0.055172 0.105172
5 0.654655 0.224138 0.070690 0.075862
14 0.769310 0.268103 0.048276 0.098276
14 0.657241 0.224138 0.058621 0.068966
6 0.412414 0.675000 0.131034 0.139655
6 0.475345 0.721552 0.139655 0.132759
7 0.401207 0.849138 0.122414 0.112069
7 0.355517 0.786207 0.110345 0.079310
8 0.346034 0.956034 0.084483 0.087931
8 0.302069 0.875862 0.113793 0.089655
15 0.302069 0.872414 0.120690 0.096552
15 0.343448 0.955172 0.086207 0.082759