0 0.519310 0.481034 0.458621 0.610345
1 0.589138 0.240517 0.177586 0.156897
9 0.583965 0.216379 0.153448 0.074138
11 0.576207 0.247414 0.151724 0.050000
3 0.540000 0.400862 0.241379 0.246552
17 0.554655 0.395690 0.243103 0.232759
3 0.700345 0.398276 0.072414 0.113793
4 0.671897 0.503448 0.060345 0.096552
3 0.423621 0.322414 0.087931 0.106897
4 0.386552 0.422414 0.065517 0.079310
5 0.362414 0.490517 0.065517 0.084483
5 0.643448 0.575862 0.089655 0.062069
13 0.365862 0.496552 0.068966 0.062069
13 0.642586 0.567241 0.081034 0.075862
15 0.359828 0.712931 0.136207 0.146552
15 0.519310 0.712931 0.103448 0.122414
6 0.427931 0.541379 0.124138 0.144828
6 0.559828 0.566379 0.122414 0.108621
7 0.541724 0.662069 0.100000 0.079310
7 0.395172 0.655172 0.089655 0.082759
8 0.348621 0.737069 0.131034 0.077586
8 0.510690 0.732759 0.089655 0.065517