5 0.451006 0.867454 0.104987 0.152231
14 0.455381 0.874672 0.083990 0.114173
5 0.726597 0.877953 0.094488 0.152231
14 0.724409 0.874672 0.065617 0.114173
18 0.504374 0.544619 0.199475 0.475066
2 0.510936 0.545932 0.231846 0.519685
12 0.547682 0.156824 0.123360 0.051181
10 0.542432 0.076772 0.135608 0.106299
1 0.547244 0.166010 0.173228 0.295276
3 0.682852 0.479003 0.124234 0.270341
3 0.343832 0.465223 0.142607 0.316273
4 0.355206 0.744751 0.142607 0.248031
4 0.729221 0.703412 0.108486 0.186352
6 0.583552 0.912073 0.139108 0.175853
6 0.438758 0.908136 0.150481 0.167979
0 0.537183 0.498031 0.578303 0.996062