0 0.471132 0.336413 0.272517 0.406467
1 0.451501 0.182833 0.099307 0.090069
2 0.481025 0.289867 0.167593 0.119380
3 0.545035 0.238260 0.069284 0.053118
3 0.406467 0.289069 0.050808 0.066975
4 0.409147 0.347846 0.025661 0.046189
4 0.567816 0.284977 0.035070 0.036780
5 0.587061 0.336726 0.029082 0.061586
5 0.420266 0.392325 0.046189 0.049611
13 0.419839 0.395746 0.038491 0.039347
13 0.589200 0.337154 0.016252 0.053888
6 0.541727 0.386337 0.044479 0.071850
6 0.479714 0.392325 0.059020 0.083825
7 0.542155 0.448351 0.041913 0.043623
7 0.478003 0.454766 0.043623 0.034214
8 0.558834 0.490691 0.071850 0.034214
15 0.558834 0.489408 0.063297 0.031648
8 0.484418 0.499244 0.044479 0.051322
15 0.487412 0.500100 0.031648 0.039347
9 0.448065 0.173353 0.076127 0.030793
11 0.456619 0.197730 0.059020 0.031648
17 0.483991 0.277706 0.171927 0.135147