0 0.452810 0.552425 0.406159 0.880062
1 0.556582 0.272902 0.147806 0.247113
9 0.563510 0.225558 0.152425 0.166282
11 0.542725 0.336413 0.101617 0.060046
2 0.461894 0.543110 0.254042 0.376443
3 0.418014 0.443187 0.120092 0.148884
3 0.587760 0.507313 0.062356 0.157044
4 0.371671 0.573980 0.079446 0.094226
5 0.328714 0.687606 0.085912 0.110855
4 0.538876 0.638183 0.060970 0.078522
5 0.502386 0.732871 0.072979 0.094226
6 0.358276 0.811393 0.093303 0.162587
6 0.440031 0.833564 0.057275 0.140416
7 0.318091 0.948114 0.075751 0.084988
7 0.397998 0.951347 0.060046 0.082217
17 0.480216 0.556890 0.239261 0.398152