0 0.528868 0.536952 0.235566 0.893764
1 0.534642 0.187067 0.127021 0.184758
2 0.538230 0.432454 0.124960 0.296779
3 0.603926 0.376443 0.039261 0.180139
4 0.607390 0.524249 0.036952 0.092379
3 0.475751 0.366051 0.041570 0.154734
4 0.479215 0.501155 0.034642 0.083141
5 0.602349 0.644342 0.060891 0.120092
5 0.466513 0.603876 0.036952 0.108644
6 0.564665 0.683603 0.043880 0.143187
6 0.523095 0.684758 0.039261 0.145497
7 0.554273 0.806005 0.041570 0.092379
7 0.518476 0.790993 0.030023 0.048499
8 0.568129 0.920423 0.078522 0.117982
8 0.505948 0.868360 0.060394 0.101617
9 0.546189 0.130485 0.103926 0.071594
11 0.538106 0.190531 0.073903 0.025404
14 0.466612 0.605429 0.026820 0.087909
14 0.599469 0.640071 0.043209 0.100574
15 0.566689 0.925774 0.058109 0.099829
15 0.506717 0.855000 0.051404 0.065559
17 0.536427 0.436350 0.140668 0.308629