0 0.375000 0.531034 0.287931 0.786207
4 0.281034 0.351724 0.062069 0.096552
4 0.458621 0.334483 0.072414 0.089655
1 0.357759 0.225862 0.081034 0.158621
9 0.359483 0.187931 0.070690 0.075862
11 0.365517 0.235345 0.051724 0.025862
2 0.372414 0.414655 0.131034 0.229310
17 0.370690 0.412931 0.106897 0.205172
5 0.415517 0.262931 0.027586 0.070690
5 0.315517 0.271552 0.034483 0.074138
13 0.422414 0.269828 0.034483 0.067241
13 0.315517 0.268103 0.041379 0.077586
6 0.354310 0.608621 0.067241 0.162069
6 0.413793 0.606897 0.048276 0.165517
7 0.413793 0.768103 0.044828 0.146552
7 0.359483 0.766379 0.053448 0.146552
8 0.371552 0.876724 0.039655 0.056897
8 0.421552 0.875000 0.046552 0.056897
15 0.418966 0.865517 0.048276 0.062069
15 0.368966 0.862069 0.044828 0.082759