12 0.481627 0.169948 0.128609 0.045932
12 0.915354 0.194882 0.119423 0.056430
10 0.912073 0.123360 0.175853 0.076115
10 0.472441 0.101706 0.194226 0.082677
1 0.471785 0.172572 0.237533 0.248031
1 0.893701 0.187664 0.212598 0.265092
18 0.902231 0.621391 0.195538 0.510499
18 0.461942 0.608924 0.293963 0.540682
2 0.460630 0.609580 0.322835 0.594488
2 0.889764 0.618766 0.220472 0.555118
14 0.696850 0.522310 0.094488 0.118110
14 0.700131 0.732940 0.119423 0.080052
3 0.238845 0.514436 0.120735 0.338583
3 0.780840 0.494094 0.070866 0.269029
3 0.629265 0.515092 0.040682 0.290026
5 0.701444 0.517717 0.114173 0.145669
5 0.704724 0.742126 0.125984 0.090551
4 0.229003 0.819554 0.171916 0.253281
4 0.765748 0.629265 0.124672 0.077428
0 0.416667 0.511811 0.673228 0.976378
0 0.828740 0.507218 0.342520 0.985564