0 0.511232 0.478325 0.063054 0.168473
0 0.378227 0.496059 0.092611 0.083744
0 0.276749 0.503695 0.064039 0.076355
0 0.195961 0.508867 0.091626 0.082759
1 0.501379 0.416995 0.035468 0.039901
1 0.399901 0.476355 0.025616 0.030542
1 0.290049 0.491379 0.032512 0.030049
1 0.206552 0.488916 0.043842 0.032020
10 0.208030 0.484236 0.035961 0.022660
10 0.287586 0.489655 0.024631 0.021675
10 0.395961 0.475369 0.018719 0.024631
9 0.498916 0.413300 0.020690 0.028571
12 0.497685 0.424384 0.008374 0.009360
2 0.512463 0.452463 0.028079 0.055665
2 0.368621 0.493103 0.041872 0.027586
2 0.274286 0.509113 0.045320 0.027094
2 0.186108 0.511823 0.063054 0.030542
18 0.186355 0.509360 0.051724 0.027586
18 0.272562 0.507389 0.033005 0.020690
18 0.371084 0.492365 0.039901 0.020197
17 0.516897 0.450985 0.021182 0.053695
3 0.389064 0.500985 0.015764 0.016749
3 0.530443 0.445320 0.012808 0.016749
3 0.274778 0.515271 0.015764 0.016749
3 0.179458 0.518227 0.009360 0.023645
4 0.189803 0.536700 0.014286 0.010345
4 0.290296 0.525616 0.013300 0.008867
4 0.401626 0.509852 0.014286 0.014778
4 0.531429 0.464532 0.012808 0.025616
5 0.523054 0.487685 0.015764 0.014778
5 0.409754 0.524138 0.010837 0.012808
5 0.299655 0.530049 0.008374 0.011823
5 0.204828 0.539901 0.013793 0.012808
13 0.205567 0.539655 0.011330 0.013300
13 0.299901 0.531773 0.008867 0.012315
13 0.410000 0.525369 0.010345 0.013300
13 0.525764 0.485714 0.016256 0.013793
6 0.504089 0.494828 0.021182 0.032020
6 0.522562 0.495320 0.015764 0.031034
6 0.353842 0.511330 0.021182 0.016749
6 0.264926 0.526847 0.027586 0.017241
6 0.172562 0.529064 0.023153 0.019704
7 0.191281 0.529557 0.010345 0.026601
7 0.370837 0.518227 0.014778 0.026601
7 0.503103 0.527833 0.016256 0.030049
7 0.525764 0.532020 0.015271 0.045320