0 0.482679 0.505004 0.323326 0.817552
1 0.503464 0.189761 0.087760 0.173210
2 0.500000 0.419553 0.154734 0.295612
3 0.426097 0.297152 0.085450 0.073903
4 0.392610 0.229022 0.032333 0.053118
5 0.442383 0.177723 0.056542 0.099546
3 0.558653 0.282047 0.043800 0.105917
4 0.584136 0.213958 0.032651 0.039818
5 0.549096 0.149850 0.050171 0.085211
6 0.462292 0.638820 0.053357 0.134586
6 0.524807 0.640811 0.050968 0.136975
7 0.517640 0.770619 0.035040 0.117863
7 0.458310 0.770619 0.034244 0.125826
8 0.537151 0.871758 0.074062 0.078044
8 0.454726 0.870165 0.055746 0.068488
9 0.500247 0.179396 0.070109 0.147641
13 0.447047 0.174447 0.047839 0.084955
13 0.546437 0.148466 0.037116 0.079182
15 0.452821 0.870037 0.041241 0.060211
15 0.538189 0.875811 0.073408 0.060211
17 0.490587 0.404857 0.117573 0.287634