0 0.516724 0.534483 0.374138 0.931034
1 0.624483 0.225000 0.131034 0.229310
10 0.620172 0.165517 0.122414 0.113793
11 0.621897 0.231034 0.084483 0.037931
2 0.543448 0.509483 0.258621 0.384483
17 0.561552 0.514655 0.184483 0.370690
3 0.665000 0.454310 0.050000 0.194828
3 0.473621 0.419828 0.053448 0.156897
4 0.637414 0.594828 0.077586 0.100000
4 0.464138 0.537069 0.037931 0.081034
5 0.596897 0.675862 0.058621 0.065517
5 0.477931 0.656897 0.051724 0.106897
14 0.478793 0.657759 0.039655 0.091379
14 0.603793 0.668966 0.051724 0.055172
6 0.419310 0.767241 0.127586 0.179310
6 0.520172 0.801724 0.112069 0.168966
7 0.483965 0.941379 0.084483 0.106897
7 0.402069 0.917241 0.089655 0.110345
8 0.399483 0.958621 0.101724 0.082758
15 0.392586 0.963793 0.091379 0.062069