0 0.783565 0.534121 0.432870 0.931758
0 0.515104 0.566273 0.287536 0.867454
0 0.209107 0.535433 0.364735 0.929134
12 0.775789 0.204068 0.104050 0.040682
12 0.503356 0.280840 0.089505 0.044619
12 0.248825 0.217192 0.104050 0.051181
10 0.506713 0.216535 0.149922 0.086614
10 0.768516 0.145013 0.138733 0.077428
10 0.220296 0.154199 0.140971 0.074803
1 0.216939 0.211942 0.187961 0.221785
1 0.772432 0.208005 0.171179 0.234908
1 0.505035 0.273622 0.182367 0.237533
14 0.596778 0.333333 0.086149 0.131234
14 0.444059 0.610892 0.069367 0.061680
14 0.582233 0.620079 0.045872 0.072178
14 0.273999 0.602362 0.076080 0.086614
14 0.259454 0.622047 0.067129 0.097113
5 0.275677 0.599081 0.095100 0.103675
5 0.265608 0.625328 0.092862 0.114173
5 0.440703 0.609580 0.082793 0.080052
5 0.582233 0.625984 0.074961 0.094488
5 0.593421 0.333333 0.113001 0.144357
18 0.781383 0.485564 0.224882 0.346457
18 0.496644 0.528871 0.201387 0.343832
18 0.228127 0.507874 0.246140 0.380577
2 0.228127 0.509186 0.272992 0.398950
2 0.496644 0.526903 0.223764 0.360892
2 0.786417 0.492782 0.257328 0.381890
3 0.922354 0.429134 0.092862 0.202100
3 0.652159 0.397638 0.046990 0.238845
3 0.403222 0.469816 0.059297 0.191601
3 0.342247 0.404199 0.069367 0.183727
3 0.112330 0.404199 0.083911 0.215223
4 0.169949 0.547900 0.129783 0.124672
4 0.324346 0.537402 0.102931 0.095801
4 0.636496 0.467848 0.089505 0.124672
7 0.480980 0.854987 0.176773 0.261155
6 0.135265 0.842520 0.176773 0.293963
6 0.237078 0.843176 0.067129 0.279528