0 0.536952 0.448037 0.454965 0.849885
1 0.456120 0.125866 0.251732 0.191686
2 0.535797 0.374134 0.369515 0.300231
3 0.635104 0.256351 0.138568 0.157044
4 0.647806 0.401848 0.090069 0.106236
5 0.592379 0.525404 0.136259 0.117783
5 0.390300 0.535797 0.092379 0.106236
6 0.648961 0.568129 0.143187 0.096998
6 0.498845 0.590069 0.050808 0.103926
7 0.675520 0.652425 0.122402 0.053118
8 0.662964 0.767623 0.159463 0.160563
8 0.511199 0.743429 0.148466 0.173760
9 0.457311 0.080831 0.221049 0.100077
11 0.410572 0.145716 0.103376 0.049489
13 0.602478 0.527879 0.100077 0.081381
13 0.407273 0.531728 0.074783 0.060486
15 0.516148 0.750027 0.127571 0.134169
15 0.664064 0.770923 0.146266 0.153965
17 0.523296 0.350269 0.293632 0.322226