0 0.489138 0.587069 0.374138 0.650000
1 0.514138 0.342241 0.117241 0.122414
9 0.517586 0.325000 0.082759 0.081034
2 0.500345 0.520690 0.158621 0.268966
17 0.496897 0.527586 0.151724 0.244828
3 0.406379 0.468966 0.043103 0.113793
3 0.583103 0.493966 0.034483 0.105172
4 0.596897 0.612069 0.048276 0.106897
4 0.380517 0.575862 0.081034 0.089655
6 0.458103 0.730172 0.087931 0.153448
6 0.543448 0.730172 0.089655 0.146552
5 0.609828 0.707759 0.046552 0.077586
5 0.353793 0.651724 0.048276 0.068966
14 0.610690 0.706897 0.048276 0.089655
14 0.352069 0.645690 0.041379 0.077586
7 0.446034 0.837069 0.074138 0.077586
7 0.529655 0.837931 0.086207 0.079310
0 0.143448 0.470690 0.068966 0.168966
0 0.037241 0.476724 0.074482 0.167241
0 0.243448 0.431034 0.055172 0.113793
0 0.336552 0.431034 0.058621 0.131034
0 0.677197 0.420356 0.041157 0.136819
0 0.639409 0.411987 0.041051 0.134647
1 0.026437 0.415681 0.026273 0.033662
1 0.133580 0.411987 0.028736 0.019704
1 0.240312 0.391051 0.013957 0.020525
1 0.327750 0.386125 0.014778 0.015599
1 0.641544 0.362315 0.016420 0.022167
1 0.678489 0.360263 0.016420 0.019704
10 0.678079 0.358210 0.013957 0.009031
10 0.642775 0.354926 0.015599 0.010673
10 0.326683 0.382020 0.010673 0.005747
10 0.241708 0.384483 0.014778 0.010673
10 0.023153 0.405829 0.019704 0.013957
10 0.129475 0.406650 0.020525 0.009031
2 0.023563 0.449754 0.025452 0.050903
2 0.133990 0.449261 0.026273 0.043350
2 0.242365 0.411576 0.022989 0.030378
2 0.333087 0.412397 0.027094 0.038588
2 0.639491 0.396388 0.023810 0.042693
2 0.671100 0.395156 0.024631 0.038588
6 0.644007 0.433005 0.022989 0.035140
6 0.670279 0.432512 0.024631 0.036125
6 0.041133 0.497373 0.010673 0.027915
6 0.147044 0.497783 0.013957 0.032020
6 0.131445 0.496552 0.013957 0.042693
6 0.242282 0.439491 0.012315 0.022167
6 0.341215 0.443596 0.011494 0.022167
6 0.326437 0.446059 0.016420 0.023810
7 0.672414 0.457553 0.016420 0.020525
7 0.644910 0.460837 0.022167 0.015599
7 0.043924 0.521839 0.012315 0.022989
7 0.004516 0.521429 0.009031 0.023810
7 0.130131 0.527176 0.010673 0.013957
7 0.156404 0.515681 0.010673 0.017241
7 0.243842 0.461494 0.009852 0.013957
7 0.323071 0.466010 0.010673 0.016420
7 0.347701 0.461905 0.010673 0.026273
6 0.011658 0.495977 0.016420 0.036946
18 0.022742 0.449589 0.020525 0.052545
18 0.134401 0.447537 0.020525 0.048440
18 0.243596 0.411002 0.022167 0.027915
18 0.331034 0.413465 0.021346 0.036125
18 0.672989 0.395402 0.023810 0.039409
18 0.642200 0.393760 0.021346 0.037767
18 0.499754 0.526355 0.150246 0.256979
8 0.679967 0.474959 0.014778 0.015599
8 0.656568 0.478243 0.013957 0.012315
8 0.637685 0.475780 0.018883 0.013957
8 0.345813 0.481527 0.011494 0.012315
8 0.315846 0.478654 0.017241 0.011494
8 0.246059 0.476190 0.017241 0.011494
8 0.166420 0.532841 0.012315 0.014778
8 0.129064 0.539409 0.032841 0.008210
8 0.054351 0.541461 0.026273 0.010673
8 0.008374 0.545977 0.013136 0.016420
15 0.008785 0.546388 0.013957 0.017241
15 0.056814 0.540230 0.019704 0.009852
15 0.127422 0.538998 0.031199 0.007389
15 0.165189 0.529967 0.011494 0.023810
15 0.245649 0.477833 0.011494 0.009852
15 0.317077 0.480706 0.016420 0.010673
15 0.347865 0.477833 0.012315 0.013136
15 0.681527 0.475369 0.013957 0.018062
15 0.638013 0.474959 0.017241 0.012315
15 0.654023 0.474959 0.016420 0.010673