0 0.595843 0.527329 0.254042 0.945342
1 0.599307 0.188607 0.145497 0.212471
2 0.579677 0.465743 0.120092 0.332564
3 0.653580 0.392995 0.060046 0.163972
3 0.525404 0.375674 0.053118 0.138568
4 0.512870 0.459525 0.032668 0.031977
4 0.651270 0.503849 0.023095 0.057737
5 0.546377 0.522295 0.065139 0.088826
5 0.612996 0.514301 0.050335 0.072837
6 0.533053 0.703500 0.037307 0.137384
6 0.603818 0.705868 0.043821 0.136199
7 0.527427 0.833777 0.039083 0.124356
7 0.593158 0.827856 0.047374 0.105407
8 0.516768 0.944119 0.067508 0.094747
8 0.592566 0.937753 0.058033 0.108071
9 0.587632 0.149046 0.084681 0.109058
11 0.577367 0.225387 0.059020 0.038491
14 0.547857 0.515995 0.056454 0.065435
13 0.611368 0.523052 0.044906 0.066718
15 0.513857 0.943675 0.057737 0.083397
15 0.589556 0.946882 0.039774 0.094945
17 0.583666 0.461544 0.117573 0.317027