0 0.188484 0.503281 0.359252 0.993438
0 0.460630 0.522310 0.342520 0.955380
0 0.653543 0.530184 0.324803 0.937008
0 0.640256 0.259843 0.117126 0.312336
0 0.844980 0.520341 0.294291 0.959318
10 0.862205 0.066929 0.110236 0.065617
10 0.729331 0.180446 0.088583 0.043307
10 0.644193 0.139764 0.073819 0.048556
10 0.456693 0.113517 0.080709 0.045932
10 0.404528 0.134514 0.039370 0.030184
10 0.214075 0.048556 0.123031 0.062992
12 0.192421 0.110892 0.091535 0.051181
12 0.441437 0.154199 0.046260 0.024934
12 0.407972 0.175197 0.036417 0.027559
12 0.644193 0.186352 0.052165 0.031496
12 0.713091 0.220472 0.050197 0.028871
12 0.840551 0.110892 0.055118 0.035433
1 0.860236 0.099738 0.141732 0.165354
1 0.716535 0.222441 0.088583 0.135171
1 0.634843 0.175197 0.102362 0.156168
1 0.457185 0.175197 0.107283 0.195538
1 0.390256 0.171260 0.038386 0.132546
1 0.205217 0.099081 0.148622 0.198162
18 0.196850 0.326772 0.177165 0.233596
18 0.454724 0.345801 0.143701 0.203412
18 0.711614 0.374672 0.092520 0.195538
18 0.858760 0.276903 0.093504 0.170604
2 0.860728 0.272310 0.115157 0.198163
2 0.713583 0.377297 0.116142 0.208661
2 0.643209 0.292651 0.050197 0.057743
2 0.456201 0.358924 0.172244 0.224409
2 0.199803 0.332677 0.192913 0.253281
3 0.075295 0.272966 0.128937 0.133858
3 0.329724 0.271654 0.072835 0.165354
3 0.569882 0.318898 0.104331 0.131234
3 0.810039 0.368110 0.102362 0.127297
3 0.949311 0.237533 0.083661 0.141732
3 0.796752 0.236220 0.052165 0.112861
3 0.640256 0.319554 0.060039 0.106299
7 0.332677 0.382546 0.066929 0.116798
7 0.070374 0.391076 0.101378 0.083990
7 0.588091 0.433727 0.071850 0.103675
7 0.368602 0.431759 0.038386 0.104987
7 0.829724 0.457349 0.076772 0.087927
7 0.958169 0.365486 0.069882 0.116798
14 0.775591 0.464567 0.023622 0.060367
14 0.898622 0.381234 0.049213 0.040682
14 0.655020 0.460630 0.020669 0.044619
14 0.516732 0.464567 0.059055 0.055118
14 0.406004 0.480315 0.040354 0.057743
14 0.280512 0.445538 0.062992 0.051181
14 0.105807 0.488189 0.040354 0.102362
5 0.106791 0.488845 0.056102 0.116798
5 0.281988 0.445538 0.079724 0.056430
5 0.408957 0.484908 0.062008 0.066929
5 0.517224 0.467192 0.073819 0.070866
5 0.656004 0.464567 0.034449 0.065617
5 0.777067 0.468504 0.032480 0.078740
5 0.902067 0.379265 0.069882 0.044619
6 0.874016 0.532808 0.057087 0.228346
6 0.823819 0.536089 0.061024 0.174541
6 0.744094 0.585958 0.049213 0.185039
6 0.682087 0.594488 0.100394 0.196850
6 0.610236 0.572835 0.055118 0.129921
6 0.474902 0.609580 0.079724 0.274278
6 0.428150 0.610236 0.039370 0.217848
6 0.212598 0.624016 0.141732 0.300525
6 0.166831 0.622047 0.136811 0.307087
7 0.211614 0.849081 0.088583 0.265092
7 0.454724 0.820210 0.043307 0.149606
7 0.509843 0.789370 0.049213 0.106299
7 0.700295 0.755906 0.099409 0.139108
7 0.864665 0.674541 0.034449 0.175853
7 0.839075 0.676509 0.020669 0.153543
15 0.851378 0.816929 0.057087 0.093176
15 0.827756 0.777559 0.035433 0.066929
15 0.731791 0.869423 0.085630 0.093176
15 0.516732 0.885171 0.062992 0.090551
15 0.442913 0.944226 0.082677 0.061680
15 0.245079 0.961942 0.062992 0.044619
15 0.396161 0.748688 0.046260 0.045932
8 0.388780 0.740814 0.076772 0.077428
8 0.517717 0.885827 0.102362 0.112861
8 0.421260 0.946850 0.102362 0.080052
8 0.238189 0.948163 0.108268 0.061680
8 0.732776 0.873360 0.140748 0.132546
8 0.857776 0.820866 0.081693 0.124672
8 0.816437 0.767717 0.038386 0.070866
8 0.627953 0.780184 0.082677 0.038058