0 0.511162 0.483834 0.267898 0.847575
1 0.491532 0.158199 0.108545 0.191686
2 0.494996 0.383372 0.129330 0.258661
3 0.451116 0.331409 0.069284 0.117783
3 0.555069 0.300231 0.038226 0.098750
4 0.578562 0.389026 0.059728 0.067691
4 0.428446 0.431632 0.039818 0.076451
5 0.613602 0.466274 0.053357 0.072470
5 0.414510 0.538345 0.045393 0.116270
6 0.489767 0.612407 0.057339 0.136975
6 0.531974 0.581349 0.014335 0.093971
7 0.492952 0.741419 0.041411 0.114677
8 0.482599 0.851716 0.058931 0.086804
8 0.520427 0.826232 0.045393 0.059728
15 0.482998 0.855698 0.043800 0.072470
15 0.516047 0.822649 0.030262 0.036633
13 0.414908 0.538345 0.039818 0.100342
13 0.617186 0.469061 0.038226 0.058931
9 0.498925 0.111890 0.080433 0.075655
11 0.505694 0.175201 0.057339 0.030262
17 0.496934 0.392212 0.113084 0.266783