0 0.383965 0.412931 0.474138 0.598276
1 0.255517 0.207759 0.151724 0.125862
9 0.250345 0.200000 0.113793 0.082759
11 0.257241 0.210345 0.100000 0.065517
2 0.335690 0.353448 0.325862 0.231034
17 0.337414 0.344828 0.260345 0.165517
3 0.440862 0.280172 0.081034 0.077586
3 0.202931 0.351724 0.087931 0.082759
4 0.234828 0.431897 0.079310 0.087931
4 0.493448 0.353448 0.065517 0.072414
5 0.509828 0.416379 0.067241 0.060345
5 0.274483 0.494828 0.079310 0.058621
13 0.272759 0.496552 0.068966 0.051724
13 0.507241 0.418103 0.062069 0.056897
6 0.346034 0.487069 0.122414 0.101724
6 0.452069 0.454310 0.131034 0.074138
7 0.490000 0.530172 0.120690 0.074138
7 0.381379 0.581897 0.106897 0.077586
8 0.411552 0.655172 0.074138 0.058621
8 0.545172 0.603448 0.096552 0.062069
15 0.535690 0.582759 0.129310 0.110345
15 0.401207 0.626724 0.101724 0.122414