0 0.309384 0.502625 0.518582 0.994750
0 0.784337 0.503281 0.431325 0.990814
12 0.774258 0.318241 0.131186 0.085302
12 0.347683 0.223097 0.167284 0.083990
10 0.347243 0.100394 0.198100 0.169291
10 0.816079 0.205381 0.207785 0.135171
1 0.815639 0.290026 0.257970 0.356955
1 0.338879 0.214567 0.213067 0.429134
18 0.879425 0.752625 0.241149 0.494750
18 0.261840 0.687008 0.257970 0.625984
2 0.274606 0.677822 0.322243 0.644356
2 0.869300 0.745407 0.261400 0.509186
3 0.874189 0.759843 0.186654 0.433071
3 0.192285 0.662073 0.131186 0.497375
4 0.325232 0.846457 0.233318 0.183727
4 0.725394 0.873360 0.162002 0.182415
4 0.708665 0.729003 0.072196 0.098425
4 0.399629 0.693570 0.045783 0.080052
14 0.462141 0.679134 0.072196 0.108924
14 0.508804 0.786089 0.132067 0.175853
14 0.610936 0.778871 0.091566 0.132546
14 0.642192 0.706693 0.039620 0.080052
5 0.642632 0.705381 0.051066 0.108924
5 0.610936 0.782152 0.114458 0.139108
5 0.514527 0.788714 0.155839 0.194226
5 0.464342 0.670604 0.083642 0.123360