9 0.495407 0.131890 0.158793 0.069554
11 0.498031 0.182415 0.137795 0.028871
1 0.494751 0.163386 0.141732 0.161417
17 0.497375 0.379921 0.275591 0.258530
2 0.501312 0.375328 0.286089 0.280840
3 0.663888 0.335032 0.077196 0.140497
3 0.341593 0.336190 0.062529 0.135093
4 0.660800 0.453528 0.058669 0.099583
4 0.339663 0.457774 0.061757 0.094179
13 0.644975 0.535356 0.077968 0.060985
13 0.363208 0.538830 0.085688 0.061757
5 0.648062 0.536128 0.098039 0.062529
5 0.369384 0.540760 0.091864 0.068705
6 0.444650 0.581674 0.118882 0.122742
6 0.561989 0.573182 0.117338 0.118110
7 0.572796 0.693994 0.086460 0.117338
7 0.428053 0.693994 0.081056 0.095723
15 0.418790 0.741084 0.098039 0.134321
15 0.583604 0.740698 0.114250 0.145901
8 0.587077 0.783156 0.144357 0.056353
8 0.415316 0.773120 0.121970 0.065617
0 0.502625 0.454724 0.440945 0.778215