0 0.743649 0.550423 0.272517 0.899153
1 0.739030 0.205928 0.124711 0.196305
9 0.743649 0.162048 0.106236 0.090069
11 0.747113 0.230177 0.066975 0.027714
17 0.784065 0.486528 0.177829 0.355658
3 0.833718 0.380293 0.073903 0.161663
4 0.851886 0.487452 0.036028 0.029561
4 0.726251 0.500847 0.015704 0.069284
5 0.717475 0.588145 0.035104 0.092379
6 0.705928 0.716243 0.024942 0.099769
7 0.695766 0.820631 0.030485 0.103464
8 0.669900 0.915320 0.072979 0.096998
15 0.668976 0.919938 0.061894 0.080370
13 0.716551 0.591532 0.029561 0.066513
17 0.783064 0.481139 0.121940 0.333487