0 0.545804 0.416859 0.471132 0.778291
1 0.507698 0.127021 0.228637 0.152425
2 0.526174 0.344111 0.311778 0.244804
3 0.686682 0.290993 0.078522 0.161663
4 0.695920 0.414550 0.064665 0.066975
3 0.370285 0.292148 0.096998 0.127021
4 0.379523 0.403002 0.087760 0.071594
5 0.409546 0.502309 0.110855 0.062356
5 0.679754 0.496536 0.073903 0.069284
6 0.506543 0.539261 0.087760 0.145497
6 0.615088 0.536952 0.110855 0.136259
8 0.477675 0.695150 0.103926 0.138568
8 0.631255 0.691686 0.138568 0.150115
9 0.508853 0.096998 0.180139 0.073903
11 0.515781 0.154734 0.143187 0.046189
13 0.410893 0.494996 0.086605 0.048499
13 0.682256 0.490955 0.038106 0.040416
15 0.472094 0.691301 0.081986 0.129330
15 0.634334 0.690724 0.099307 0.128176
17 0.529253 0.338530 0.240185 0.227483