0 0.714138 0.565517 0.268966 0.710345
15 0.756379 0.880172 0.115517 0.060345
15 0.627069 0.806897 0.063793 0.103448
1 0.722759 0.275862 0.113793 0.110345
10 0.719310 0.269828 0.072414 0.084483
12 0.742586 0.272414 0.022414 0.027586
2 0.720172 0.456034 0.146552 0.232759
17 0.715000 0.450862 0.118966 0.215517
3 0.729655 0.422414 0.048276 0.106897
4 0.755517 0.540517 0.055172 0.118966
5 0.778793 0.638793 0.043103 0.063793
13 0.772759 0.637931 0.041379 0.062069
6 0.738276 0.650862 0.106897 0.153448
7 0.756379 0.790517 0.077586 0.105172
7 0.676207 0.741379 0.089655 0.103448
8 0.628793 0.810345 0.043103 0.075862
8 0.751207 0.894828 0.091379 0.034483