0 0.410345 0.519828 0.279310 0.936207
15 0.325000 0.915517 0.098276 0.100000
15 0.454310 0.918103 0.074138 0.112069
0 0.929310 0.564655 0.141379 0.870690
1 0.420690 0.160345 0.096552 0.189655
9 0.431034 0.105172 0.072414 0.065517
11 0.424138 0.151724 0.044828 0.041379
2 0.962069 0.512069 0.075862 0.679310
2 0.415517 0.421552 0.151724 0.318966
17 0.406034 0.423276 0.118966 0.322414
3 0.483621 0.355172 0.043103 0.103448
4 0.462931 0.444828 0.056897 0.075862
4 0.345690 0.487069 0.025862 0.091379
5 0.346552 0.575000 0.027586 0.074138
5 0.426724 0.522414 0.046552 0.082759
14 0.430172 0.522414 0.053448 0.110345
14 0.345690 0.568966 0.029310 0.075862
6 0.437931 0.664655 0.058621 0.146552
6 0.367241 0.664655 0.068966 0.150000
7 0.445690 0.804310 0.043103 0.118966
7 0.351724 0.804310 0.037931 0.108621
8 0.456034 0.913793 0.053448 0.089655
8 0.321552 0.922414 0.074138 0.075862
3 0.935345 0.500862 0.081034 0.512069
4 0.931034 0.863793 0.051724 0.272414