0 0.495986 0.577471 0.142967 0.341862
1 0.499835 0.437333 0.049489 0.048389
2 0.503134 0.520959 0.100077 0.110066
3 0.543275 0.500568 0.019795 0.058287
3 0.452546 0.502218 0.025294 0.063785
4 0.543550 0.556609 0.016496 0.045365
4 0.455295 0.548361 0.021445 0.023919
5 0.540663 0.596613 0.027219 0.028044
6 0.509320 0.611872 0.038766 0.065160
6 0.474678 0.609810 0.027219 0.065985
7 0.508908 0.666574 0.023095 0.044244
7 0.466843 0.665336 0.037941 0.046718
10 0.498913 0.436875 0.038718 0.042793
14 0.538167 0.593675 0.013978 0.016409
17 0.500385 0.518841 0.080535 0.101261
0 0.330728 0.566708 0.134423 0.337538
1 0.332504 0.423699 0.038491 0.049150
2 0.329840 0.501569 0.092379 0.104222
3 0.368923 0.485285 0.034346 0.053888
3 0.290460 0.488838 0.027832 0.069284
4 0.381358 0.540060 0.022503 0.050927
4 0.283058 0.545390 0.029609 0.040268
5 0.283650 0.584769 0.030793 0.037307
5 0.386688 0.589507 0.016581 0.043229
6 0.360336 0.589902 0.038491 0.069284
6 0.315627 0.591678 0.034346 0.074021
7 0.360929 0.644677 0.031385 0.034346
7 0.316220 0.652376 0.029609 0.045005
8 0.362409 0.690669 0.041452 0.065534
8 0.317108 0.702118 0.036122 0.047374
10 0.333393 0.420837 0.040268 0.037899
13 0.283650 0.590099 0.022503 0.027832
13 0.388168 0.590099 0.012436 0.040860
15 0.362113 0.690571 0.038491 0.057441
15 0.315331 0.702414 0.026648 0.043229
17 0.331861 0.501891 0.079325 0.093383
8 0.510091 0.711249 0.030124 0.048198
8 0.463902 0.710747 0.028115 0.045185
15 0.505573 0.714262 0.023095 0.038156
15 0.461894 0.705727 0.018074 0.031128