0 0.290606 0.549762 0.045184 0.054102
0 0.370571 0.549762 0.068371 0.058859
0 0.514744 0.501605 0.045184 0.030321
0 0.577170 0.488526 0.040428 0.079073
0 0.656540 0.465042 0.031510 0.057075
0 0.934721 0.469203 0.047562 0.049941
1 0.921641 0.455232 0.020214 0.020809
1 0.655589 0.446611 0.008918 0.014269
1 0.578300 0.461772 0.017241 0.018430
1 0.517360 0.496849 0.011891 0.016052
1 0.355648 0.534007 0.021403 0.022592
1 0.285791 0.535791 0.019620 0.020214
9 0.284899 0.533234 0.015458 0.012485
9 0.355054 0.531153 0.017836 0.016647
9 0.516468 0.496373 0.010107 0.012485
9 0.578894 0.457729 0.017241 0.010107
9 0.654697 0.444946 0.007134 0.011891
9 0.919798 0.452081 0.016052 0.015458
2 0.939120 0.469619 0.021403 0.030321
2 0.576873 0.482759 0.019620 0.028537
2 0.659512 0.461356 0.012485 0.022592
2 0.366885 0.547979 0.021760 0.022235
2 0.291201 0.552913 0.021403 0.015458
2 0.523722 0.507432 0.013674 0.018430
6 0.570036 0.508740 0.005945 0.029132
6 0.579548 0.510226 0.007134 0.026159
6 0.658323 0.478121 0.007729 0.015458