0 0.429561 0.441109 0.568129 0.882217
1 0.497691 0.088915 0.256351 0.177829
2 0.435335 0.333718 0.344111 0.325635
3 0.624711 0.319861 0.117783 0.177829
4 0.600462 0.468822 0.115473 0.073903
3 0.274827 0.279446 0.110855 0.189376
4 0.257506 0.414550 0.057737 0.057737
5 0.236721 0.495381 0.099307 0.108545
13 0.233256 0.484988 0.050808 0.069284
6 0.502309 0.587760 0.113164 0.145497
6 0.340647 0.587760 0.103926 0.131640
7 0.494226 0.696305 0.133949 0.053118
8 0.458430 0.801386 0.145497 0.138568
8 0.285219 0.747113 0.191686 0.173210
15 0.284065 0.742494 0.175520 0.136259
15 0.463048 0.795612 0.117783 0.117783
9 0.493072 0.049654 0.224018 0.099307
11 0.464203 0.105081 0.133949 0.039261
17 0.454965 0.344111 0.314088 0.318707