0 0.558103 0.448276 0.477586 0.896552
1 0.461552 0.105172 0.246552 0.210344
9 0.457241 0.069828 0.217241 0.125862
11 0.408103 0.129310 0.087931 0.058621
2 0.562414 0.356897 0.268966 0.382759
17 0.554655 0.341379 0.225862 0.296552
3 0.608965 0.264655 0.120690 0.160345
4 0.602931 0.428448 0.094828 0.174138
5 0.577931 0.546552 0.106897 0.100000
13 0.578793 0.545690 0.084483 0.081034
6 0.636552 0.532759 0.113793 0.162069
6 0.541724 0.566379 0.117241 0.129310
7 0.689138 0.675000 0.125862 0.191379
7 0.603793 0.683621 0.048276 0.146552
8 0.673621 0.827586 0.201724 0.137931
8 0.594310 0.787069 0.122414 0.081034
15 0.680517 0.789655 0.198276 0.213793
15 0.578793 0.739655 0.098276 0.175862
13 0.480517 0.520690 0.046552 0.048276
5 0.476207 0.525000 0.044828 0.043103