10 0.644877 0.195538 0.209461 0.162730
12 0.600803 0.319554 0.109094 0.069554
1 0.633531 0.280184 0.216443 0.363517
14 0.272647 0.658136 0.161460 0.174541
14 0.203700 0.240814 0.088148 0.135171
5 0.215918 0.234908 0.144005 0.199475
5 0.275266 0.662073 0.180660 0.213911
4 0.463781 0.697507 0.205097 0.206037
4 0.304939 0.386483 0.159714 0.316273
3 0.676296 0.593832 0.216443 0.303150
3 0.469017 0.501969 0.182406 0.174541
18 0.653168 0.714567 0.226043 0.552493
2 0.651423 0.717192 0.283645 0.565616
0 0.510037 0.530184 0.784606 0.939632