0 0.215862 0.509483 0.355172 0.608621
0 0.540862 0.438793 0.418966 0.450000
1 0.496034 0.314655 0.136207 0.194828
1 0.239138 0.324138 0.174138 0.196552
9 0.489138 0.272414 0.125862 0.106897
9 0.232241 0.281034 0.150000 0.106897
12 0.293448 0.329310 0.048276 0.017241
12 0.490000 0.325000 0.062069 0.039655
2 0.458965 0.487069 0.158621 0.281034
2 0.227931 0.512931 0.206897 0.201724
18 0.223621 0.512069 0.191379 0.220690
17 0.451207 0.483621 0.160345 0.256897
3 0.565000 0.447414 0.053448 0.118966
3 0.113276 0.489655 0.115517 0.124138
3 0.379655 0.421552 0.086207 0.122414
4 0.592586 0.556034 0.074138 0.105172
4 0.103793 0.589655 0.096552 0.075862
4 0.342586 0.585345 0.032759 0.143103
5 0.666724 0.626724 0.081034 0.039655
5 0.177069 0.621552 0.084483 0.043103
14 0.171034 0.623276 0.086207 0.050000
14 0.656379 0.626724 0.094828 0.050000
6 0.188276 0.717241 0.141379 0.168966
6 0.282241 0.712069 0.081034 0.162069