0 0.585690 0.500000 0.346552 0.586207
0 0.324483 0.528448 0.358621 0.539655
1 0.572759 0.331897 0.162069 0.232759
1 0.345172 0.354310 0.124138 0.170690
9 0.562414 0.287069 0.131034 0.129310
9 0.346034 0.318966 0.108621 0.106897
12 0.536552 0.349138 0.044828 0.025862
12 0.352069 0.376724 0.058621 0.025862
2 0.326207 0.569828 0.196552 0.339655
2 0.588276 0.606897 0.231034 0.400000
18 0.587414 0.618966 0.218966 0.389655
17 0.333965 0.570690 0.181034 0.313793
3 0.674483 0.558621 0.096552 0.206897
3 0.205517 0.499138 0.086207 0.101724
3 0.460690 0.501724 0.037931 0.110345
4 0.581379 0.666379 0.158621 0.074138
4 0.184828 0.607759 0.041379 0.129310
5 0.204655 0.705172 0.063793 0.068966
5 0.440000 0.662069 0.086207 0.082759
14 0.440862 0.664655 0.094828 0.074138
14 0.208103 0.699138 0.070690 0.087931