0 0.520785 0.507313 0.505774 0.896074
1 0.384527 0.166667 0.219400 0.182448
2 0.480370 0.410316 0.290993 0.240185
3 0.585450 0.331794 0.145497 0.138568
4 0.569284 0.472671 0.076212 0.078522
5 0.576212 0.600847 0.117783 0.113164
7 0.663972 0.712856 0.113164 0.078522
8 0.650115 0.844496 0.200924 0.138568
6 0.483834 0.611239 0.053118 0.096998
8 0.536952 0.823711 0.122402 0.106236
9 0.386836 0.136644 0.196305 0.117783
11 0.345266 0.205928 0.099307 0.039261
13 0.571594 0.597383 0.085450 0.078522
17 0.480370 0.411470 0.254042 0.242494