0 0.482241 0.538793 0.194828 0.470690
0 0.715862 0.538793 0.217241 0.481034
1 0.695287 0.333333 0.070115 0.068966
1 0.494138 0.352874 0.054023 0.071264
9 0.496437 0.338506 0.044828 0.033333
9 0.697011 0.317816 0.052874 0.035632
12 0.497586 0.352299 0.024138 0.012644
12 0.695862 0.332759 0.029885 0.014943
2 0.496437 0.463218 0.127586 0.131034
2 0.705632 0.441954 0.116092 0.139080
18 0.704483 0.441954 0.090805 0.120690
17 0.493563 0.461494 0.105747 0.116092
3 0.638391 0.425287 0.036782 0.064368
3 0.761379 0.428161 0.034483 0.060920
3 0.555057 0.457471 0.014943 0.075862
3 0.430920 0.458046 0.021839 0.070115
4 0.774598 0.487931 0.047126 0.056322
4 0.634368 0.482759 0.035632 0.055172
4 0.560805 0.512069 0.024138 0.035632
4 0.429195 0.512644 0.022989 0.041379
5 0.422874 0.555172 0.028736 0.039080
5 0.560805 0.556322 0.035632 0.045977
5 0.641839 0.536207 0.034483 0.044828
5 0.789540 0.540230 0.033333 0.050575
13 0.790115 0.539080 0.036782 0.052874
13 0.641264 0.531034 0.040230 0.057471
13 0.561379 0.554023 0.036782 0.057471
13 0.423448 0.552874 0.025287 0.043678
6 0.516552 0.583908 0.045977 0.110345
6 0.462529 0.582759 0.068966 0.103448
6 0.680345 0.575862 0.060920 0.124138
6 0.744138 0.570115 0.062069 0.112644
7 0.738966 0.671839 0.049425 0.090805
7 0.687241 0.678736 0.042529 0.077011
7 0.506207 0.685057 0.043678 0.089655
7 0.441264 0.682184 0.051724 0.097701
8 0.433218 0.748851 0.042529 0.033333
8 0.500460 0.751149 0.043678 0.033333
8 0.697586 0.744828 0.047126 0.045977
8 0.743563 0.743678 0.044828 0.043678
15 0.742414 0.741954 0.049425 0.047126
15 0.697011 0.746552 0.043678 0.049425
15 0.502184 0.750575 0.040230 0.036782
15 0.430345 0.748276 0.043678 0.034483