10 0.523449 0.091864 0.176773 0.070866
12 0.517136 0.143701 0.146108 0.030184
1 0.526155 0.132546 0.207437 0.183727
17 0.439573 0.366798 0.294020 0.342520
2 0.435965 0.356299 0.330096 0.384514
3 0.676773 0.314961 0.162342 0.173228
3 0.254683 0.226378 0.147912 0.111549
4 0.124809 0.206037 0.122658 0.120735
14 0.224920 0.143701 0.091994 0.066929
5 0.227626 0.142388 0.129874 0.080052
6 0.527057 0.662730 0.173165 0.207349
6 0.343971 0.652887 0.178576 0.232283
7 0.541487 0.867454 0.147912 0.194226
7 0.372832 0.830052 0.135285 0.114173
0 0.474747 0.501312 0.873040 0.958005