0 0.359828 0.537931 0.305172 0.858621
1 0.340862 0.219828 0.101724 0.181034
9 0.352069 0.180172 0.082759 0.098276
11 0.348621 0.237069 0.048276 0.036207
2 0.360690 0.417241 0.162069 0.255172
17 0.359828 0.413793 0.112069 0.234483
4 0.460690 0.310345 0.068966 0.089655
4 0.260690 0.351724 0.072414 0.093103
5 0.291724 0.245690 0.051724 0.077586
5 0.409828 0.246552 0.053448 0.065517
13 0.408965 0.248276 0.048276 0.079310
13 0.292586 0.256897 0.050000 0.086207
6 0.346034 0.634483 0.067241 0.186207
6 0.410690 0.635345 0.062069 0.194828
7 0.419310 0.812069 0.065517 0.148276
7 0.357241 0.802586 0.065517 0.146552
8 0.358103 0.911207 0.043103 0.067241
8 0.428793 0.920690 0.046552 0.048276
15 0.421034 0.910345 0.055172 0.068966
15 0.365000 0.910345 0.050000 0.082759