0 0.482294 0.424942 0.450346 0.743649
1 0.506543 0.140878 0.198614 0.175520
2 0.505389 0.341801 0.293303 0.235566
3 0.357583 0.306005 0.103926 0.140878
3 0.653195 0.297921 0.062356 0.138568
4 0.357583 0.409931 0.057737 0.057737
4 0.665897 0.409931 0.046189 0.076212
5 0.384142 0.483834 0.096998 0.076212
5 0.668206 0.498845 0.055427 0.069284
6 0.473056 0.523095 0.076212 0.108545
6 0.586220 0.515012 0.094688 0.092379
8 0.608160 0.676674 0.124711 0.175520
8 0.451116 0.673210 0.096998 0.159353
9 0.489222 0.101617 0.140878 0.078522
11 0.500770 0.160508 0.150115 0.039261
13 0.393515 0.497441 0.086945 0.050265
13 0.663180 0.490649 0.036680 0.044831
15 0.616311 0.680161 0.103247 0.149436
15 0.460762 0.683557 0.082869 0.142644
17 0.503555 0.340986 0.263551 0.228230