0 0.595843 0.392610 0.457275 0.743649
1 0.662818 0.122402 0.207852 0.157044
2 0.623557 0.299974 0.290993 0.267385
3 0.763279 0.307159 0.080831 0.157044
3 0.464203 0.245958 0.083141 0.113164
4 0.452656 0.347575 0.069284 0.066975
4 0.751732 0.415704 0.048499 0.050808
5 0.455479 0.429048 0.075443 0.092379
5 0.734924 0.496023 0.083141 0.100077
6 0.642546 0.513729 0.113934 0.107775
6 0.500128 0.506030 0.140108 0.129330
7 0.614832 0.596100 0.052348 0.041570
8 0.590967 0.683090 0.096998 0.135489
8 0.436233 0.636130 0.101617 0.130870
15 0.593277 0.695407 0.064665 0.110855
15 0.441622 0.639210 0.087760 0.081601
13 0.451091 0.422906 0.051404 0.059599
13 0.729469 0.488465 0.060344 0.074499
9 0.663910 0.101319 0.154213 0.093869
11 0.656833 0.153840 0.114728 0.042464
17 0.623172 0.302540 0.288684 0.281755