0 0.468103 0.535345 0.546552 0.929310
1 0.484483 0.211207 0.220690 0.277586
9 0.486207 0.136207 0.175862 0.124138
12 0.489655 0.227586 0.106897 0.041379
2 0.473276 0.577586 0.312069 0.510345
17 0.464655 0.578448 0.287931 0.481034
3 0.269828 0.462931 0.094828 0.205172
3 0.642241 0.481034 0.081034 0.168966
5 0.654310 0.622414 0.091379 0.100000
5 0.269828 0.617241 0.108621 0.103448
14 0.267241 0.615517 0.096552 0.086207
14 0.654310 0.619828 0.077586 0.094828
6 0.405172 0.896552 0.144828 0.193103
6 0.548276 0.903448 0.113793 0.193103