3 0.941601 0.299213 0.064304 0.167979
3 0.554462 0.381234 0.074803 0.153543
3 0.713911 0.275591 0.086614 0.112861
3 0.318898 0.556430 0.052493 0.089239
3 0.175197 0.532152 0.082677 0.072178
12 0.819554 0.103018 0.077428 0.024934
12 0.437008 0.250000 0.065617 0.022310
12 0.229003 0.455381 0.064304 0.018373
10 0.446850 0.209974 0.135171 0.049869
10 0.888451 0.090551 0.146982 0.089239
10 0.236877 0.419948 0.090551 0.036745
1 0.236220 0.443570 0.112861 0.099738
1 0.865486 0.120735 0.203412 0.162730
1 0.444226 0.257218 0.164042 0.131234
14 0.464567 0.358924 0.070866 0.053806
14 0.848425 0.365486 0.087927 0.059055
14 0.713255 0.404856 0.048556 0.066929
14 0.244094 0.534121 0.041995 0.041995
14 0.112205 0.627297 0.040682 0.052493
5 0.721129 0.406168 0.072178 0.082677
5 0.851050 0.372047 0.106299 0.080052
5 0.460630 0.365486 0.089239 0.066929
5 0.246719 0.541995 0.049869 0.057743
5 0.114829 0.632546 0.064304 0.055118
18 0.478346 0.406824 0.140420 0.244094
18 0.823491 0.361549 0.158793 0.308399
18 0.246063 0.597113 0.095801 0.173228
2 0.822178 0.360236 0.192913 0.321522
2 0.482940 0.414698 0.170604 0.267717
2 0.250000 0.594488 0.116798 0.207349
6 0.879921 0.616798 0.137795 0.186352
6 0.792651 0.618766 0.060367 0.161417
6 0.544619 0.669291 0.104987 0.194226
6 0.398294 0.657480 0.111549 0.202100
6 0.251969 0.722441 0.141732 0.077428
7 0.519029 0.830709 0.069554 0.139108
7 0.364829 0.808399 0.070866 0.107612
7 0.874672 0.774278 0.124672 0.120735
7 0.794619 0.771654 0.045932 0.125984
7 0.219160 0.776247 0.044619 0.056430
0 0.225722 0.621391 0.288714 0.513123
0 0.471129 0.532152 0.304462 0.757218
0 0.805118 0.503281 0.334646 0.954068