0 0.509238 0.477290 0.478060 0.836028
1 0.598152 0.153965 0.221709 0.180139
2 0.593533 0.405697 0.267898 0.295612
3 0.661663 0.347960 0.127021 0.166282
4 0.595843 0.481909 0.124711 0.087760
5 0.538106 0.588145 0.106236 0.115473
6 0.618938 0.603156 0.050808 0.103926
6 0.449192 0.563895 0.043880 0.066975
7 0.601617 0.707082 0.122402 0.085450
8 0.557737 0.806390 0.228637 0.113164
7 0.452656 0.637798 0.073903 0.071594
8 0.372979 0.717475 0.196305 0.152425
15 0.376443 0.704773 0.193995 0.108545
15 0.563510 0.802925 0.198614 0.092379
13 0.538611 0.586658 0.092379 0.087601
9 0.604709 0.121579 0.205463 0.113084
11 0.548565 0.157416 0.101139 0.028669
17 0.590773 0.390353 0.247671 0.254042