0 0.358780 0.467703 0.240969 0.285256
1 0.294457 0.363916 0.061936 0.077682
3 0.287634 0.423753 0.060886 0.058786
4 0.339072 0.459969 0.054587 0.022045
5 0.398383 0.484639 0.049339 0.020995
3 0.347995 0.405382 0.040941 0.057737
4 0.388411 0.425852 0.031493 0.023095
5 0.425677 0.425852 0.032543 0.020995
6 0.343796 0.495136 0.087130 0.029393
7 0.417279 0.532927 0.036742 0.054587
10 0.290783 0.349426 0.041990 0.038204
14 0.398926 0.481633 0.028424 0.008290
8 0.453801 0.591086 0.049742 0.039675
15 0.454689 0.592566 0.037307 0.027240
17 0.293914 0.453209 0.087641 0.123172