0 0.814858 0.518476 0.357968 0.515012
1 0.804465 0.389145 0.235566 0.210162
2 0.829869 0.640878 0.337182 0.274827
3 0.683218 0.687067 0.150115 0.154734
9 0.798691 0.378753 0.214781 0.180139
17 0.831024 0.640878 0.293303 0.242494
0 0.501925 0.521940 0.290993 0.512702
1 0.467282 0.419169 0.184758 0.260970
2 0.485758 0.660508 0.263279 0.226328
9 0.467282 0.367206 0.175520 0.133949
11 0.476520 0.464203 0.129330 0.055427
17 0.469592 0.659353 0.212471 0.200924
0 0.177444 0.501155 0.348730 0.558891
1 0.258276 0.352194 0.196305 0.265589
2 0.132409 0.606236 0.254042 0.334873
3 0.236336 0.633949 0.157044 0.265589
9 0.261740 0.271363 0.198614 0.113164
11 0.303310 0.366051 0.115473 0.066975
17 0.127791 0.610855 0.226328 0.330254