0 0.547344 0.426482 0.508083 0.826790
1 0.644342 0.098537 0.212471 0.152425
2 0.565820 0.297152 0.277136 0.281755
3 0.727483 0.308699 0.083141 0.157044
4 0.695150 0.433218 0.073903 0.073518
3 0.446882 0.214011 0.136259 0.115473
4 0.421478 0.312163 0.080831 0.062356
5 0.379908 0.398768 0.066975 0.106236
5 0.645497 0.515589 0.080831 0.084296
6 0.446882 0.492302 0.099307 0.099307
6 0.576212 0.506159 0.108545 0.094688
7 0.436490 0.582371 0.083141 0.062356
7 0.573903 0.611239 0.103926 0.096998
8 0.528868 0.733641 0.147806 0.133949
8 0.375866 0.668976 0.158199 0.073903
9 0.639503 0.061861 0.191356 0.087430
11 0.610635 0.105576 0.117123 0.062686
13 0.377598 0.401270 0.055427 0.070439
13 0.640300 0.517321 0.051963 0.071594
15 0.522517 0.734219 0.130485 0.125866
15 0.370092 0.666667 0.151270 0.057737
17 0.587760 0.293687 0.277136 0.263279