0 0.560816 0.428406 0.519630 0.856812
1 0.486913 0.113164 0.237875 0.212471
2 0.538876 0.330254 0.411085 0.314088
3 0.352964 0.326790 0.103926 0.163972
4 0.388761 0.466513 0.073903 0.087760
3 0.714396 0.258661 0.133949 0.189376
4 0.746728 0.412240 0.078522 0.090069
5 0.418784 0.557737 0.106236 0.090069
5 0.721324 0.510393 0.129330 0.092379
6 0.520400 0.564665 0.087760 0.136259
6 0.639338 0.553118 0.057737 0.108545
7 0.552733 0.651270 0.129330 0.041570
7 0.722479 0.612009 0.090069 0.083141
8 0.551578 0.759815 0.163972 0.170901
8 0.714396 0.748268 0.133949 0.166282
9 0.488068 0.053118 0.235566 0.083141
11 0.466128 0.124711 0.145497 0.046189
13 0.431486 0.554273 0.066975 0.073903
13 0.721324 0.505774 0.101617 0.078522
15 0.561971 0.756351 0.129330 0.154734
15 0.714396 0.745958 0.101617 0.147806
17 0.536567 0.332564 0.346420 0.309469