0 0.561971 0.399538 0.226328 0.332564
1 0.576212 0.279317 0.086990 0.074160
2 0.551578 0.361432 0.168591 0.113164
3 0.497306 0.333718 0.041570 0.048499
3 0.623172 0.348730 0.034642 0.055427
4 0.485758 0.376443 0.036952 0.023095
4 0.616628 0.397357 0.018476 0.028483
5 0.485373 0.408904 0.034642 0.037721
13 0.481909 0.403516 0.026174 0.025404
5 0.617398 0.426610 0.026174 0.033102
13 0.616243 0.426225 0.017706 0.027714
6 0.580062 0.442392 0.040801 0.050808
6 0.511932 0.433924 0.044650 0.027714
7 0.576212 0.475494 0.037721 0.015396
7 0.507698 0.461252 0.043880 0.022325
8 0.558891 0.518989 0.050808 0.066975
8 0.500000 0.503977 0.048499 0.058507
15 0.556967 0.515140 0.046959 0.056197
15 0.500770 0.503208 0.039261 0.052348
9 0.572748 0.269951 0.053888 0.040031
11 0.572748 0.289967 0.044650 0.016936
17 0.560431 0.360790 0.123172 0.106236