10 0.251964 0.336942 0.058911 0.034777
10 0.447243 0.347113 0.038401 0.022310
10 0.539318 0.321194 0.045383 0.024278
10 0.357785 0.340551 0.035783 0.027559
10 0.394223 0.358596 0.042329 0.030840
11 0.253233 0.368716 0.037931 0.019685
11 0.354606 0.364173 0.029204 0.018676
11 0.448595 0.369221 0.033232 0.015647
12 0.539396 0.344993 0.036253 0.015647
12 0.394887 0.381839 0.033232 0.015647
1 0.536878 0.346507 0.056058 0.083283
1 0.445407 0.370735 0.041624 0.071169
1 0.392873 0.382092 0.037931 0.086816
1 0.354439 0.364678 0.038938 0.083283
1 0.248355 0.359757 0.053015 0.100697
18 0.238799 0.491369 0.049344 0.177165
18 0.342354 0.488088 0.059079 0.147385
18 0.448260 0.466384 0.048002 0.073693
18 0.540738 0.496416 0.063778 0.194327
18 0.672784 0.505249 0.052911 0.149278
18 0.780515 0.476132 0.072002 0.181266
2 0.781606 0.476132 0.080730 0.196030
2 0.675239 0.508120 0.064366 0.181266
2 0.540507 0.499098 0.079639 0.214075
2 0.452959 0.467520 0.062729 0.093504
2 0.342228 0.486385 0.068184 0.159121
2 0.242407 0.490896 0.064911 0.196030
10 0.677421 0.352280 0.045820 0.030348
10 0.763605 0.295686 0.053456 0.030348
12 0.765787 0.319062 0.042547 0.014764
11 0.677148 0.381398 0.043092 0.018045
1 0.675239 0.380167 0.062184 0.089403
1 0.766605 0.315371 0.063820 0.084482
3 0.838607 0.419948 0.043092 0.129593
3 0.729240 0.449475 0.022910 0.121391
3 0.716967 0.488435 0.021273 0.105807
3 0.624237 0.487205 0.025637 0.108268
3 0.593963 0.452346 0.021819 0.120571
3 0.298318 0.460548 0.020728 0.110728
3 0.197405 0.458497 0.021819 0.126312
4 0.199860 0.565535 0.028910 0.064797
4 0.588236 0.515502 0.042001 0.050033
4 0.713967 0.533957 0.026183 0.044291
4 0.831516 0.497867 0.049638 0.067257
4 0.741513 0.512221 0.023455 0.050033
14 0.762787 0.536827 0.014728 0.046752
14 0.799333 0.526575 0.014728 0.054134
14 0.691057 0.519193 0.027274 0.039370
14 0.652602 0.558153 0.025637 0.045112
14 0.554962 0.520423 0.033274 0.043471
14 0.292318 0.559383 0.025092 0.049213
14 0.273772 0.551181 0.019637 0.042651
14 0.205315 0.612697 0.022364 0.045932
5 0.207497 0.614747 0.032183 0.050033
5 0.271317 0.550361 0.026728 0.047572
5 0.296409 0.562254 0.030001 0.063156
5 0.550053 0.520833 0.035456 0.057415
5 0.651511 0.560614 0.030001 0.059875
5 0.688330 0.520833 0.036001 0.052493
5 0.762787 0.535187 0.028910 0.050033
5 0.796333 0.524114 0.021819 0.062336
6 0.818970 0.628691 0.046365 0.112369
6 0.766332 0.636893 0.063275 0.112369
6 0.687239 0.645505 0.033819 0.088583
6 0.645238 0.651247 0.048002 0.096785
6 0.562326 0.650837 0.051274 0.082841
6 0.515143 0.652477 0.031092 0.089403
6 0.470414 0.676673 0.034365 0.036089
6 0.433322 0.675853 0.035456 0.036089
6 0.362956 0.676263 0.043092 0.059875
6 0.318500 0.668881 0.041456 0.072999
6 0.248680 0.647966 0.041456 0.103346
6 0.200406 0.677083 0.037638 0.107448
7 0.188132 0.775098 0.017455 0.078740
0 0.209679 0.577018 0.148914 0.581529
0 0.331592 0.488845 0.088366 0.365814
0 0.395684 0.396572 0.052911 0.164862
0 0.454323 0.423228 0.069820 0.198491
0 0.542416 0.497867 0.127095 0.426509
0 0.665420 0.536827 0.118913 0.425689
0 0.788424 0.478593 0.158732 0.445374