0 0.115862 0.666379 0.168966 0.467241
0 0.254655 0.663793 0.150000 0.306897
0 0.371897 0.659483 0.143103 0.543103
0 0.575345 0.620690 0.132759 0.524138
0 0.758965 0.628448 0.110345 0.374138
0 0.932241 0.589655 0.070690 0.265517
1 0.158488 0.491247 0.050398 0.090186
1 0.307294 0.545292 0.034483 0.057692
1 0.389589 0.448143 0.061671 0.092838
1 0.597546 0.417971 0.051061 0.090849
1 0.764456 0.477321 0.036870 0.068966
1 0.928714 0.489257 0.028515 0.053050
9 0.930371 0.476326 0.023873 0.021883
9 0.765915 0.463727 0.031830 0.035146
9 0.603448 0.406366 0.038462 0.053050
9 0.386207 0.426592 0.055703 0.044430
9 0.305305 0.535345 0.023873 0.029841
9 0.159947 0.471353 0.037135 0.045093
12 0.166578 0.498210 0.017241 0.015252
12 0.374801 0.459085 0.017241 0.013926
12 0.766645 0.486605 0.019231 0.009284
12 0.601194 0.435544 0.010610 0.015915
2 0.747414 0.569496 0.053714 0.135279
2 0.564390 0.533687 0.073607 0.181698
2 0.387666 0.579775 0.082228 0.171751
2 0.257692 0.598342 0.087533 0.098806
2 0.142042 0.593369 0.103448 0.153846
17 0.143700 0.593369 0.072281 0.143236
17 0.260080 0.594363 0.080902 0.093501
17 0.390053 0.583422 0.068966 0.153846
17 0.566976 0.537666 0.066313 0.177719
17 0.748143 0.567507 0.053050 0.128647
3 0.740849 0.550265 0.022546 0.066313
3 0.541910 0.511406 0.030504 0.078249
3 0.603581 0.512401 0.009284 0.064324
3 0.400332 0.556499 0.043103 0.084881
3 0.289589 0.604576 0.025862 0.052387
3 0.123806 0.579045 0.028515 0.087533
3 0.180504 0.567109 0.015915 0.050398
4 0.130438 0.645027 0.036472 0.045756
4 0.175199 0.609549 0.010610 0.030504
4 0.300862 0.651658 0.020557 0.037798
4 0.375398 0.611074 0.051061 0.023210
4 0.561008 0.577918 0.054377 0.049735
4 0.602454 0.555703 0.011273 0.023873
4 0.758952 0.604443 0.029841 0.044430
5 0.779841 0.629642 0.011936 0.028515
4 0.777188 0.583886 0.006631 0.036472
5 0.597480 0.600133 0.015915 0.030504
5 0.339987 0.513594 0.020557 0.037798
5 0.335676 0.604775 0.023873 0.029178
5 0.305836 0.689324 0.019894 0.040451
5 0.155637 0.678714 0.021883 0.027188
5 0.169562 0.633289 0.011273 0.027851
13 0.154973 0.674735 0.024536 0.033820
13 0.170225 0.631631 0.013926 0.031167
13 0.307825 0.686671 0.015915 0.045756
13 0.342971 0.513594 0.025199 0.039125
13 0.335013 0.605438 0.022546 0.030504
13 0.596419 0.596950 0.021220 0.035809
13 0.777454 0.631101 0.014589 0.028515
13 0.780769 0.614191 0.013263 0.021220
6 0.746618 0.677255 0.025862 0.078912
6 0.550000 0.691180 0.038462 0.120027
6 0.582825 0.693833 0.027188 0.124005
6 0.390252 0.715053 0.048408 0.098806
6 0.351459 0.720027 0.025199 0.104775
6 0.250663 0.686870 0.033156 0.072944
6 0.214523 0.686207 0.025862 0.079576
6 0.104178 0.716645 0.061671 0.082891
6 0.144960 0.715981 0.025199 0.081565
7 0.077321 0.799867 0.046419 0.078249
7 0.139324 0.790915 0.047082 0.066976
7 0.207294 0.756764 0.035809 0.059682
7 0.254377 0.758090 0.034483 0.064987
7 0.353846 0.815119 0.033156 0.083554
7 0.391976 0.809151 0.035146 0.094164
7 0.557029 0.793899 0.046419 0.086207
7 0.581233 0.796552 0.016578 0.076923
7 0.729775 0.740849 0.025862 0.057029
7 0.754973 0.750464 0.031167 0.073607
8 0.763263 0.798873 0.025199 0.023210
8 0.730438 0.782294 0.039125 0.019231
8 0.389390 0.880438 0.033156 0.041777
8 0.345623 0.873143 0.050398 0.032493
8 0.151127 0.842308 0.045756 0.027851
8 0.071883 0.857560 0.039788 0.031830
8 0.208488 0.797878 0.038462 0.019894
8 0.262865 0.795557 0.037135 0.019231
15 0.072546 0.855902 0.037135 0.037798
15 0.149801 0.838660 0.049735 0.036472
15 0.207162 0.795225 0.037135 0.025199
15 0.261207 0.790584 0.044430 0.025199
15 0.346419 0.869496 0.051724 0.039788
15 0.389854 0.877785 0.035146 0.048408
15 0.762401 0.797215 0.027188 0.026525
15 0.728912 0.779310 0.042440 0.025199