10 0.912123 0.175853 0.078087 0.049869
10 0.608887 0.116798 0.037308 0.034121
10 0.488287 0.123360 0.039043 0.036745
10 0.322570 0.148950 0.058131 0.048556
10 0.358577 0.167979 0.019088 0.023622
10 0.191124 0.120079 0.062469 0.059055
10 0.102626 0.053150 0.078087 0.053806
12 0.111302 0.102362 0.057263 0.036745
12 0.198499 0.160761 0.044249 0.022310
12 0.329511 0.188976 0.025161 0.026247
12 0.350768 0.196194 0.026029 0.024934
12 0.492625 0.157480 0.039043 0.028871
12 0.611924 0.150919 0.032970 0.018373
12 0.900844 0.218504 0.053793 0.027559
12 0.667886 0.503937 0.028632 0.023622
10 0.683070 0.473753 0.060734 0.044619
1 0.678731 0.496063 0.079822 0.107612
1 0.612358 0.145013 0.059866 0.093176
1 0.907785 0.205381 0.102380 0.148294
1 0.488287 0.159449 0.063337 0.108924
1 0.308688 0.176509 0.061602 0.124672
1 0.362915 0.198819 0.029499 0.106299
1 0.193727 0.144357 0.088498 0.118110
1 0.097420 0.088583 0.093704 0.137795
18 0.046664 0.305774 0.077219 0.267717
18 0.314328 0.312336 0.091969 0.194226
18 0.486552 0.290026 0.075484 0.188976
18 0.199367 0.322178 0.072013 0.203412
18 0.606284 0.262467 0.078954 0.149606
18 0.895639 0.356299 0.058999 0.174541
18 0.663548 0.601706 0.052925 0.106299
2 0.896506 0.356955 0.078087 0.194226
2 0.608020 0.265092 0.092836 0.160105
2 0.487853 0.295276 0.090233 0.202100
2 0.316063 0.312336 0.117997 0.215223
2 0.201102 0.325459 0.094571 0.223097
2 0.050135 0.312992 0.096307 0.271654
3 0.103060 0.302493 0.091101 0.261155
3 0.264873 0.299869 0.038176 0.174541
3 0.434494 0.282152 0.044249 0.146982
3 0.530801 0.271654 0.026896 0.112861
3 0.664849 0.246063 0.045117 0.116798
3 0.952034 0.369423 0.045117 0.169291
15 0.880455 0.858924 0.084160 0.056430
15 0.872213 0.797244 0.074616 0.035433
15 0.862669 0.699475 0.052058 0.036745
15 0.506507 0.653543 0.065072 0.062992
15 0.450111 0.667979 0.051190 0.102362
15 0.354672 0.637139 0.047720 0.069554
15 0.330812 0.671260 0.045117 0.085302
15 0.297409 0.715879 0.075484 0.066929
15 0.296107 0.755249 0.058999 0.072178
15 0.208911 0.725066 0.078954 0.061680
15 0.169434 0.787402 0.057263 0.089239
15 0.116942 0.896982 0.096307 0.080052
15 0.040034 0.921916 0.080068 0.095801
15 0.128655 0.837270 0.090233 0.047244