0 0.518091 0.365281 0.415704 0.528868
1 0.428022 0.160893 0.143187 0.101617
2 0.485065 0.292225 0.257275 0.156428
3 0.583911 0.202463 0.108545 0.083141
3 0.373749 0.308699 0.071594 0.101617
4 0.613241 0.278522 0.076674 0.056351
4 0.385989 0.387991 0.058199 0.042494
5 0.409084 0.445727 0.061894 0.056351
5 0.643264 0.340416 0.062818 0.054503
13 0.414165 0.442956 0.040647 0.048961
13 0.640493 0.339954 0.046189 0.051732
6 0.582756 0.389838 0.063741 0.072055
6 0.482987 0.413857 0.067436 0.079446
7 0.591070 0.447113 0.071132 0.038799
7 0.481139 0.478060 0.065589 0.043418
8 0.623865 0.518245 0.112702 0.092379
8 0.491301 0.551039 0.072979 0.093303
15 0.625250 0.517321 0.102540 0.083141
15 0.488530 0.546882 0.063741 0.075751
9 0.440955 0.141339 0.097921 0.055427
11 0.440955 0.162587 0.090531 0.053580
17 0.471440 0.274827 0.221709 0.187529