0 0.381832 0.480370 0.521940 0.900693
1 0.328714 0.142032 0.267898 0.219400
9 0.320631 0.094688 0.242494 0.101617
11 0.357583 0.160508 0.145497 0.080831
2 0.339107 0.362587 0.399538 0.304850
3 0.199384 0.363741 0.133949 0.182448
4 0.200539 0.516166 0.094688 0.099307
3 0.535412 0.272517 0.127021 0.133949
4 0.558506 0.401848 0.094688 0.115473
5 0.567744 0.536952 0.085450 0.131640
5 0.275597 0.622402 0.120092 0.099307
6 0.494996 0.577367 0.101617 0.106236
6 0.373749 0.613164 0.062356 0.122402
7 0.506543 0.665127 0.115473 0.050808
7 0.343726 0.717090 0.085450 0.066975
8 0.546959 0.780600 0.182448 0.157044
8 0.380677 0.839492 0.159353 0.154734
15 0.392225 0.840647 0.117783 0.143187
15 0.550423 0.779446 0.166282 0.127021
13 0.560816 0.520785 0.066975 0.090069
13 0.273287 0.615473 0.078522 0.080831
17 0.351809 0.401848 0.364896 0.346420