0 0.386451 0.418014 0.540416 0.803695
1 0.549269 0.117783 0.196305 0.184758
2 0.429176 0.360277 0.297921 0.300231
3 0.321786 0.205543 0.143187 0.203233
4 0.291763 0.372979 0.087760 0.090069
5 0.289453 0.465358 0.133949 0.080831
3 0.594303 0.322171 0.050808 0.177829
4 0.555042 0.448037 0.055427 0.041570
5 0.530793 0.530023 0.103926 0.085450
6 0.414165 0.553118 0.133949 0.066975
6 0.270978 0.551963 0.133949 0.073903
8 0.342571 0.700924 0.157044 0.191686
8 0.206313 0.676674 0.110855 0.203233
9 0.552733 0.083141 0.170901 0.096998
11 0.568899 0.139723 0.110855 0.066975
13 0.517981 0.522930 0.069284 0.044540
13 0.285797 0.462719 0.099802 0.069284
15 0.208265 0.687067 0.084955 0.183108
15 0.343946 0.704800 0.131970 0.175685
17 0.466335 0.319477 0.264701 0.360632