0 0.507602 0.545420 0.160701 0.348730
1 0.484988 0.454196 0.106236 0.106236
3 0.510393 0.556967 0.055427 0.090069
4 0.513857 0.634334 0.039261 0.046189
5 0.509238 0.683988 0.066975 0.043880
3 0.558335 0.546147 0.026944 0.069284
4 0.568600 0.623770 0.026944 0.065435
17 0.503806 0.595544 0.089813 0.170644
9 0.486485 0.430032 0.078265 0.055171
12 0.479429 0.464032 0.043623 0.025661
14 0.507121 0.683940 0.059180 0.034642
0 0.758636 0.526487 0.127742 0.253320
1 0.742398 0.448542 0.085162 0.093100
3 0.763688 0.516744 0.028147 0.073614
4 0.756832 0.582419 0.027425 0.054850
5 0.731572 0.631135 0.051963 0.035364
17 0.774153 0.562572 0.076501 0.152281
13 0.729046 0.633661 0.046911 0.030312
9 0.740233 0.426169 0.075058 0.049798
12 0.728325 0.459007 0.045468 0.012991
0 0.706673 0.511692 0.110421 0.265589
1 0.712808 0.429056 0.069284 0.098874
17 0.702343 0.563294 0.059902 0.163828
3 0.687187 0.509166 0.022373 0.051241
4 0.685744 0.547777 0.025260 0.023095
5 0.673475 0.584584 0.041137 0.038972
9 0.714251 0.403796 0.069284 0.041137
13 0.669866 0.584584 0.032477 0.033199
12 0.695126 0.434830 0.022373 0.015156
0 0.411374 0.542003 0.088048 0.147229
1 0.389723 0.495092 0.044746 0.038972
3 0.434108 0.514579 0.023816 0.033199
3 0.396579 0.543086 0.009382 0.020930
4 0.435191 0.549581 0.017321 0.028147
6 0.434830 0.577006 0.015156 0.020930
6 0.412457 0.571954 0.018043 0.022373
7 0.410292 0.596492 0.016599 0.020930
7 0.432304 0.598658 0.014434 0.020930
9 0.387919 0.490762 0.035364 0.024538