0 0.316397 0.494996 0.517321 0.989992
1 0.379908 0.070824 0.237875 0.138568
2 0.300231 0.356043 0.438799 0.436490
3 0.461894 0.252117 0.115473 0.159353
4 0.403002 0.375674 0.154734 0.115473
5 0.172055 0.214011 0.163972 0.106236
5 0.301386 0.234796 0.113164 0.106236
14 0.289838 0.223249 0.080831 0.078522
14 0.174365 0.201309 0.113164 0.062356
6 0.255196 0.675905 0.163972 0.180139
6 0.130485 0.649346 0.071594 0.131640
7 0.213626 0.841032 0.080831 0.145497
7 0.129330 0.806390 0.087760 0.159353
9 0.382217 0.027329 0.163972 0.054657
12 0.374134 0.061586 0.124711 0.060046
17 0.310624 0.331794 0.390300 0.434180