0 0.511162 0.441109 0.568129 0.812933
1 0.453426 0.131640 0.212471 0.189376
2 0.497306 0.344111 0.411085 0.314088
3 0.672825 0.251732 0.147806 0.157044
3 0.319476 0.333718 0.101617 0.182448
4 0.706313 0.386836 0.085450 0.085450
4 0.357583 0.461894 0.085450 0.046189
5 0.386451 0.550808 0.110855 0.090069
5 0.677444 0.480370 0.087760 0.078522
13 0.392225 0.550808 0.090069 0.066975
13 0.677444 0.481524 0.060046 0.043880
6 0.627791 0.542725 0.108545 0.073903
6 0.504234 0.555427 0.101617 0.094688
7 0.652040 0.616628 0.087760 0.055427
7 0.501925 0.635104 0.110855 0.036952
8 0.679754 0.734411 0.129330 0.161663
8 0.511162 0.757506 0.143187 0.157044
15 0.508853 0.759815 0.101617 0.161663
15 0.679754 0.722864 0.129330 0.138568
9 0.437259 0.081986 0.180139 0.080831
11 0.437259 0.136259 0.152425 0.046189
17 0.484603 0.349885 0.307159 0.316397