0 0.491917 0.485758 0.766744 0.971516
1 0.736721 0.137798 0.277136 0.193995
2 0.562356 0.413780 0.357968 0.381062
3 0.771363 0.417244 0.170901 0.221709
3 0.500000 0.247498 0.117783 0.076212
4 0.630485 0.543110 0.110855 0.122402
5 0.317552 0.457660 0.113164 0.103926
5 0.524249 0.648191 0.138568 0.152425
13 0.523095 0.647036 0.117783 0.122402
13 0.330254 0.465743 0.055427 0.069284
7 0.489607 0.769438 0.106236 0.080831
6 0.355658 0.577752 0.069284 0.103926
7 0.393764 0.660893 0.090069 0.080831
8 0.387991 0.867590 0.304850 0.138568
8 0.383372 0.876828 0.272517 0.120092
15 0.273672 0.761355 0.307159 0.129330
15 0.272517 0.776366 0.267898 0.099307
9 0.741339 0.095073 0.235566 0.094688
11 0.660508 0.137798 0.106236 0.069284
17 0.600462 0.389530 0.415704 0.327945