0 0.520785 0.518091 0.764434 0.963818
1 0.297921 0.158584 0.295612 0.226328
2 0.386836 0.410316 0.330254 0.286374
3 0.258661 0.424172 0.157044 0.147806
4 0.389723 0.563366 0.202079 0.121343
5 0.543880 0.674750 0.150115 0.127021
6 0.510248 0.729888 0.180427 0.150115
6 0.645208 0.624519 0.075058 0.164550
8 0.639434 0.910556 0.294457 0.140012
8 0.746247 0.770545 0.230947 0.116917
15 0.646651 0.915608 0.262702 0.112587
15 0.757794 0.780649 0.178984 0.088048
13 0.535508 0.679609 0.115473 0.119804
17 0.446738 0.431341 0.425808 0.293014
9 0.298627 0.127021 0.252117 0.107775
11 0.356364 0.170323 0.159738 0.094303