0 0.671552 0.530172 0.553448 0.939655
1 0.729310 0.187931 0.210345 0.224138
9 0.713793 0.122414 0.168966 0.100000
12 0.699138 0.185345 0.098276 0.039655
2 0.712931 0.458621 0.291379 0.393103
17 0.716379 0.461207 0.291379 0.381034
3 0.539655 0.330172 0.044828 0.094828
4 0.487069 0.311207 0.108621 0.153448
4 0.869828 0.328448 0.105172 0.163793
5 0.550000 0.187931 0.086207 0.093103
5 0.824138 0.200000 0.065517 0.082759
13 0.551724 0.191379 0.093103 0.093103
13 0.820690 0.202586 0.068966 0.098276
6 0.630172 0.741379 0.122414 0.186207
6 0.781034 0.739655 0.137931 0.182759
7 0.623276 0.915517 0.105172 0.168966
7 0.801724 0.917241 0.113793 0.165517