0 0.538106 0.532717 0.193995 0.900693
1 0.524249 0.180523 0.110855 0.182448
3 0.570439 0.369900 0.064665 0.177829
4 0.538106 0.520015 0.078522 0.099307
6 0.565050 0.683988 0.103156 0.159353
7 0.555427 0.829484 0.066975 0.113164
8 0.545035 0.934882 0.096998 0.085586
2 0.547888 0.439320 0.119006 0.320744
9 0.531948 0.127406 0.092379 0.076212
11 0.521555 0.187452 0.076212 0.030023
5 0.516687 0.625096 0.067473 0.115473
13 0.505366 0.637708 0.036680 0.074039
15 0.544423 0.939976 0.088982 0.064529
17 0.550197 0.441629 0.103247 0.302269