0 0.535823 0.466535 0.869424 0.856955
14 0.841767 0.275591 0.071645 0.052493
14 0.214387 0.160761 0.083263 0.082677
5 0.213419 0.157480 0.120054 0.110236
5 0.838863 0.269685 0.104563 0.066929
4 0.735267 0.285433 0.141354 0.048556
4 0.191151 0.256562 0.063900 0.114173
3 0.609404 0.266404 0.106500 0.094488
3 0.269573 0.259843 0.104563 0.102362
18 0.430291 0.320866 0.216872 0.224409
2 0.433196 0.328740 0.253663 0.242782
11 0.434164 0.160761 0.112309 0.022310
10 0.439005 0.120079 0.133609 0.053806
1 0.438037 0.145669 0.170399 0.131234
6 0.471923 0.523622 0.137481 0.157480
6 0.341219 0.520997 0.135545 0.144357
7 0.440941 0.663386 0.133609 0.135171
7 0.304428 0.666667 0.127800 0.131234
15 0.286033 0.784121 0.075518 0.069554
15 0.423514 0.746063 0.110372 0.053806
8 0.430291 0.746063 0.147163 0.072178
8 0.292810 0.785433 0.123927 0.085302