0 0.719828 0.584483 0.343103 0.831034
1 0.809483 0.270690 0.125862 0.206897
10 0.806034 0.240517 0.094828 0.108621
12 0.847414 0.280172 0.029310 0.050000
2 0.774138 0.501724 0.165517 0.368966
17 0.767241 0.493966 0.137931 0.325862
3 0.766379 0.443103 0.060345 0.155172
4 0.775862 0.584483 0.072414 0.117241
5 0.793966 0.685345 0.039655 0.087931
14 0.793103 0.683621 0.037931 0.087931
6 0.804310 0.743103 0.112069 0.172414
6 0.746552 0.725000 0.048276 0.122414
7 0.811207 0.903448 0.077586 0.165517
7 0.703448 0.813793 0.117241 0.082759
8 0.643103 0.909483 0.055172 0.112069
8 0.806897 0.990517 0.093103 0.018966
16 0.640517 0.892241 0.060345 0.139655
16 0.806897 0.990517 0.093103 0.018966