12 0.585163 0.242126 0.170327 0.106299
10 0.621991 0.114173 0.227870 0.149606
1 0.607605 0.230315 0.275055 0.413386
14 0.165101 0.752625 0.103577 0.169291
14 0.461446 0.923885 0.001151 0.034121
14 0.380886 0.828084 0.162271 0.217848
5 0.385490 0.826115 0.199098 0.234908
5 0.162799 0.751312 0.128896 0.190289
4 0.193872 0.587927 0.117387 0.228346
4 0.630047 0.917979 0.310731 0.164042
3 0.778507 0.707349 0.168025 0.467192
3 0.266376 0.454724 0.191042 0.221785
18 0.566750 0.607612 0.469550 0.425197
2 0.558118 0.668635 0.364822 0.646982
0 0.531649 0.506562 0.889613 0.986876