0 0.568899 0.497691 0.258661 0.879908
1 0.557352 0.161663 0.096998 0.189376
2 0.560816 0.420323 0.159353 0.323326
3 0.630100 0.331409 0.071594 0.127021
3 0.496151 0.327945 0.053118 0.115473
4 0.620862 0.434180 0.039261 0.050808
4 0.490762 0.412205 0.019945 0.052488
5 0.570019 0.444223 0.054587 0.059836
5 0.522255 0.438449 0.032543 0.062986
13 0.563195 0.441598 0.036742 0.048289
13 0.522780 0.440549 0.027294 0.048289
6 0.592064 0.652600 0.065085 0.138568
6 0.530128 0.655224 0.050388 0.143817
7 0.606236 0.758626 0.047239 0.060886
7 0.530653 0.775947 0.040941 0.093429
8 0.618833 0.839457 0.053538 0.100777
8 0.518581 0.873049 0.090279 0.092379
15 0.517531 0.870950 0.060886 0.083981
15 0.618833 0.838932 0.038841 0.091329
9 0.562671 0.128071 0.081881 0.096578
11 0.563195 0.196830 0.059836 0.024144
17 0.560367 0.412818 0.128945 0.298306