12 0.499016 0.280840 0.230203 0.057743
10 0.482292 0.196194 0.322677 0.103675
10 0.409493 0.120079 0.291196 0.082677
1 0.489179 0.275591 0.360060 0.293963
1 0.378012 0.187664 0.318742 0.225722
18 0.460649 0.676509 0.487951 0.489501
2 0.470487 0.674541 0.546977 0.532808
14 0.631825 0.608924 0.181014 0.089239
14 0.760699 0.590551 0.123955 0.120735
14 0.228479 0.905512 0.114118 0.120735
4 0.164534 0.776247 0.179046 0.216535
4 0.353418 0.714567 0.371866 0.185039
3 0.181258 0.592520 0.157403 0.300525
4 0.714462 0.710630 0.098377 0.106299
3 0.655436 0.503937 0.114118 0.123360
3 0.105508 0.528215 0.155436 0.303150
5 0.764635 0.588583 0.155436 0.150919
5 0.620020 0.609580 0.196754 0.101050
5 0.227495 0.903543 0.159371 0.135171
0 0.439868 0.543963 0.879736 0.912073