0 0.511207 0.524138 0.353448 0.951724
1 0.487931 0.101724 0.103448 0.086207
9 0.484483 0.095690 0.068966 0.067241
2 0.536207 0.353448 0.179310 0.437931
17 0.531897 0.357759 0.153448 0.415517
3 0.635345 0.263793 0.067241 0.144828
3 0.443966 0.237931 0.091379 0.189655
4 0.650000 0.387931 0.041379 0.113793
4 0.407759 0.380172 0.067241 0.077586
5 0.647414 0.481897 0.046552 0.084483
5 0.358621 0.437931 0.027586 0.106897
13 0.648276 0.480172 0.037931 0.091379
13 0.363793 0.439655 0.048276 0.113793
6 0.493103 0.673276 0.093103 0.274138
6 0.559483 0.656034 0.039655 0.243103
7 0.502586 0.906897 0.087931 0.186206
7 0.545690 0.859483 0.015517 0.146552