11 0.481623 0.184711 0.108508 0.036089
10 0.486318 0.148950 0.122072 0.034121
1 0.482667 0.174869 0.139809 0.101706
18 0.472233 0.345144 0.219103 0.204724
2 0.475363 0.341207 0.237883 0.220472
4 0.528052 0.354659 0.149199 0.041339
4 0.386157 0.410433 0.065731 0.097769
14 0.402329 0.373360 0.085555 0.045932
5 0.406502 0.371719 0.104335 0.053150
3 0.365812 0.304790 0.087641 0.112205
3 0.576568 0.289370 0.068861 0.093176
14 0.408589 0.473097 0.079294 0.043307
5 0.413284 0.473097 0.092858 0.055118
6 0.551528 0.536745 0.137722 0.169291
6 0.422152 0.539042 0.116855 0.155512
7 0.591696 0.699803 0.132505 0.159449
7 0.426847 0.685039 0.103291 0.135171
16 0.440411 0.791339 0.105378 0.068241
16 0.623519 0.798885 0.085555 0.058399
8 0.625605 0.797900 0.112682 0.065617
8 0.440933 0.790026 0.143982 0.078740
0 0.496870 0.482940 0.461160 0.771654