0 0.492687 0.518861 0.281755 0.817552
1 0.497434 0.189761 0.142930 0.168591
2 0.499615 0.423018 0.129330 0.288684
3 0.421093 0.285604 0.078522 0.064665
4 0.408391 0.220255 0.030023 0.052177
3 0.580446 0.290223 0.087760 0.064665
4 0.593149 0.218630 0.030023 0.032333
5 0.456334 0.184758 0.052177 0.090668
5 0.556839 0.161663 0.054743 0.075272
6 0.460183 0.646224 0.049611 0.154820
6 0.516637 0.643230 0.046189 0.155675
7 0.461894 0.773244 0.039347 0.094089
7 0.523052 0.772817 0.045334 0.094945
8 0.538021 0.870755 0.085536 0.097511
8 0.456762 0.866117 0.053032 0.081391
9 0.513643 0.180481 0.077838 0.131725
13 0.558122 0.163735 0.042044 0.071653
13 0.456564 0.182093 0.047374 0.081127
15 0.533744 0.876019 0.079351 0.079351
15 0.455577 0.867729 0.034346 0.061586
17 0.502309 0.411085 0.131640 0.267898