0 0.375289 0.499230 0.491917 0.995381
1 0.431871 0.132025 0.212471 0.251732
2 0.416859 0.488838 0.408776 0.498845
3 0.555427 0.417244 0.113164 0.230947
4 0.441109 0.484219 0.101617 0.129330
3 0.222864 0.283295 0.108545 0.073903
4 0.159353 0.394149 0.064665 0.078522
5 0.349885 0.362972 0.066975 0.131640
5 0.259815 0.365281 0.099307 0.066975
13 0.340647 0.350269 0.039261 0.078522
13 0.272517 0.354888 0.069284 0.055427
9 0.434180 0.070824 0.189376 0.115473
12 0.427252 0.151655 0.106236 0.064665
6 0.351039 0.866051 0.143187 0.240185
6 0.247113 0.851039 0.064665 0.214781