0 0.383201 0.638953 0.161663 0.354119
1 0.402446 0.497177 0.041057 0.050038
2 0.395390 0.585065 0.088530 0.130870
3 0.437088 0.562612 0.028227 0.068001
3 0.352408 0.559405 0.033359 0.069284
6 0.410786 0.688350 0.026944 0.075699
6 0.366521 0.687708 0.025661 0.064152
7 0.406295 0.756351 0.017963 0.042340
7 0.364597 0.748653 0.021812 0.039774
9 0.401805 0.488838 0.039774 0.030793
8 0.410786 0.792276 0.050038 0.026944
8 0.358181 0.789069 0.039774 0.035925
15 0.408006 0.791042 0.037899 0.021910
15 0.353822 0.786897 0.024279 0.025463
17 0.396780 0.583462 0.086605 0.109700
0 0.537272 0.640316 0.125096 0.327335
1 0.544008 0.507442 0.065435 0.061586
2 0.537272 0.598858 0.075058 0.125096
3 0.516102 0.565178 0.044265 0.053888
6 0.517064 0.690275 0.046189 0.046189
6 0.560367 0.693161 0.017321 0.040416
7 0.527730 0.738308 0.025180 0.031755
8 0.536711 0.775476 0.051963 0.029590
4 0.510008 0.610927 0.041859 0.025260
9 0.537072 0.503031 0.044024 0.040416
15 0.540319 0.778002 0.038972 0.020208
7 0.556558 0.734339 0.015156 0.036807
17 0.543928 0.597936 0.054850 0.116195