0 0.433965 0.452586 0.522414 0.850000
1 0.397759 0.121552 0.215517 0.184483
2 0.425345 0.357759 0.350000 0.287931
9 0.390000 0.075000 0.200000 0.067241
11 0.396897 0.136207 0.193103 0.037931
17 0.427069 0.361207 0.305172 0.267241
3 0.249483 0.336207 0.091379 0.172414
3 0.596897 0.287931 0.072414 0.148276
4 0.625345 0.413793 0.091379 0.124138
4 0.283103 0.481897 0.120690 0.108621
13 0.639138 0.516379 0.074138 0.074138
13 0.337414 0.571552 0.125862 0.081034
6 0.402931 0.586207 0.146552 0.151724
6 0.543448 0.575000 0.137931 0.143103
7 0.390000 0.718103 0.117241 0.132759
7 0.551207 0.703448 0.122414 0.110345
8 0.593448 0.791379 0.172414 0.100000
8 0.427931 0.834483 0.124138 0.103448
15 0.593448 0.756034 0.179310 0.156897
15 0.409828 0.792241 0.129310 0.167241
5 0.340000 0.572414 0.110345 0.082759
5 0.643448 0.513793 0.079310 0.096552