0 0.247113 0.490762 0.480370 0.893764
1 0.227483 0.191686 0.177829 0.286374
2 0.239184 0.636413 0.283757 0.603079
3 0.150115 0.459584 0.064665 0.203233
4 0.109700 0.615473 0.108545 0.117783
5 0.077444 0.443264 0.084065 0.207852
4 0.373518 0.583218 0.051732 0.086836
5 0.433564 0.420631 0.101617 0.197691
9 0.227560 0.114396 0.157044 0.113626
12 0.245573 0.200308 0.098845 0.037875
13 0.085296 0.439107 0.084988 0.186605
13 0.430331 0.433102 0.087760 0.167206
17 0.234026 0.637413 0.206928 0.583218
0 0.710931 0.485373 0.551963 0.898383
1 0.753657 0.173595 0.217090 0.274827
2 0.762894 0.637798 0.304850 0.556582
3 0.922248 0.480754 0.092379 0.177829
4 0.940724 0.657429 0.069284 0.152425
3 0.620862 0.465743 0.062356 0.143187
4 0.600077 0.665512 0.062356 0.090069
5 0.839107 0.675905 0.120092 0.198614
5 0.486913 0.604311 0.127021 0.175520
9 0.766359 0.107775 0.200924 0.124711
12 0.744419 0.192071 0.110855 0.030023
13 0.846035 0.675905 0.069284 0.161663
13 0.474211 0.595073 0.069284 0.124711
17 0.760585 0.630870 0.267898 0.528868