0 0.639723 0.577367 0.369515 0.840647
1 0.690531 0.264434 0.217090 0.205543
2 0.690531 0.637413 0.267898 0.531178
3 0.534642 0.523095 0.122402 0.196305
4 0.512702 0.712471 0.101617 0.168591
5 0.517321 0.891455 0.120092 0.180139
9 0.683603 0.212471 0.189376 0.101617
12 0.651270 0.273672 0.096998 0.043880
18 0.668591 0.647806 0.316397 0.538106
6 0.648961 0.956120 0.106236 0.078522
6 0.770208 0.959584 0.103926 0.066975
14 0.521940 0.904157 0.087760 0.145497
0 0.461894 0.591224 0.254042 0.799076
1 0.476905 0.334873 0.182448 0.249423
2 0.434180 0.706697 0.161663 0.461894
9 0.471132 0.274827 0.147806 0.092379
12 0.458430 0.338337 0.085450 0.030023
18 0.413395 0.699769 0.120092 0.452656
0 0.314578 0.633704 0.220449 0.707537
1 0.336623 0.391210 0.172160 0.184758
2 0.283085 0.727133 0.144867 0.445098
9 0.332423 0.350269 0.142767 0.090279
12 0.314578 0.404857 0.086080 0.027294
18 0.288334 0.711386 0.142767 0.392610