0 0.711207 0.567241 0.336207 0.865517
0 0.518966 0.575862 0.331034 0.820690
1 0.732759 0.238793 0.117241 0.191379
1 0.600862 0.261207 0.091379 0.167241
9 0.603448 0.230172 0.065517 0.105172
9 0.728448 0.200000 0.094828 0.096552
12 0.696552 0.263793 0.034483 0.031034
12 0.598276 0.278448 0.048276 0.022414
2 0.741379 0.449138 0.134483 0.250000
2 0.592241 0.447414 0.132759 0.246552
17 0.586207 0.449138 0.093103 0.212069
17 0.732759 0.448276 0.110345 0.193103
3 0.813793 0.405172 0.072414 0.137931
4 0.821552 0.504310 0.070690 0.070690
3 0.502586 0.379310 0.063793 0.082759
3 0.650000 0.449138 0.034483 0.132759
5 0.712931 0.552586 0.043103 0.060345
14 0.719828 0.548276 0.046552 0.075862
5 0.475862 0.463793 0.058621 0.065517
14 0.475862 0.450000 0.048276 0.096552
6 0.456034 0.627586 0.122414 0.124138
6 0.554310 0.634483 0.043103 0.148276
6 0.693966 0.646552 0.160345 0.075862
6 0.619828 0.623276 0.084483 0.067241
7 0.422414 0.742241 0.048276 0.118966
7 0.545690 0.777586 0.053448 0.127586
7 0.605172 0.775862 0.062069 0.234483
7 0.641379 0.774138 0.051724 0.172414
8 0.607759 0.944828 0.112069 0.110344
15 0.604310 0.943966 0.105172 0.108621
8 0.519828 0.911207 0.043103 0.139655
15 0.519828 0.904310 0.050000 0.167241
8 0.410345 0.824138 0.086207 0.048276
15 0.406897 0.821552 0.089655 0.067241