9 0.494198 0.089791 0.210664 0.078740
11 0.518718 0.147810 0.167150 0.030391
1 0.497306 0.132615 0.219644 0.180964
17 0.540821 0.370908 0.266611 0.281807
2 0.535640 0.368490 0.296312 0.300456
3 0.664456 0.306327 0.060782 0.127780
3 0.355367 0.333264 0.101533 0.167841
4 0.685868 0.431344 0.066308 0.118110
4 0.397154 0.482111 0.117420 0.124327
13 0.449993 0.575010 0.104296 0.071142
13 0.697610 0.524244 0.055256 0.073215
5 0.702445 0.527697 0.062163 0.082884
5 0.451720 0.578809 0.110513 0.081503
6 0.603329 0.591242 0.127780 0.139522
6 0.472096 0.596422 0.119492 0.155408
7 0.587443 0.713496 0.122254 0.100843
7 0.454828 0.732836 0.105678 0.113275
15 0.483147 0.792236 0.152645 0.160243
15 0.628885 0.747341 0.196850 0.140903
8 0.635102 0.785675 0.180274 0.079431
8 0.500414 0.828844 0.136069 0.096698
0 0.519685 0.459974 0.501312 0.891076