0 0.479215 0.557737 0.381062 0.884526
1 0.435394 0.219725 0.177948 0.202582
2 0.430716 0.432221 0.159353 0.239485
3 0.372979 0.414550 0.057737 0.168591
3 0.503464 0.386836 0.041570 0.127021
4 0.523095 0.494226 0.048499 0.050808
4 0.369515 0.546189 0.050808 0.066975
5 0.351039 0.638805 0.060046 0.108071
5 0.547344 0.568129 0.055427 0.078522
6 0.540416 0.674365 0.087760 0.124711
6 0.448037 0.706697 0.050808 0.133949
7 0.568129 0.810624 0.055427 0.120092
7 0.467667 0.827945 0.048499 0.085450
8 0.600462 0.921478 0.087760 0.078522
8 0.459584 0.934535 0.087760 0.104637
9 0.460857 0.186386 0.109256 0.127021
11 0.458637 0.260555 0.053295 0.017765
14 0.356043 0.644283 0.029312 0.087049
14 0.545686 0.566116 0.023095 0.058625
15 0.600758 0.918014 0.076390 0.059513
15 0.463522 0.936223 0.079055 0.079943
17 0.452271 0.457870 0.145916 0.299181