12 0.397638 0.329396 0.162730 0.055118
12 0.227034 0.375984 0.186352 0.056430
10 0.167323 0.284777 0.245407 0.107612
10 0.716535 0.050525 0.181102 0.056430
10 0.378609 0.239501 0.216535 0.101050
1 0.416010 0.305774 0.233596 0.364829
1 0.190289 0.377297 0.317585 0.347769
1 0.736220 0.110236 0.204724 0.167979
18 0.861549 0.280840 0.263780 0.398950
18 0.608268 0.724409 0.447507 0.551181
18 0.315617 0.782808 0.607612 0.434383
2 0.315617 0.770341 0.631234 0.459318
2 0.597769 0.716535 0.481627 0.566929
2 0.853018 0.282152 0.293963 0.422572
14 0.895669 0.604331 0.185039 0.192913
14 0.287402 0.955381 0.152231 0.089238
14 0.190945 0.708661 0.219160 0.254593
5 0.189633 0.708661 0.255906 0.275591
5 0.285433 0.949475 0.169291 0.101050
5 0.890420 0.606299 0.219160 0.217848
0 0.228346 0.540026 0.456692 0.919948
0 0.599081 0.521654 0.801837 0.956692
0 0.803150 0.280840 0.393700 0.561680