15 0.326207 0.888793 0.068966 0.081034
15 0.406379 0.877586 0.070690 0.079310
0 0.329655 0.542241 0.600000 0.850000
1 0.333103 0.229310 0.134483 0.193103
9 0.326207 0.185345 0.093103 0.094828
12 0.331379 0.227586 0.058621 0.027586
2 0.340862 0.404310 0.156897 0.263793
17 0.340000 0.411207 0.127586 0.218966
3 0.442586 0.315517 0.077586 0.048276
3 0.236552 0.329310 0.075862 0.051724
4 0.151207 0.330172 0.087931 0.056897
4 0.525345 0.291379 0.056897 0.058621
5 0.579655 0.233621 0.044828 0.070690
5 0.071897 0.284483 0.046552 0.079310
13 0.081379 0.292241 0.079310 0.070690
13 0.571034 0.242241 0.065517 0.081034
6 0.322759 0.610345 0.065517 0.172414
6 0.383965 0.613793 0.060345 0.172414
7 0.396034 0.779310 0.050000 0.162069
7 0.332241 0.778448 0.056897 0.153448
8 0.327931 0.889655 0.048276 0.068966
8 0.407241 0.884483 0.041379 0.044828