0 0.514138 0.558621 0.341379 0.762069
15 0.599483 0.897414 0.077586 0.081034
15 0.428793 0.894828 0.156897 0.072414
1 0.511552 0.256034 0.160345 0.160345
9 0.510690 0.224138 0.137931 0.075862
12 0.483103 0.256897 0.058621 0.031034
2 0.527069 0.461207 0.201724 0.274138
17 0.521034 0.460345 0.158621 0.265517
3 0.629655 0.425862 0.065517 0.155172
4 0.424483 0.519828 0.031034 0.084483
4 0.628793 0.541379 0.056897 0.089655
5 0.621897 0.638793 0.067241 0.087931
5 0.421897 0.598276 0.039655 0.079310
13 0.620172 0.634483 0.081034 0.110345
13 0.422759 0.600000 0.044828 0.082759
6 0.479655 0.666379 0.103448 0.143103
6 0.585690 0.676724 0.108621 0.153448
7 0.596897 0.806897 0.068966 0.106897
7 0.465862 0.798276 0.086207 0.124138
8 0.429655 0.893966 0.113793 0.032759
8 0.602069 0.897414 0.048276 0.046552