0 0.556379 0.460345 0.684483 0.317241
1 0.279655 0.462069 0.117241 0.124138
9 0.265000 0.466379 0.063793 0.098276
2 0.466724 0.466379 0.260345 0.181034
17 0.461552 0.464655 0.236207 0.150000
8 0.842586 0.439655 0.053448 0.065517
15 0.838276 0.442241 0.075862 0.081034
3 0.412414 0.361207 0.089655 0.039655
3 0.427069 0.566379 0.098276 0.036207
4 0.515862 0.581034 0.065517 0.048276
4 0.487414 0.345690 0.074138 0.043103
5 0.558965 0.334483 0.037931 0.034483
5 0.583965 0.581034 0.063793 0.031034
13 0.548621 0.337931 0.062069 0.055172
13 0.579655 0.583621 0.062069 0.050000
6 0.633965 0.429310 0.108621 0.089655
6 0.626207 0.508621 0.100000 0.058621
7 0.740862 0.499138 0.115517 0.046552
7 0.756379 0.438793 0.118966 0.063793