0 0.405312 0.462279 0.445727 0.713626
1 0.356813 0.188607 0.182448 0.138568
2 0.394919 0.367590 0.341801 0.251732
3 0.247113 0.360662 0.087760 0.136259
3 0.533487 0.280985 0.110855 0.092379
4 0.563510 0.374519 0.078522 0.066975
4 0.279446 0.466898 0.073903 0.057737
5 0.572748 0.455350 0.078522 0.080831
5 0.294457 0.544265 0.085450 0.083141
13 0.300231 0.535027 0.060046 0.064665
13 0.569284 0.456505 0.066975 0.064665
6 0.391455 0.571978 0.076212 0.129330
6 0.509238 0.544265 0.103926 0.087760
7 0.540416 0.627406 0.060046 0.060046
7 0.394919 0.666667 0.092379 0.036952
8 0.411085 0.748653 0.106236 0.099307
8 0.561201 0.707082 0.106236 0.071594
15 0.411085 0.741724 0.073903 0.090069
15 0.570439 0.698999 0.092379 0.032333
9 0.357968 0.158584 0.157044 0.055427
11 0.360277 0.192071 0.110855 0.048499
17 0.387991 0.364126 0.263279 0.240185