0 0.289473 0.529528 0.578946 0.940944
0 0.629822 0.492126 0.161400 0.338583
0 0.886839 0.496719 0.226321 0.541995
11 0.257023 0.204724 0.296485 0.078740
12 0.971925 0.340551 0.056149 0.032808
10 0.953505 0.307743 0.092990 0.048556
10 0.234216 0.105643 0.349116 0.085302
10 0.613156 0.345144 0.071928 0.028871
1 0.611401 0.359580 0.089472 0.065617
1 0.944733 0.339239 0.110534 0.148294
1 0.243865 0.213255 0.378940 0.305774
18 0.248251 0.700131 0.461394 0.578740
18 0.925430 0.511155 0.124559 0.216535
18 0.592103 0.452100 0.050876 0.108924
2 0.596489 0.458005 0.094735 0.131234
2 0.918412 0.513780 0.152628 0.240157
2 0.247368 0.694226 0.494736 0.611548
3 0.832449 0.472441 0.068420 0.123360
4 0.124564 0.885171 0.249128 0.137795
4 0.885080 0.540026 0.170172 0.053806
14 0.364915 0.885827 0.196487 0.133858
5 0.364038 0.883202 0.212276 0.160105