0 0.476905 0.457275 0.533487 0.836028
1 0.437644 0.166282 0.270208 0.198614
2 0.444573 0.401848 0.362587 0.290993
3 0.347575 0.341801 0.154734 0.147806
4 0.414550 0.469977 0.140878 0.085450
5 0.500000 0.569284 0.136259 0.094688
6 0.453811 0.584296 0.113164 0.124711
6 0.578522 0.548499 0.071594 0.099307
7 0.452656 0.684758 0.124711 0.053118
8 0.511547 0.786374 0.260970 0.127021
8 0.608545 0.689376 0.168591 0.140878
15 0.515012 0.788684 0.193995 0.094688
15 0.605081 0.697460 0.161663 0.106236
13 0.483834 0.568129 0.080831 0.087760
9 0.438799 0.124711 0.235566 0.115473
11 0.483834 0.167436 0.108545 0.076212
17 0.461894 0.401848 0.300231 0.254042