0 0.500862 0.404310 0.391379 0.667241
1 0.412069 0.153448 0.172414 0.155172
9 0.416379 0.120690 0.153448 0.075862
11 0.383621 0.166379 0.101724 0.046552
2 0.448276 0.322414 0.175862 0.251724
17 0.446552 0.332759 0.172414 0.248276
3 0.559483 0.260345 0.070690 0.113793
3 0.344828 0.296552 0.024138 0.096552
4 0.569828 0.377586 0.063793 0.120690
4 0.352586 0.395690 0.025862 0.118966
5 0.566379 0.467241 0.084483 0.058621
5 0.355172 0.488793 0.058621 0.060345
13 0.562069 0.465517 0.065517 0.048276
13 0.353448 0.481034 0.041379 0.044828
6 0.450000 0.505172 0.127586 0.110345
6 0.562931 0.500000 0.112069 0.100000
7 0.593966 0.590517 0.091379 0.101724
7 0.500000 0.605172 0.089655 0.103448
8 0.480172 0.687931 0.160345 0.079310
8 0.604310 0.687069 0.125862 0.087931
15 0.600862 0.638793 0.115517 0.208621
15 0.483621 0.662069 0.150000 0.137931