0 0.575058 0.469977 0.378753 0.847575
1 0.540416 0.147806 0.106236 0.180139
2 0.534642 0.377598 0.150115 0.274827
3 0.496536 0.316397 0.055427 0.120092
5 0.563510 0.409931 0.087760 0.099307
6 0.505774 0.600462 0.064665 0.175520
6 0.573903 0.599307 0.062356 0.168591
7 0.585450 0.721709 0.048499 0.066975
7 0.516166 0.725173 0.043880 0.073903
8 0.600462 0.819861 0.078522 0.101617
8 0.509238 0.808314 0.085450 0.078522
9 0.543825 0.107225 0.065985 0.075883
11 0.544650 0.166612 0.051138 0.032992
13 0.571044 0.398933 0.077532 0.064335
15 0.589189 0.825360 0.044540 0.079182
15 0.511657 0.801441 0.061036 0.057737
17 0.541350 0.380787 0.103926 0.255691