0 0.442263 0.413395 0.658199 0.762125
1 0.299076 0.137413 0.256351 0.187067
9 0.289838 0.101617 0.251732 0.096998
11 0.374134 0.140878 0.110855 0.073903
2 0.423788 0.369515 0.418014 0.281755
3 0.318707 0.326790 0.180139 0.173210
4 0.450346 0.421478 0.133949 0.076212
5 0.523095 0.494226 0.131640 0.087760
6 0.481524 0.579677 0.145497 0.110855
8 0.579677 0.709007 0.258661 0.120092
8 0.666282 0.621247 0.187067 0.120092
15 0.571594 0.705543 0.219400 0.108545
15 0.680139 0.629330 0.154734 0.080831
13 0.525404 0.489607 0.085450 0.078522
17 0.427252 0.356813 0.369515 0.237875