0 0.158226 0.532808 0.316452 0.934383
0 0.449306 0.581365 0.265707 0.837270
0 0.758278 0.556430 0.346992 0.887139
10 0.704524 0.143701 0.096144 0.053806
10 0.421774 0.190945 0.095270 0.061680
10 0.180540 0.125328 0.119743 0.106299
12 0.426581 0.251969 0.075167 0.031496
12 0.696658 0.209974 0.115373 0.039370
12 0.169614 0.193570 0.104884 0.035433
1 0.434884 0.242782 0.119743 0.191601
1 0.694910 0.219816 0.138098 0.221785
1 0.170925 0.200787 0.151208 0.304462
18 0.440566 0.611549 0.169563 0.448819
18 0.725938 0.635171 0.173933 0.553806
18 0.180103 0.622703 0.190540 0.523622
2 0.174421 0.616142 0.212391 0.589239
2 0.442314 0.606955 0.185296 0.484252
2 0.727249 0.641732 0.197532 0.577428
4 0.526658 0.669291 0.035835 0.099738
4 0.366709 0.635171 0.058560 0.068241
4 0.626298 0.684383 0.086530 0.185039
4 0.836504 0.728346 0.108380 0.178478
4 0.058175 0.786745 0.097018 0.232283
3 0.049434 0.500000 0.090026 0.325459
3 0.527532 0.492782 0.072545 0.219160
3 0.358843 0.493438 0.065553 0.191601
3 0.835193 0.505906 0.102262 0.263780
3 0.617121 0.491470 0.071671 0.240157
14 0.101439 0.940289 0.092648 0.119422
5 0.102751 0.936352 0.124987 0.122047
6 0.487326 0.908136 0.095270 0.183727
6 0.390745 0.902887 0.080411 0.194226
6 0.795424 0.915354 0.113625 0.158793
6 0.674807 0.912730 0.099640 0.174540
6 0.257455 0.923228 0.107506 0.153543
6 0.150823 0.921260 0.079537 0.157480