10 0.624574 0.246063 0.162829 0.056430
10 0.797212 0.213911 0.198142 0.076115
12 0.786423 0.268373 0.153020 0.027559
12 0.628498 0.295932 0.139288 0.035433
1 0.609861 0.292651 0.168715 0.173228
1 0.789365 0.272310 0.205989 0.198163
14 0.424471 0.388451 0.123593 0.047244
5 0.425452 0.387795 0.172638 0.061680
14 0.924729 0.796588 0.139288 0.086614
14 0.418585 0.810367 0.080434 0.090551
5 0.420547 0.814961 0.115746 0.110236
5 0.912829 0.801837 0.174341 0.118110
3 0.892360 0.436352 0.196180 0.169291
3 0.401910 0.513123 0.109861 0.178478
4 0.390139 0.691601 0.078472 0.162730
4 0.917863 0.633858 0.129479 0.217848
18 0.583376 0.511811 0.213836 0.236220
2 0.584357 0.547900 0.266805 0.337270
18 0.773671 0.518373 0.139288 0.314961
2 0.776614 0.532152 0.160867 0.353018
6 0.625555 0.849081 0.149097 0.257218
6 0.488229 0.837270 0.113784 0.236220
6 0.881441 0.849738 0.237118 0.282152
0 0.505885 0.573491 0.470832 0.853018
0 0.845277 0.574803 0.290346 0.850394