0 0.623172 0.461894 0.658199 0.909931
1 0.805620 0.161663 0.247113 0.207852
2 0.683218 0.407621 0.265589 0.362587
3 0.617398 0.263279 0.087760 0.129330
3 0.871440 0.398383 0.143187 0.187067
4 0.797537 0.551963 0.129330 0.092379
4 0.542340 0.387991 0.150115 0.083141
5 0.712086 0.643187 0.092379 0.122402
5 0.478830 0.490762 0.143187 0.113164
13 0.470747 0.478060 0.076212 0.064665
13 0.705158 0.645497 0.069284 0.085450
6 0.506543 0.583141 0.069284 0.053118
6 0.627791 0.633949 0.071594 0.066975
7 0.654349 0.721709 0.106236 0.080831
7 0.529638 0.639723 0.064665 0.046189
8 0.521555 0.792148 0.224018 0.157044
8 0.507698 0.790993 0.177829 0.103926
15 0.452271 0.720554 0.210162 0.106236
15 0.463818 0.728637 0.182448 0.071594
9 0.805620 0.122402 0.200924 0.120092
11 0.785989 0.170901 0.133949 0.078522
17 0.722479 0.389145 0.339492 0.344111