0 0.116076 0.519685 0.232152 0.960630
0 0.327562 0.529528 0.211827 0.940944
0 0.460611 0.520997 0.140051 0.958005
0 0.586656 0.540682 0.194321 0.918635
12 0.137163 0.164452 0.068384 0.028707
12 0.360369 0.189058 0.065102 0.033629
12 0.454192 0.173885 0.072214 0.018045
12 0.512182 0.189469 0.047048 0.018045
10 0.130616 0.125984 0.077028 0.049869
10 0.353384 0.146982 0.079654 0.055118
10 0.441791 0.133202 0.097160 0.056430
10 0.510504 0.152887 0.047267 0.056430
1 0.123613 0.178478 0.108539 0.194226
1 0.342005 0.196850 0.112916 0.209974
1 0.451420 0.171916 0.097160 0.181102
1 0.512254 0.179790 0.089282 0.157480
14 0.201517 0.277559 0.036763 0.077428
14 0.396275 0.270341 0.039389 0.068241
14 0.427786 0.496719 0.056896 0.090551
14 0.527573 0.267060 0.044641 0.077428
14 0.572651 0.234252 0.035013 0.077428
14 0.642677 0.204068 0.052519 0.077428
5 0.644865 0.206693 0.069150 0.095801
5 0.575277 0.246719 0.045517 0.099738
5 0.528010 0.275591 0.057771 0.099738
5 0.432601 0.496063 0.071776 0.104987
5 0.392336 0.275591 0.049018 0.083990
5 0.204143 0.280840 0.056020 0.104987
18 0.111797 0.396982 0.137425 0.287402
18 0.331064 0.414042 0.106789 0.258530
18 0.448794 0.408136 0.109415 0.244094
18 0.510504 0.410105 0.033262 0.242782
2 0.107420 0.395013 0.147929 0.307087
2 0.333690 0.418635 0.134799 0.283465
2 0.464987 0.403543 0.150555 0.287402
2 0.512254 0.414698 0.045517 0.312336
3 0.113110 0.379265 0.089282 0.188976
3 0.322310 0.372047 0.070025 0.171916
6 0.098667 0.662730 0.132173 0.225722
6 0.301741 0.674541 0.074402 0.254593
6 0.361700 0.677165 0.056020 0.267717
6 0.436977 0.665354 0.087532 0.228346
6 0.484244 0.661417 0.035013 0.183727
6 0.515318 0.668635 0.069150 0.227034
7 0.518382 0.882546 0.052519 0.185039
7 0.444855 0.898294 0.071776 0.187664
7 0.355573 0.899606 0.061272 0.185039
7 0.277669 0.883202 0.099786 0.183727
7 0.115735 0.877297 0.078779 0.203412
7 0.075033 0.900262 0.034137 0.181102