0 0.616243 0.563510 0.630485 0.863741
1 0.538876 0.230947 0.235566 0.189376
2 0.576982 0.472286 0.445727 0.279446
3 0.725943 0.367206 0.110855 0.110855
4 0.791763 0.469977 0.145497 0.066975
3 0.385296 0.443418 0.136259 0.175520
4 0.400308 0.587760 0.069284 0.090069
5 0.424557 0.678984 0.113164 0.083141
5 0.863356 0.560046 0.122402 0.108545
14 0.430331 0.676674 0.092379 0.069284
14 0.856428 0.557737 0.099307 0.085450
9 0.537721 0.198614 0.200924 0.115473
11 0.566590 0.251732 0.138568 0.064665
6 0.559661 0.681293 0.147806 0.124711
6 0.665897 0.662818 0.055427 0.106236
7 0.589684 0.786374 0.124711 0.080831
8 0.684373 0.909931 0.230947 0.161663
15 0.682063 0.906467 0.207852 0.136259
17 0.556197 0.465358 0.371824 0.288684