10 0.559260 0.242126 0.088890 0.066929
12 0.553160 0.311024 0.080176 0.062992
1 0.559696 0.303150 0.108934 0.233596
14 0.855125 0.674541 0.075818 0.112861
14 0.138339 0.343832 0.078433 0.112861
5 0.137031 0.342520 0.091505 0.136483
5 0.859483 0.672572 0.084533 0.135171
4 0.756649 0.658793 0.122878 0.139108
4 0.232458 0.405512 0.113292 0.125984
3 0.351850 0.438976 0.123749 0.166667
3 0.645100 0.576772 0.091505 0.234908
18 0.489978 0.608924 0.236169 0.443570
2 0.492592 0.611549 0.248370 0.477690
6 0.485185 0.927822 0.118520 0.144356
6 0.365793 0.895669 0.111549 0.208661
0 0.506100 0.549869 0.852301 0.900262