10 0.569991 0.248688 0.185477 0.059055
12 0.567367 0.301837 0.145232 0.036745
1 0.569991 0.282808 0.192476 0.174541
14 0.561242 0.417323 0.080490 0.049869
14 0.418635 0.406168 0.061242 0.045932
5 0.564742 0.417323 0.108486 0.057743
5 0.416885 0.404856 0.089239 0.056430
7 0.604987 0.675853 0.118985 0.136483
15 0.583115 0.779528 0.099738 0.094488
8 0.589239 0.785433 0.115486 0.116798
15 0.308399 0.765748 0.131234 0.045932
8 0.313648 0.763780 0.173228 0.073491
6 0.604987 0.559711 0.146982 0.093176
3 0.653106 0.407480 0.089239 0.072178
0 0.476378 0.511155 0.579178 0.723097