0 0.564280 0.518476 0.226328 0.926097
1 0.551578 0.159353 0.113164 0.184758
2 0.544650 0.421478 0.140878 0.321016
3 0.542340 0.340647 0.066975 0.154734
4 0.549269 0.474596 0.043880 0.080831
5 0.594303 0.591224 0.096998 0.120092
13 0.578137 0.573903 0.046189 0.085450
6 0.529638 0.646651 0.055427 0.115473
7 0.545804 0.779446 0.036952 0.127021
8 0.557352 0.907621 0.096998 0.124711
15 0.563125 0.905312 0.090069 0.087760
9 0.550423 0.124711 0.092379 0.106236
11 0.573518 0.192841 0.036952 0.043880
17 0.543495 0.411085 0.106236 0.295612