9 0.609252 0.100394 0.189633 0.077428
11 0.593832 0.156168 0.146982 0.031496
1 0.606955 0.133530 0.190289 0.176509
17 0.605971 0.364829 0.255249 0.266404
2 0.604987 0.365814 0.266404 0.284121
3 0.779528 0.318241 0.091864 0.154856
3 0.451444 0.313976 0.065617 0.131890
4 0.455709 0.434711 0.059711 0.108268
4 0.767060 0.450787 0.068241 0.133858
13 0.727034 0.543963 0.093176 0.073491
13 0.459974 0.523622 0.061680 0.062992
5 0.457677 0.524934 0.080709 0.069554
5 0.729331 0.545604 0.105643 0.079396
6 0.549541 0.567585 0.129265 0.110236
6 0.675853 0.575459 0.127297 0.120735
7 0.695538 0.702100 0.098425 0.129921
7 0.554134 0.677165 0.109580 0.102362
15 0.526903 0.736549 0.160105 0.139764
15 0.684383 0.760499 0.108924 0.167979
8 0.523294 0.766404 0.162073 0.076115
8 0.676181 0.791010 0.096457 0.085958
0 0.603018 0.452100 0.468504 0.841207