9 0.509394 0.129161 0.181655 0.071833
11 0.521136 0.182691 0.141594 0.029700
1 0.510775 0.163006 0.176129 0.168532
9 0.527352 0.387139 0.275591 0.263158
2 0.530805 0.382995 0.297693 0.267302
3 0.694157 0.330501 0.075977 0.130543
3 0.349496 0.350186 0.095317 0.168532
4 0.705899 0.456555 0.078740 0.111894
4 0.375397 0.488672 0.078049 0.102915
13 0.409932 0.576046 0.087719 0.063545
13 0.708661 0.548418 0.071833 0.073215
5 0.706935 0.546692 0.087719 0.084956
5 0.410623 0.574320 0.102915 0.072524
6 0.481765 0.592969 0.136069 0.151264
6 0.610582 0.592623 0.122945 0.146429
7 0.616798 0.720403 0.092554 0.113275
7 0.464498 0.724202 0.089101 0.113966
15 0.470023 0.782912 0.108440 0.158171
15 0.647189 0.769443 0.153336 0.147810
8 0.645117 0.794654 0.142285 0.091864
8 0.476240 0.815375 0.111203 0.093245
0 0.520997 0.469160 0.517060 0.864829