0 0.745958 0.533665 0.378753 0.593119
1 0.817552 0.306390 0.152425 0.124711
2 0.818707 0.477290 0.168591 0.198614
3 0.891455 0.424172 0.078522 0.073903
4 0.845266 0.498075 0.096998 0.064665
5 0.741339 0.474981 0.073903 0.064665
3 0.744804 0.377983 0.053118 0.073903
4 0.689376 0.351424 0.034642 0.053118
5 0.631640 0.327175 0.076212 0.046189
6 0.853349 0.644727 0.085450 0.127021
6 0.781755 0.649346 0.039261 0.131640
7 0.893764 0.781045 0.087760 0.094807
7 0.804850 0.778735 0.062356 0.099426
9 0.817552 0.281948 0.096998 0.071209
12 0.797042 0.321676 0.029693 0.016496
14 0.740130 0.480864 0.064335 0.059386
14 0.625481 0.321264 0.056087 0.037116
17 0.818899 0.470967 0.141043 0.194655
0 0.658791 0.591283 0.193640 0.477882
1 0.654349 0.402084 0.110144 0.092379
2 0.651685 0.543317 0.136792 0.190087
3 0.712086 0.483804 0.037307 0.074614
5 0.725410 0.546870 0.071061 0.040860
4 0.607272 0.498904 0.044413 0.040860
5 0.653461 0.482916 0.055072 0.055072
6 0.605495 0.705868 0.062178 0.120803
6 0.680109 0.704980 0.062178 0.129686
7 0.689880 0.805353 0.053295 0.039083
7 0.601054 0.803577 0.049742 0.039083
9 0.656126 0.379878 0.085273 0.037307
12 0.632143 0.409191 0.033754 0.021318
14 0.648157 0.474111 0.043177 0.037152
14 0.718446 0.544901 0.051210 0.034140
17 0.657194 0.536198 0.131539 0.168692