9 0.610236 0.078740 0.199767 0.083115
11 0.577063 0.135973 0.148002 0.025518
1 0.593103 0.114465 0.190289 0.179353
17 0.585083 0.344124 0.255906 0.279965
2 0.592738 0.340478 0.258093 0.304754
3 0.767352 0.304389 0.098425 0.166958
3 0.456037 0.284339 0.067804 0.144357
4 0.758603 0.441455 0.079469 0.104258
4 0.431248 0.402085 0.079469 0.096967
13 0.405731 0.490668 0.048848 0.069991
13 0.742928 0.535506 0.104987 0.070720
5 0.744022 0.537329 0.118839 0.072908
5 0.409376 0.491032 0.066346 0.078011
6 0.489574 0.550452 0.158209 0.119568
6 0.639764 0.556649 0.133421 0.113007
7 0.644138 0.674395 0.110090 0.112278
7 0.450933 0.665646 0.120297 0.106445
15 0.396982 0.713400 0.188831 0.136337
15 0.596019 0.723972 0.182998 0.121027
8 0.580709 0.753864 0.152377 0.069991
8 0.397346 0.747667 0.174978 0.072178
0 0.551837 0.422572 0.515748 0.824147