9 0.555325 0.169568 0.198923 0.071142
11 0.521481 0.220334 0.111894 0.026247
5 0.550490 0.198923 0.198923 0.158862
17 0.567413 0.416149 0.234148 0.245200
2 0.565341 0.418221 0.263158 0.261776
3 0.660658 0.372634 0.123636 0.144357
4 0.624741 0.501450 0.104296 0.111894
13 0.579845 0.584335 0.091864 0.062163
13 0.436870 0.543583 0.033844 0.060782
5 0.581227 0.585716 0.102915 0.070452
5 0.439633 0.544965 0.049040 0.066308
6 0.595386 0.609200 0.132615 0.125708
6 0.496270 0.604020 0.084956 0.112585
7 0.613344 0.738707 0.096698 0.119492
7 0.519409 0.719367 0.084266 0.108440
15 0.576392 0.798453 0.158171 0.140903
15 0.483492 0.741815 0.160243 0.127089
8 0.571557 0.832643 0.160934 0.064235
8 0.482456 0.778422 0.159552 0.046968
0 0.541339 0.488845 0.408136 0.835958