9 0.500000 0.125328 0.160105 0.077428
11 0.500000 0.177822 0.144357 0.024934
1 0.497375 0.157480 0.178478 0.165354
17 0.501969 0.366798 0.269029 0.255906
2 0.502625 0.362205 0.280840 0.272966
3 0.660105 0.318241 0.073491 0.135171
3 0.337270 0.327428 0.076115 0.116798
4 0.335958 0.446194 0.062992 0.097113
4 0.666667 0.442257 0.070866 0.102362
13 0.645669 0.530840 0.076115 0.064304
13 0.364173 0.532152 0.090551 0.061680
5 0.370079 0.531496 0.112861 0.062992
5 0.648950 0.532808 0.098425 0.076115
6 0.572835 0.560367 0.119423 0.128609
6 0.440289 0.568241 0.129921 0.120735
7 0.430446 0.683727 0.112861 0.102362
7 0.566273 0.679790 0.093176 0.091864
15 0.588583 0.728346 0.103675 0.139108
15 0.425197 0.723753 0.107612 0.143045
8 0.588583 0.763123 0.137795 0.074803
8 0.416667 0.763123 0.140420 0.069554
0 0.503937 0.444882 0.488189 0.816273