0 0.445727 0.551193 0.249423 0.886836
1 0.435335 0.210547 0.108545 0.196305
2 0.426097 0.483064 0.113164 0.330254
3 0.422633 0.418399 0.046189 0.163972
4 0.424942 0.565050 0.041570 0.106236
5 0.431871 0.708622 0.050808 0.114704
6 0.450346 0.816782 0.055427 0.092379
7 0.415704 0.931871 0.060046 0.103926
9 0.443418 0.163972 0.087760 0.101617
11 0.454965 0.239030 0.055427 0.030023
14 0.434271 0.700539 0.035321 0.086945
8 0.459403 0.932391 0.058416 0.078794
16 0.459403 0.931033 0.044831 0.062492
17 0.428157 0.477290 0.088303 0.307024