12 0.560039 0.223097 0.147638 0.068241
12 0.350886 0.254593 0.128937 0.049869
10 0.555610 0.135171 0.168307 0.102362
10 0.851870 0.407480 0.156496 0.103675
10 0.343012 0.179790 0.148622 0.089239
1 0.349902 0.261155 0.189961 0.312336
1 0.567913 0.225722 0.214567 0.320210
1 0.853346 0.447507 0.169291 0.238845
18 0.594488 0.720472 0.312992 0.559055
18 0.273622 0.704068 0.238189 0.591864
18 0.891732 0.787402 0.137795 0.425196
2 0.581693 0.708005 0.344488 0.583990
2 0.279035 0.690945 0.272638 0.618110
2 0.889272 0.780840 0.176181 0.438320
3 0.773622 0.612205 0.084646 0.308399
3 0.437992 0.614173 0.090551 0.328084
3 0.140748 0.534777 0.135827 0.316273
4 0.119094 0.845801 0.127953 0.308398
4 0.429134 0.895013 0.122047 0.209974
0 0.267717 0.531496 0.482283 0.937008
0 0.609252 0.513123 0.409449 0.973753
0 0.856299 0.637139 0.287402 0.725722