0 0.625862 0.425862 0.331034 0.151724
15 0.766149 0.451149 0.028161 0.074713
15 0.755517 0.387356 0.033333 0.062069
1 0.492299 0.420977 0.052874 0.077586
9 0.481092 0.414080 0.024713 0.059195
2 0.583966 0.428448 0.117816 0.076437
17 0.583391 0.427299 0.108621 0.075287
3 0.556667 0.426149 0.039080 0.031609
4 0.602356 0.434195 0.047701 0.031609
5 0.644310 0.440517 0.033908 0.027011
13 0.644023 0.441092 0.039080 0.028161
6 0.666724 0.422701 0.056897 0.055747
7 0.726494 0.435920 0.050000 0.038506
7 0.721322 0.392529 0.048851 0.040230
8 0.756954 0.379598 0.015517 0.037356
8 0.766437 0.451724 0.012644 0.059770