0 0.463793 0.493966 0.310345 0.529310
1 0.400000 0.288793 0.127586 0.122414
9 0.396552 0.274138 0.103448 0.072414
11 0.398276 0.307759 0.089655 0.032759
2 0.448276 0.406034 0.175862 0.222414
17 0.453448 0.405172 0.158621 0.175862
3 0.539655 0.345690 0.075862 0.067241
3 0.350000 0.386207 0.037931 0.068966
4 0.568103 0.423276 0.056897 0.087931
4 0.356897 0.461207 0.031034 0.084483
5 0.568966 0.488793 0.065517 0.050000
5 0.367241 0.521552 0.034483 0.032759
13 0.572414 0.485345 0.055172 0.050000
13 0.365517 0.516379 0.031034 0.039655
6 0.425000 0.539655 0.115517 0.100000
6 0.517241 0.512931 0.103448 0.063793
7 0.534483 0.583621 0.082759 0.081034
7 0.434483 0.634483 0.086207 0.082759
8 0.443966 0.707759 0.101724 0.060345
8 0.556034 0.653448 0.077586 0.055172
15 0.551724 0.627586 0.086207 0.096552
15 0.437931 0.683621 0.079310 0.112069