0 0.510690 0.590517 0.524138 0.653448
8 0.423621 0.881034 0.053448 0.037931
8 0.560690 0.873276 0.065517 0.032759
1 0.479655 0.330172 0.117241 0.122414
9 0.475345 0.310345 0.098276 0.062069
11 0.496897 0.335345 0.041379 0.018966
2 0.477931 0.500862 0.168966 0.246552
17 0.475345 0.497414 0.143103 0.225862
3 0.586552 0.429310 0.065517 0.065517
3 0.376207 0.450862 0.048276 0.084483
4 0.346034 0.508621 0.070690 0.037931
4 0.655517 0.454310 0.072414 0.043103
5 0.727069 0.458621 0.060345 0.024138
5 0.281379 0.529310 0.044828 0.020690
13 0.285690 0.525000 0.050000 0.032759
13 0.724483 0.453448 0.068966 0.034483
6 0.438276 0.677586 0.062069 0.120690
6 0.514138 0.676724 0.051724 0.108621
7 0.522759 0.793966 0.058621 0.122414
7 0.436552 0.800000 0.051724 0.127586
15 0.549483 0.868103 0.074138 0.056897
15 0.423621 0.870690 0.074138 0.062069