0 0.479985 0.633769 0.210162 0.370827
1 0.508853 0.493072 0.096998 0.080831
2 0.503079 0.598152 0.108545 0.124711
3 0.528483 0.563510 0.043880 0.069284
4 0.537721 0.620092 0.034642 0.039261
5 0.546959 0.668591 0.057737 0.053118
5 0.426867 0.621247 0.062356 0.046189
6 0.507698 0.697460 0.048499 0.069284
6 0.452271 0.693995 0.043880 0.053118
7 0.522657 0.756948 0.050914 0.035837
7 0.455735 0.745958 0.050808 0.046189
8 0.505389 0.794457 0.057737 0.032333
8 0.431486 0.788684 0.080831 0.039261
9 0.510738 0.475034 0.068488 0.045393
12 0.487643 0.483396 0.025484 0.015927
13 0.423934 0.621964 0.047782 0.035040
13 0.541796 0.663375 0.038226 0.041411
15 0.432694 0.789201 0.071673 0.023891
15 0.507552 0.794776 0.046189 0.017520
17 0.489236 0.582544 0.068488 0.117066