0 0.413276 0.539655 0.218966 0.837931
1 0.393448 0.222414 0.120690 0.182759
9 0.387414 0.187069 0.087931 0.084483
12 0.413276 0.215517 0.039655 0.034483
2 0.398621 0.416379 0.124138 0.246552
17 0.395172 0.407759 0.100000 0.215517
3 0.373621 0.380172 0.053448 0.129310
4 0.394310 0.487931 0.067241 0.089655
5 0.445172 0.572414 0.058621 0.086207
13 0.436552 0.562931 0.051724 0.105172
6 0.391724 0.629310 0.086207 0.179310
7 0.378793 0.796552 0.067241 0.158621
7 0.415000 0.768103 0.025862 0.112069
8 0.384828 0.911207 0.062069 0.043103
8 0.440862 0.858621 0.067241 0.034483
15 0.434828 0.849138 0.062069 0.074138
15 0.384828 0.905172 0.072414 0.062069