0 0.669746 0.496921 0.545035 0.972286
1 0.646651 0.140108 0.226328 0.263279
2 0.669746 0.592764 0.503464 0.665127
3 0.457275 0.424172 0.124711 0.254042
3 0.857968 0.433410 0.136259 0.281755
4 0.468822 0.617013 0.120092 0.127021
4 0.864896 0.645881 0.117783 0.138568
5 0.721709 0.744034 0.182448 0.136259
5 0.551963 0.789069 0.193995 0.203233
17 0.660508 0.590454 0.448037 0.618938
13 0.541570 0.777521 0.163972 0.170901
13 0.706697 0.747498 0.152425 0.129330
9 0.646651 0.074288 0.198614 0.136259
12 0.653580 0.156274 0.138568 0.046189
0 0.172055 0.391455 0.233256 0.279446
1 0.150115 0.300231 0.083141 0.096998
17 0.175520 0.422633 0.161663 0.203233
3 0.237875 0.379908 0.073903 0.103926
4 0.225173 0.459584 0.066975 0.032333
3 0.120092 0.394919 0.060046 0.073903
4 0.132794 0.460739 0.057737 0.034642
5 0.190531 0.486143 0.048499 0.039261
9 0.151690 0.274687 0.070334 0.041990
12 0.169011 0.297782 0.025194 0.016796
0 0.164812 0.787144 0.260340 0.408356
1 0.190531 0.643852 0.122822 0.121772
2 0.159563 0.840682 0.220449 0.280286
3 0.086605 0.766149 0.064035 0.118623
3 0.266639 0.800266 0.050388 0.121772
4 0.083456 0.856428 0.072433 0.055637
4 0.265064 0.884772 0.043040 0.036742
5 0.157464 0.915215 0.115473 0.066135
13 0.157464 0.913640 0.111274 0.054587
9 0.190531 0.619707 0.101827 0.069284
12 0.184233 0.657499 0.047239 0.025194
17 0.177409 0.833858 0.184758 0.256141