0 0.496201 0.662048 0.161663 0.381564
1 0.483650 0.507916 0.072296 0.063259
2 0.485658 0.604311 0.096395 0.119490
3 0.448506 0.588915 0.042173 0.059243
4 0.449510 0.646651 0.044181 0.044181
5 0.470094 0.692339 0.041169 0.039161
4 0.536868 0.617030 0.022091 0.041169
5 0.551930 0.661713 0.030124 0.040165
6 0.539378 0.694347 0.059243 0.041169
6 0.485658 0.701376 0.032132 0.061251
7 0.478127 0.765639 0.025103 0.057235
7 0.545905 0.742042 0.024099 0.040165
8 0.491181 0.822874 0.049202 0.045185
8 0.545905 0.786224 0.056231 0.044181
9 0.480637 0.494026 0.054222 0.030124
11 0.492687 0.516116 0.034140 0.016066
14 0.474111 0.693845 0.031128 0.024099
14 0.551428 0.660207 0.021086 0.021086
15 0.491181 0.823878 0.039161 0.039161
15 0.544901 0.781705 0.050206 0.027111
17 0.485658 0.600462 0.086354 0.114469