0 0.445727 0.518091 0.886836 0.963818
1 0.681293 0.216320 0.323326 0.295612
2 0.561201 0.632025 0.591224 0.558891
3 0.368360 0.391840 0.247113 0.221709
4 0.196305 0.554657 0.230947 0.108545
5 0.088915 0.678214 0.136259 0.120092
3 0.812933 0.536182 0.120092 0.214781
4 0.775982 0.742879 0.161663 0.175520
5 0.673210 0.905697 0.173210 0.127021
9 0.714781 0.153965 0.274827 0.143187
12 0.662818 0.187452 0.221709 0.066975
13 0.077367 0.678214 0.085450 0.083141
13 0.659353 0.890685 0.117783 0.096998
17 0.606236 0.612394 0.468822 0.588915