9 0.509843 0.093832 0.263780 0.103675
11 0.547900 0.154199 0.169291 0.040682
1 0.507218 0.143701 0.258530 0.237533
17 0.504593 0.406168 0.360892 0.313648
2 0.497375 0.408136 0.388451 0.346457
3 0.421260 0.377953 0.170604 0.204724
4 0.489501 0.548556 0.146982 0.128609
13 0.538714 0.645013 0.093176 0.066929
5 0.537402 0.646982 0.114173 0.081365
6 0.472441 0.656168 0.141732 0.175853
6 0.603018 0.643701 0.119423 0.148294
7 0.559711 0.776247 0.095801 0.095801
7 0.467192 0.814304 0.131234 0.137795
15 0.524278 0.888451 0.242782 0.162730
15 0.628609 0.811024 0.196850 0.136483
8 0.637139 0.845801 0.203412 0.093176
8 0.532808 0.925853 0.257218 0.111549
0 0.502625 0.498688 0.475066 0.981627