0 0.914828 0.600862 0.170344 0.798276
17 0.946724 0.495690 0.106552 0.305172
2 0.938966 0.497414 0.122068 0.318966
1 0.948448 0.260345 0.103103 0.113793
10 0.943448 0.250862 0.072414 0.081034
11 0.979655 0.263793 0.031034 0.027586
3 0.971034 0.437069 0.048276 0.170690
4 0.980345 0.555172 0.039310 0.062069
6 0.945172 0.725000 0.096552 0.139655
7 0.898621 0.856897 0.106897 0.113793
7 0.974483 0.853448 0.044828 0.110345
8 0.890000 0.967241 0.093103 0.048276
8 0.982931 0.931897 0.034138 0.029310
15 0.985517 0.918103 0.028966 0.056897
15 0.887414 0.956034 0.105172 0.070690