0 0.090000 0.418966 0.151724 0.748276
0 0.235690 0.404310 0.139655 0.560345
0 0.355517 0.424138 0.117241 0.510345
0 0.465000 0.462069 0.125862 0.496552
0 0.599483 0.445690 0.146552 0.660345
0 0.744310 0.564655 0.187931 0.632759
1 0.079655 0.117241 0.086207 0.124138
1 0.240862 0.188793 0.056897 0.115517
1 0.357241 0.225000 0.055172 0.105172
1 0.475345 0.266379 0.050000 0.098276
1 0.608103 0.182759 0.074138 0.117241
1 0.756379 0.321552 0.060345 0.136207
9 0.081379 0.091379 0.058621 0.058621
9 0.244310 0.178448 0.036207 0.077586
9 0.354655 0.219828 0.046552 0.074138
9 0.473621 0.248276 0.043103 0.058621
9 0.608965 0.161207 0.044828 0.074138
9 0.762414 0.299138 0.041379 0.074138
11 0.083103 0.135345 0.037931 0.032759
12 0.606379 0.204310 0.029310 0.022414
12 0.757241 0.338793 0.020690 0.015517
12 0.469310 0.275862 0.027586 0.013793
2 0.079655 0.327586 0.117241 0.265517
2 0.238276 0.342241 0.075862 0.232759
2 0.354655 0.363793 0.070690 0.189655
2 0.466724 0.420690 0.077586 0.217241
2 0.605517 0.351724 0.106897 0.220690
2 0.749483 0.505172 0.115517 0.265517
17 0.740000 0.506034 0.082759 0.239655
17 0.600345 0.359483 0.065517 0.201724
17 0.468448 0.425000 0.056897 0.191379
17 0.354655 0.363793 0.063793 0.168966
17 0.237414 0.347414 0.067241 0.208621
17 0.075345 0.327586 0.108621 0.251724
6 0.066724 0.534483 0.039655 0.137931
6 0.112414 0.518103 0.044828 0.101724
6 0.208965 0.491379 0.037931 0.086207
6 0.259828 0.495690 0.036207 0.084483
6 0.337414 0.501724 0.036207 0.096552
6 0.369310 0.501724 0.034483 0.106897
6 0.437414 0.555172 0.032759 0.075862
6 0.478793 0.553448 0.036207 0.075862
6 0.563276 0.525862 0.036207 0.100000
6 0.598621 0.527586 0.037931 0.103448
6 0.696897 0.675000 0.037931 0.081034
6 0.764138 0.683621 0.051724 0.084483
3 0.790000 0.460935 0.017241 0.118421
3 0.692377 0.461388 0.025408 0.119328
3 0.040862 0.268103 0.039655 0.118966
3 0.191370 0.293875 0.017949 0.084664
3 0.509218 0.374585 0.020557 0.066411
3 0.430968 0.368236 0.019231 0.064324
3 0.397480 0.345690 0.019894 0.085544
3 0.314257 0.337401 0.009947 0.074271
3 0.276797 0.341833 0.019908 0.068058
3 0.645550 0.338203 0.022874 0.095281
3 0.561706 0.331851 0.014519 0.095281
3 0.129598 0.298276 0.031609 0.097701
4 0.183477 0.376580 0.035920 0.093391
4 0.280332 0.406513 0.022989 0.060026
4 0.313538 0.406194 0.017880 0.059387
4 0.398148 0.419923 0.019796 0.063857
4 0.431034 0.436207 0.028097 0.064496
4 0.502554 0.442593 0.033206 0.069604
4 0.553640 0.416731 0.021711 0.072797
4 0.644317 0.425351 0.035760 0.082375
4 0.681354 0.568710 0.040868 0.100894
4 0.795172 0.570690 0.024138 0.093103
4 0.089332 0.298276 0.046336 0.077586
4 0.107112 0.337608 0.017241 0.048491
5 0.184159 0.445366 0.020474 0.044181
5 0.280065 0.448060 0.016164 0.032328
5 0.550539 0.486315 0.014009 0.054957
5 0.631358 0.503556 0.024784 0.063578
5 0.680388 0.635022 0.025862 0.029095
5 0.789763 0.635560 0.020474 0.040948
13 0.789224 0.633944 0.019397 0.033405
13 0.684159 0.635022 0.026940 0.033405
13 0.630819 0.497091 0.030172 0.072198
13 0.548384 0.484159 0.011853 0.067888
13 0.279526 0.448060 0.008621 0.028017
13 0.179310 0.443211 0.019397 0.039871
7 0.055517 0.652586 0.048276 0.101724
7 0.110690 0.617241 0.041379 0.093103
7 0.207241 0.582759 0.041379 0.100000
7 0.262414 0.589655 0.037931 0.100000
7 0.330517 0.594828 0.032759 0.096552
7 0.368448 0.591379 0.036207 0.079310
7 0.436552 0.627586 0.034483 0.068966
7 0.481379 0.633621 0.037931 0.084483
7 0.559828 0.637931 0.029310 0.120690
7 0.608103 0.651724 0.039655 0.148276
7 0.693448 0.758621 0.055172 0.082759
7 0.762414 0.766379 0.037931 0.087931
8 0.755517 0.839655 0.048276 0.058621
8 0.676207 0.834483 0.027586 0.068966
8 0.613276 0.752586 0.025862 0.039655
8 0.547759 0.721552 0.039655 0.039655
8 0.485690 0.693103 0.032759 0.031034
8 0.436552 0.674138 0.034483 0.027586
8 0.369310 0.651724 0.020690 0.037931
8 0.328793 0.658621 0.029310 0.024138
8 0.259828 0.658621 0.025862 0.034483
8 0.196897 0.655172 0.034483 0.051724
8 0.120172 0.687069 0.063793 0.050000
8 0.056379 0.742241 0.053448 0.070690
15 0.056379 0.737931 0.056897 0.089655
15 0.121897 0.685345 0.063793 0.050000
15 0.196897 0.659483 0.034483 0.053448
15 0.258103 0.654310 0.029310 0.043103
15 0.327834 0.657084 0.027781 0.027211
15 0.370165 0.645727 0.028486 0.055472
15 0.431259 0.672714 0.045727 0.035982
15 0.488981 0.686582 0.027736 0.047226
15 0.549700 0.720090 0.042729 0.044978
15 0.612294 0.746327 0.026987 0.056972
15 0.676912 0.834183 0.031484 0.067466
15 0.754498 0.843178 0.044228 0.064468