0 0.421478 0.450346 0.542725 0.868360
1 0.547344 0.117783 0.203233 0.193995
2 0.423788 0.326790 0.251732 0.321016
3 0.448037 0.258661 0.133949 0.152425
4 0.413395 0.401848 0.060046 0.115473
5 0.414550 0.534642 0.099307 0.117783
13 0.415704 0.533487 0.083141 0.106236
6 0.488453 0.547344 0.030023 0.129330
6 0.316397 0.518476 0.092379 0.099307
7 0.465358 0.639723 0.099307 0.060046
7 0.274827 0.584296 0.092379 0.069284
8 0.489607 0.762125 0.180139 0.161663
15 0.482679 0.755196 0.157044 0.143187
8 0.249423 0.667436 0.161663 0.212471
15 0.243649 0.668591 0.136259 0.196305
17 0.418014 0.302540 0.230947 0.258661
9 0.541570 0.069284 0.191686 0.096998
11 0.577367 0.145497 0.115473 0.055427