0 0.474409 0.502625 0.834646 0.976378
12 0.462598 0.156824 0.200787 0.061680
10 0.458661 0.071522 0.236220 0.082677
1 0.450787 0.155512 0.295276 0.269029
18 0.445866 0.501312 0.403543 0.417323
2 0.446850 0.504593 0.437008 0.444882
14 0.317913 0.459974 0.202756 0.082677
14 0.783465 0.479003 0.145669 0.097113
5 0.784449 0.481627 0.183071 0.115486
5 0.312008 0.459318 0.230315 0.094488
3 0.167323 0.395669 0.153543 0.219160
3 0.640748 0.431102 0.092520 0.206037
4 0.693898 0.572835 0.151575 0.111549
4 0.205709 0.562336 0.183071 0.111549
6 0.332677 0.853675 0.291339 0.271654
6 0.583661 0.862205 0.214567 0.262467