0 0.466128 0.509238 0.676674 0.967667
1 0.492687 0.148961 0.281755 0.247113
2 0.447652 0.549654 0.593533 0.540416
3 0.260585 0.416859 0.154734 0.274827
4 0.219015 0.620092 0.108545 0.108545
3 0.675135 0.436490 0.129330 0.212471
4 0.725943 0.618938 0.110855 0.115473
5 0.231717 0.786374 0.166282 0.196305
5 0.724788 0.789838 0.140878 0.198614
6 0.346035 0.901848 0.214781 0.140878
6 0.578137 0.913395 0.193995 0.159353
13 0.738645 0.808314 0.080831 0.166282
13 0.212086 0.751732 0.113164 0.131640
9 0.500770 0.098152 0.256351 0.117783
12 0.525019 0.174365 0.189376 0.034642
17 0.466128 0.550808 0.478060 0.551963