0 0.438276 0.331034 0.362069 0.582759
1 0.513276 0.112069 0.132759 0.131034
9 0.509828 0.092241 0.112069 0.070690
11 0.510690 0.110345 0.096552 0.048276
2 0.462414 0.262931 0.206897 0.246552
17 0.461552 0.251724 0.201724 0.220690
3 0.579655 0.262931 0.041379 0.091379
3 0.365000 0.170690 0.067241 0.079310
4 0.342586 0.250862 0.081034 0.087931
4 0.555517 0.344828 0.048276 0.075862
5 0.533103 0.413793 0.065517 0.055172
5 0.327931 0.326724 0.068966 0.056897
13 0.529655 0.416379 0.065517 0.050000
13 0.327069 0.326724 0.056897 0.060345
6 0.371034 0.371552 0.120690 0.098276
6 0.458965 0.404310 0.089655 0.118966
7 0.458103 0.511207 0.087931 0.087931
7 0.346034 0.458621 0.098276 0.082759
8 0.431379 0.580172 0.065517 0.067241
8 0.309828 0.530172 0.084483 0.050000
15 0.320172 0.495690 0.108621 0.108621
15 0.442586 0.553448 0.084483 0.120690