0 0.459199 0.465358 0.464203 0.741339
1 0.362202 0.189376 0.187067 0.152425
2 0.426867 0.345266 0.316397 0.242494
3 0.558506 0.256351 0.117783 0.106236
4 0.610470 0.357968 0.073903 0.073903
3 0.299846 0.362587 0.071594 0.115473
4 0.318322 0.466513 0.053118 0.078522
5 0.631255 0.446882 0.087760 0.090069
5 0.346035 0.542725 0.099307 0.083141
13 0.341416 0.540416 0.071594 0.060046
13 0.624326 0.445727 0.064665 0.083141
6 0.560816 0.497691 0.099307 0.048499
7 0.583911 0.548499 0.090069 0.039261
6 0.446497 0.526559 0.087760 0.106236
7 0.459199 0.624711 0.071594 0.066975
8 0.598922 0.645497 0.110855 0.154734
15 0.601232 0.637413 0.092379 0.124711
8 0.478830 0.749423 0.115473 0.168591
15 0.478830 0.737875 0.064665 0.140878
9 0.357583 0.155889 0.145497 0.062356
11 0.349500 0.214781 0.087760 0.064665
17 0.410700 0.349885 0.251732 0.242494