0 0.762459 0.623222 0.154634 0.425746
1 0.750410 0.443485 0.070288 0.068280
2 0.767982 0.554440 0.093383 0.147605
3 0.732838 0.525823 0.035144 0.068280
4 0.725307 0.582555 0.028115 0.043177
5 0.721291 0.623226 0.028115 0.038165
6 0.754426 0.676440 0.042173 0.072296
6 0.794089 0.667905 0.033136 0.065268
7 0.759447 0.742712 0.034140 0.048198
7 0.796097 0.728152 0.025103 0.037152
8 0.753294 0.795930 0.060504 0.038156
8 0.804130 0.787897 0.029119 0.034140
9 0.750410 0.437460 0.054222 0.036148
13 0.717120 0.622175 0.007106 0.024871
15 0.756499 0.799826 0.047966 0.018949
15 0.800024 0.790352 0.014212 0.024871
17 0.767257 0.549782 0.069284 0.132153