0 0.215862 0.534483 0.231034 0.931034
0 0.356379 0.555172 0.150000 0.889655
0 0.755517 0.520690 0.296552 0.958620
0 0.549483 0.551724 0.263793 0.896552
1 0.756379 0.206897 0.156897 0.317241
1 0.608103 0.239655 0.112069 0.272414
1 0.264138 0.215517 0.137931 0.272414
1 0.366724 0.237931 0.108621 0.241379
9 0.740000 0.140517 0.124138 0.174138
9 0.610690 0.196552 0.089655 0.151724
9 0.364138 0.189655 0.089655 0.134483
9 0.260690 0.150000 0.113793 0.134483
11 0.296897 0.237931 0.034483 0.048276
11 0.372759 0.262069 0.041379 0.041379
11 0.613276 0.286207 0.070690 0.041379
11 0.725345 0.225000 0.050000 0.046552
2 0.759828 0.569828 0.250000 0.491379
2 0.560690 0.558621 0.151724 0.475862
2 0.208103 0.623276 0.174138 0.601724
2 0.346034 0.581034 0.112069 0.472414
17 0.209828 0.617241 0.150000 0.565517
17 0.331379 0.583621 0.082759 0.432759
17 0.573621 0.558621 0.136207 0.468966
17 0.766724 0.561207 0.150000 0.477586
3 0.863276 0.485345 0.056897 0.215517
3 0.184828 0.518966 0.065517 0.279310
3 0.484828 0.468103 0.037931 0.122414
4 0.454655 0.606897 0.063793 0.151724
4 0.804655 0.618966 0.132759 0.079310
4 0.205517 0.757759 0.079310 0.218966
5 0.242586 0.933621 0.046552 0.132758
5 0.428793 0.747414 0.043103 0.122414
5 0.614138 0.664655 0.062069 0.077586
5 0.686552 0.586207 0.089655 0.096552
13 0.699483 0.591379 0.098276 0.100000
13 0.618448 0.668966 0.070690 0.082759
13 0.430517 0.746552 0.053448 0.134483
13 0.621897 0.864655 0.056897 0.115517
13 0.238276 0.926724 0.048276 0.143103
5 0.623621 0.863793 0.046552 0.120690
6 0.748621 0.906897 0.089655 0.186206
6 0.680517 0.900862 0.060345 0.198276
6 0.554655 0.900862 0.077586 0.198276
6 0.493448 0.888793 0.062069 0.222414
6 0.369310 0.907759 0.100000 0.184482
6 0.196897 0.956897 0.137931 0.086206