0 0.499615 0.190531 0.951501 0.381062
1 0.889915 0.284065 0.189376 0.226328
17 0.389915 0.176674 0.736721 0.344111
4 0.394534 0.093533 0.177829 0.187066
3 0.672825 0.135104 0.309469 0.168591
9 0.958045 0.330254 0.034642 0.166282
11 0.865666 0.341801 0.034642 0.096998
0 0.489992 0.387991 0.979984 0.383372
1 0.801001 0.442263 0.274827 0.251732
9 0.866821 0.461894 0.143187 0.180139
11 0.757121 0.427252 0.048499 0.147806
17 0.445343 0.366051 0.473441 0.311778
3 0.559661 0.487298 0.207852 0.073903
4 0.372594 0.465358 0.138568 0.076212
5 0.219015 0.449192 0.163972 0.131640
13 0.220169 0.443418 0.106236 0.087760
0 0.434950 0.721709 0.849885 0.441109
1 0.705158 0.803695 0.300231 0.244804
9 0.780216 0.814088 0.127021 0.210162
11 0.684373 0.775982 0.036952 0.143187
17 0.302155 0.726328 0.519630 0.353349
3 0.401463 0.787529 0.274827 0.184758
4 0.134719 0.681293 0.203233 0.143187
0 0.453426 0.561201 0.822171 0.406467
1 0.709777 0.665127 0.272517 0.180139
9 0.781370 0.692841 0.092379 0.133949
11 0.699384 0.684758 0.034642 0.113164
17 0.341416 0.608545 0.450346 0.200924
7 0.083526 0.431871 0.167052 0.083141