0 0.515012 0.490762 0.665127 0.976905
1 0.614319 0.121247 0.304850 0.205543
2 0.535797 0.423788 0.383372 0.381062
3 0.720554 0.369515 0.161663 0.193995
4 0.623557 0.528868 0.124711 0.133949
5 0.332564 0.497691 0.087760 0.136259
5 0.554273 0.645497 0.138568 0.127021
6 0.401848 0.584296 0.133949 0.115473
7 0.538106 0.757506 0.120092 0.087760
7 0.399538 0.676674 0.110855 0.064665
8 0.329099 0.781755 0.251732 0.163972
8 0.458430 0.879908 0.270208 0.147806
15 0.342956 0.789838 0.233256 0.106236
15 0.451501 0.876443 0.228637 0.127021
13 0.543880 0.636259 0.071594 0.085450
13 0.325635 0.505774 0.036952 0.101617
9 0.618938 0.078522 0.235566 0.106236
11 0.526559 0.122402 0.096998 0.064665
17 0.526559 0.399538 0.351039 0.351039