0 0.583621 0.463793 0.391379 0.541379
9 0.675862 0.231034 0.127586 0.072414
1 0.669828 0.252586 0.139655 0.118966
11 0.679310 0.261207 0.079310 0.036207
2 0.622414 0.384483 0.210345 0.231034
17 0.623276 0.388793 0.167241 0.208621
3 0.733621 0.381897 0.043103 0.087931
3 0.503448 0.318103 0.075862 0.070690
4 0.485345 0.393103 0.067241 0.075862
4 0.730172 0.466379 0.046552 0.074138
5 0.727586 0.531034 0.055172 0.055172
5 0.469828 0.464655 0.056897 0.063793
13 0.730172 0.529310 0.060345 0.062069
13 0.470690 0.469828 0.055172 0.067241
6 0.628448 0.535345 0.112069 0.115517
6 0.522414 0.493966 0.117241 0.077586
7 0.505172 0.568103 0.117241 0.060345
7 0.581897 0.625862 0.098276 0.058621
8 0.567241 0.692241 0.093103 0.067241
8 0.457759 0.630172 0.067241 0.060345
15 0.468103 0.614655 0.087931 0.091379
15 0.568966 0.667241 0.093103 0.117241