0 0.431486 0.508083 0.551963 0.900693
1 0.394534 0.187067 0.214781 0.221709
2 0.417629 0.418014 0.371824 0.290993
3 0.279061 0.409931 0.136259 0.177829
3 0.575828 0.339492 0.092379 0.129330
4 0.294072 0.549654 0.096998 0.078522
4 0.594303 0.466513 0.087760 0.087760
5 0.349500 0.637413 0.096998 0.078522
5 0.597767 0.565820 0.090069 0.101617
6 0.512317 0.621247 0.085450 0.092379
6 0.432640 0.647806 0.060046 0.122402
7 0.528483 0.705543 0.090069 0.043880
7 0.389915 0.743649 0.108545 0.060046
8 0.430331 0.869515 0.193995 0.154734
8 0.567744 0.815242 0.196305 0.147806
15 0.566590 0.809469 0.180139 0.117783
15 0.430331 0.866051 0.143187 0.138568
13 0.352996 0.638793 0.081794 0.068322
13 0.596934 0.563735 0.057737 0.087567
9 0.401591 0.147549 0.186682 0.090454
11 0.421799 0.210098 0.148191 0.038491
17 0.415063 0.433346 0.321401 0.296382