0 0.599483 0.500000 0.715517 0.820690
1 0.549483 0.186207 0.132759 0.175862
9 0.542586 0.143103 0.087931 0.093103
11 0.552069 0.187069 0.062069 0.029310
2 0.614138 0.367241 0.213793 0.262069
17 0.620172 0.362931 0.167241 0.239655
3 0.696897 0.250862 0.100000 0.053448
3 0.486552 0.319828 0.072414 0.087931
4 0.777931 0.202586 0.100000 0.112069
4 0.389138 0.332759 0.132759 0.058621
5 0.852931 0.125000 0.074138 0.077586
5 0.289138 0.302586 0.081034 0.067241
13 0.302069 0.304310 0.113793 0.067241
13 0.843448 0.133621 0.072414 0.091379
6 0.746034 0.560345 0.108621 0.155172
6 0.670172 0.558621 0.115517 0.158621
7 0.738276 0.728448 0.162069 0.184483
7 0.816724 0.704310 0.105172 0.177586
8 0.797759 0.865517 0.087931 0.089655
8 0.869310 0.839655 0.110345 0.079310
15 0.868448 0.834483 0.094828 0.068966
15 0.794310 0.870690 0.053448 0.055172