0 0.516936 0.538106 0.496536 0.923788
1 0.449961 0.188222 0.140878 0.191686
2 0.473056 0.440889 0.177829 0.336743
3 0.399153 0.327945 0.127021 0.078522
3 0.545804 0.284065 0.055427 0.101617
4 0.355273 0.260970 0.053118 0.046189
4 0.554822 0.205653 0.038491 0.039591
5 0.514132 0.140218 0.097877 0.078082
5 0.387661 0.191356 0.073683 0.090179
6 0.500935 0.710437 0.089080 0.191356
6 0.577917 0.708787 0.056087 0.192456
7 0.602112 0.853404 0.053888 0.085780
7 0.533927 0.862752 0.049489 0.102276
8 0.638403 0.938084 0.086880 0.079182
8 0.546574 0.951281 0.057187 0.065985
15 0.547124 0.950731 0.049489 0.053888
15 0.638403 0.940284 0.078082 0.065985
13 0.389860 0.195755 0.049489 0.076982
13 0.506434 0.140218 0.067085 0.073683
9 0.450896 0.185307 0.092379 0.150665
17 0.490487 0.431651 0.186957 0.320026