0 0.559661 0.423788 0.397229 0.847575
1 0.580446 0.065820 0.244804 0.127021
2 0.579292 0.306005 0.288684 0.344111
3 0.679754 0.241339 0.120092 0.173210
4 0.613934 0.366051 0.150115 0.085450
5 0.533263 0.496504 0.126700 0.120028
5 0.422248 0.413395 0.080831 0.106236
13 0.533102 0.490762 0.094688 0.094688
13 0.431903 0.424205 0.052925 0.079869
6 0.634944 0.494932 0.060624 0.026944
7 0.514659 0.613292 0.141455 0.105851
7 0.603669 0.604151 0.030793 0.091416
8 0.549782 0.757634 0.205928 0.159738
8 0.443931 0.725398 0.140493 0.091416
15 0.548338 0.756672 0.187644 0.150115
15 0.445856 0.729247 0.113549 0.058699
9 0.568065 0.024859 0.215550 0.045227
11 0.513215 0.051322 0.088530 0.030793
17 0.588273 0.294778 0.275212 0.288684