0 0.142326 0.592525 0.215367 0.334580
1 0.087760 0.508083 0.106236 0.161663
2 0.110855 0.660508 0.133949 0.189376
3 0.187067 0.622402 0.069284 0.094688
4 0.193995 0.707852 0.073903 0.066975
9 0.088346 0.464826 0.090179 0.072583
12 0.064152 0.519264 0.043990 0.014297
18 0.106492 0.668280 0.144067 0.193555
0 0.212068 0.474724 0.181458 0.329924
1 0.226914 0.393343 0.147366 0.156164
9 0.230214 0.374097 0.142967 0.113274
12 0.245610 0.436233 0.059386 0.015396
5 0.244510 0.586898 0.074783 0.096778
14 0.247810 0.587998 0.050588 0.081381
18 0.209868 0.525862 0.155064 0.124271
0 0.324059 0.548774 0.213351 0.428901
1 0.348803 0.403057 0.148466 0.128670
2 0.315261 0.605961 0.156164 0.279336
3 0.298765 0.555372 0.065985 0.131970
4 0.308112 0.654349 0.089080 0.059386
5 0.394443 0.682943 0.068184 0.079182
9 0.353752 0.380512 0.109975 0.081381
14 0.398292 0.682943 0.053888 0.063785
18 0.315811 0.604311 0.130870 0.271638
0 0.517431 0.560504 0.276037 0.325525
1 0.586715 0.471975 0.124271 0.144067
2 0.450896 0.556655 0.134169 0.232047
3 0.458045 0.551706 0.069284 0.109975
4 0.466843 0.652333 0.102276 0.082481
5 0.570769 0.664980 0.101177 0.065985
9 0.590014 0.461527 0.111074 0.120972
12 0.586165 0.514865 0.057187 0.040691
14 0.578467 0.663881 0.081381 0.048389
18 0.473441 0.577001 0.130870 0.244144
0 0.507717 0.384545 0.140768 0.197954
1 0.519814 0.353202 0.107775 0.104476
9 0.512665 0.332857 0.091279 0.063785
12 0.535760 0.371348 0.038491 0.008798
18 0.506617 0.424686 0.116573 0.040691
0 0.648667 0.436233 0.111074 0.270538
1 0.666813 0.348253 0.068184 0.081381
18 0.647018 0.475824 0.092379 0.169361
10 0.665164 0.341655 0.053888 0.059386
0 0.766340 0.537253 0.135269 0.463781
1 0.759742 0.352652 0.073683 0.087980
2 0.770190 0.473953 0.116573 0.150223
3 0.717067 0.417969 0.036680 0.036680
4 0.735407 0.450573 0.055699 0.031246
5 0.791786 0.446497 0.048906 0.036680
6 0.797559 0.626500 0.029208 0.062492
7 0.790427 0.688312 0.038038 0.058416
8 0.789069 0.744691 0.035321 0.043472
10 0.759181 0.334081 0.057057 0.048227
12 0.754087 0.361251 0.048227 0.010189
14 0.796540 0.445818 0.033963 0.029887
15 0.790767 0.746728 0.025132 0.032604
18 0.762578 0.474347 0.110039 0.146719
0 0.853454 0.497950 0.178459 0.535406
1 0.867655 0.272966 0.107775 0.080831
2 0.889306 0.456762 0.081794 0.282910
3 0.878240 0.379779 0.059661 0.121247
4 0.854664 0.483224 0.079869 0.077945
5 0.785861 0.570792 0.063510 0.076020
6 0.850334 0.658840 0.069284 0.109700
6 0.900372 0.653066 0.019246 0.102002
7 0.846003 0.742077 0.064473 0.045227
7 0.896523 0.733898 0.023095 0.051963
10 0.871504 0.251315 0.096228 0.039453
14 0.788748 0.578009 0.046189 0.048114
18 0.874391 0.459167 0.094303 0.268476