9 0.462992 0.385039 0.036745 0.034121
9 0.553806 0.503675 0.038845 0.035171
9 0.527034 0.760367 0.036745 0.026772
10 0.439370 0.839895 0.036745 0.017848
1 0.526509 0.766667 0.047244 0.048819
1 0.435433 0.848556 0.043570 0.043570
1 0.554068 0.503937 0.048819 0.050394
1 0.460892 0.386614 0.043045 0.047769
17 0.517323 0.832546 0.062467 0.085039
17 0.445932 0.921522 0.075066 0.080315
17 0.607874 0.538058 0.079790 0.060892
2 0.516535 0.836745 0.068241 0.102887
2 0.446457 0.921522 0.085564 0.086614
2 0.609186 0.534908 0.090814 0.074541
2 0.429659 0.435958 0.067717 0.079265
14 0.490026 0.365879 0.017323 0.018898
5 0.491601 0.367192 0.023622 0.026772
3 0.585827 0.536745 0.031496 0.044619
3 0.558530 0.825722 0.033596 0.059843
3 0.480577 0.821260 0.022572 0.038320
6 0.538320 0.911549 0.037270 0.051969
6 0.510236 0.915486 0.028346 0.050394
6 0.600262 0.577690 0.066667 0.045669
6 0.446194 0.514173 0.040945 0.065617
6 0.409449 0.513123 0.033596 0.063517
7 0.455381 0.579265 0.029921 0.059318
7 0.409974 0.572441 0.027297 0.054068
7 0.564567 0.581627 0.037270 0.045144
13 0.556430 0.545669 0.022047 0.012073
5 0.555118 0.544882 0.029921 0.015748
7 0.544357 0.967454 0.031496 0.055643
7 0.513648 0.962467 0.022572 0.053018
15 0.489764 0.989501 0.036745 0.016798
8 0.488714 0.987139 0.052493 0.023622