4 0.465300 0.756562 0.131364 0.161417
4 0.837705 0.763780 0.167304 0.078740
4 0.661107 0.656168 0.079314 0.026247
4 0.509295 0.647638 0.070639 0.045932
14 0.562584 0.799213 0.068161 0.086614
13 0.592946 0.782808 0.049571 0.080052
13 0.695188 0.734908 0.125168 0.076115
13 0.969354 0.796588 0.061292 0.102362
13 0.589848 0.658793 0.097904 0.076115
13 0.460343 0.633202 0.074357 0.059055
10 0.311009 0.203412 0.204482 0.112861
10 0.706961 0.332021 0.123929 0.083990
10 0.882320 0.313648 0.164825 0.102362
10 0.586750 0.383202 0.133843 0.057743
10 0.504957 0.364829 0.084271 0.049869
10 0.448570 0.364173 0.100382 0.032808
12 0.413870 0.398950 0.043375 0.028871
12 0.539657 0.415354 0.042136 0.022310
12 0.486368 0.411417 0.032221 0.032808
12 0.670402 0.372047 0.058246 0.030184
12 0.811680 0.367454 0.075596 0.034121
12 0.377930 0.267717 0.105339 0.031496
1 0.292420 0.250656 0.271404 0.251969
1 0.442373 0.398294 0.095425 0.119423
1 0.507436 0.409449 0.076836 0.125984
1 0.582413 0.416667 0.115254 0.158793
1 0.706341 0.370735 0.152432 0.203412
1 0.874264 0.381890 0.208200 0.267717
5 0.591707 0.658136 0.123929 0.072178
5 0.465920 0.622047 0.095425 0.073491
5 0.557627 0.803150 0.102861 0.123360
5 0.607198 0.790026 0.110296 0.104987
5 0.692709 0.739501 0.140039 0.127297
5 0.969973 0.806430 0.060053 0.166667
3 0.928173 0.632546 0.127646 0.204724
18 0.200093 0.623360 0.225550 0.540682
2 0.196995 0.652231 0.271404 0.629921
3 0.364298 0.559711 0.092946 0.316273