0 0.595843 0.515726 0.346420 0.966788
1 0.556582 0.144177 0.110855 0.209832
17 0.609700 0.457275 0.143187 0.392610
3 0.610855 0.353349 0.099307 0.184758
4 0.654734 0.518476 0.048499 0.094688
5 0.662818 0.653827 0.083141 0.138073
6 0.587677 0.729820 0.066810 0.136094
6 0.649538 0.758276 0.038766 0.057737
7 0.599225 0.860552 0.053613 0.117123
7 0.656961 0.837870 0.037116 0.089904
8 0.619845 0.962004 0.075058 0.072583
8 0.667684 0.927362 0.061861 0.079182
9 0.550973 0.087842 0.103926 0.093204
11 0.555922 0.165787 0.067634 0.026394
13 0.659023 0.651188 0.062686 0.112999
15 0.622319 0.966953 0.063510 0.049489
15 0.667272 0.931486 0.039591 0.044540