10 0.671752 0.554462 0.123031 0.061680
2 0.677165 0.828084 0.129921 0.304462
2 0.139764 0.825459 0.100394 0.251969
18 0.139272 0.828084 0.081693 0.228346
18 0.677165 0.828084 0.110236 0.270341
10 0.153051 0.570210 0.097441 0.043307
12 0.138780 0.614173 0.062992 0.034121
12 0.665846 0.599738 0.058071 0.020997
1 0.665846 0.585302 0.091535 0.136483
1 0.140748 0.605643 0.090551 0.153543
3 0.203248 0.778871 0.056102 0.158793
3 0.068898 0.770997 0.047244 0.140420
3 0.755906 0.761811 0.051181 0.135171
3 0.593504 0.767060 0.049213 0.169291
4 0.770177 0.894357 0.063976 0.114173
4 0.583169 0.919948 0.046260 0.133858
4 0.179626 0.914698 0.058071 0.123360
4 0.068406 0.870079 0.067913 0.052493
0 0.150591 0.748688 0.271654 0.502624
0 0.668799 0.738845 0.312008 0.522310