0 0.535345 0.478448 0.518966 0.546552
1 0.518103 0.306034 0.150000 0.187931
9 0.518103 0.271552 0.125862 0.118966
12 0.517241 0.326724 0.086207 0.032759
2 0.525862 0.447414 0.217241 0.218966
18 0.516379 0.439655 0.170690 0.175862
3 0.642241 0.365517 0.105172 0.113793
3 0.425000 0.462069 0.053448 0.162069
4 0.440517 0.622414 0.077586 0.120690
4 0.726724 0.446552 0.081034 0.131034
5 0.728448 0.528448 0.063793 0.060345
5 0.479310 0.712069 0.051724 0.072414
13 0.723276 0.523276 0.063793 0.070690
13 0.474138 0.708621 0.055172 0.093103
6 0.558621 0.608621 0.106897 0.120690
6 0.360345 0.560345 0.082759 0.100000