0 0.628945 0.422633 0.646651 0.845266
1 0.508853 0.040416 0.207852 0.080831
2 0.558506 0.225173 0.394919 0.344111
3 0.389915 0.233256 0.122402 0.175520
3 0.728252 0.118938 0.152425 0.113164
4 0.419938 0.366051 0.131640 0.080831
4 0.790608 0.229792 0.096998 0.085450
5 0.801001 0.344111 0.113164 0.115473
5 0.431486 0.461894 0.103926 0.106236
13 0.441878 0.457275 0.087760 0.087760
13 0.803310 0.333718 0.076212 0.085450
6 0.730562 0.437644 0.129330 0.071594
6 0.556197 0.469977 0.117783 0.145497
7 0.769823 0.506928 0.115473 0.053118
7 0.546959 0.575058 0.094688 0.055427
8 0.810239 0.621247 0.168591 0.166282
8 0.546959 0.706697 0.117783 0.180139
17 0.568899 0.237875 0.374134 0.327945
11 0.475366 0.018476 0.076212 0.023095
15 0.550423 0.714781 0.092379 0.131640
15 0.806774 0.614319 0.133949 0.143187