0 0.287069 0.446552 0.174138 0.444828
0 0.450000 0.501724 0.151724 0.389655
0 0.633621 0.556034 0.215517 0.408621
0 0.822414 0.535345 0.137931 0.350000
4 0.484483 0.450862 0.027586 0.032759
4 0.825000 0.537931 0.036207 0.055172
1 0.577586 0.406897 0.089655 0.096552
1 0.801724 0.412931 0.062069 0.060345
1 0.443966 0.351724 0.067241 0.072414
1 0.278448 0.268966 0.081034 0.055172
9 0.283621 0.262069 0.043103 0.027586
9 0.441379 0.337931 0.041379 0.027586
9 0.562069 0.413793 0.044828 0.055172
9 0.807759 0.400862 0.046552 0.029310
2 0.799138 0.497414 0.063793 0.098276
2 0.699138 0.463793 0.132759 0.168966
2 0.449138 0.453448 0.098276 0.127586
2 0.278448 0.368103 0.108621 0.153448
17 0.277586 0.367241 0.096552 0.155172
17 0.447414 0.449138 0.084483 0.146552
17 0.692241 0.470690 0.125862 0.158621
17 0.800000 0.495690 0.051724 0.098276
3 0.843966 0.481897 0.032759 0.053448
3 0.670690 0.454310 0.068966 0.084483
3 0.336207 0.357759 0.041379 0.063793
3 0.495690 0.422414 0.012069 0.044828
3 0.391379 0.443966 0.010345 0.070690
6 0.309483 0.486207 0.074138 0.089655
6 0.259483 0.500862 0.036207 0.101724
6 0.471552 0.568966 0.032759 0.089655
6 0.418103 0.565517 0.032759 0.110345
6 0.675862 0.597414 0.055172 0.084483
6 0.604310 0.575000 0.046552 0.087931
6 0.811207 0.583621 0.046552 0.036207
6 0.781897 0.586207 0.029310 0.055172
7 0.812069 0.636207 0.031034 0.062069
7 0.784483 0.639655 0.027586 0.055172
7 0.673276 0.669828 0.060345 0.070690
7 0.584483 0.653448 0.055172 0.065517
7 0.488793 0.644828 0.022414 0.048276
7 0.428448 0.637931 0.012069 0.027586
7 0.312069 0.569828 0.037931 0.074138
7 0.271552 0.587931 0.039655 0.068966
8 0.326724 0.631897 0.056897 0.032759
8 0.668966 0.718103 0.058621 0.018966
8 0.268966 0.632759 0.044828 0.024138
15 0.273276 0.624138 0.036207 0.031034
15 0.325862 0.625862 0.055172 0.051724
15 0.669828 0.715517 0.060345 0.031034