0 0.720554 0.574288 0.531178 0.826790
1 0.833718 0.308699 0.249423 0.212471
2 0.773672 0.612394 0.434180 0.367206
3 0.938799 0.547729 0.094688 0.154734
4 0.938799 0.651655 0.094688 0.039261
3 0.653580 0.530408 0.101617 0.133949
4 0.569284 0.681678 0.090069 0.136259
5 0.511547 0.849115 0.094688 0.184758
5 0.809469 0.705928 0.154734 0.147806
6 0.720554 0.918399 0.115473 0.147806
6 0.585450 0.890685 0.108545 0.175520
9 0.867206 0.257891 0.173210 0.101617
12 0.824480 0.322556 0.083141 0.050808
13 0.824480 0.714011 0.110855 0.117783
13 0.505774 0.865281 0.064665 0.143187
17 0.773672 0.618168 0.383372 0.341801