0 0.470849 0.552493 0.474254 0.895013
12 0.446918 0.293307 0.093981 0.048556
10 0.444308 0.225066 0.130529 0.085302
11 0.455620 0.575459 0.106163 0.056430
18 0.458231 0.706037 0.280202 0.587926
2 0.460406 0.690945 0.300216 0.618110
1 0.441697 0.299213 0.153154 0.270341
3 0.334229 0.638451 0.098332 0.358268
3 0.593110 0.606955 0.093981 0.274278
4 0.574836 0.837927 0.076577 0.187664
4 0.384700 0.860892 0.173168 0.170604
14 0.459101 0.965879 0.074836 0.068241
14 0.547425 0.965223 0.077447 0.069554
5 0.549166 0.959318 0.093110 0.081364
5 0.456926 0.959974 0.086149 0.080052