0 0.653618 0.528215 0.356254 0.943570
0 0.527573 0.576772 0.335247 0.846456
0 0.269354 0.543963 0.445537 0.912073
0 0.317059 0.486220 0.189069 0.856955
0 0.754280 0.310367 0.100662 0.562992
12 0.450982 0.268373 0.073527 0.043307
12 0.563461 0.165354 0.056896 0.028871
12 0.315308 0.146982 0.059522 0.028871
12 0.295176 0.263780 0.036763 0.026247
10 0.566086 0.116142 0.072651 0.064304
10 0.749903 0.078084 0.034137 0.027559
10 0.320998 0.106299 0.079654 0.036745
10 0.434789 0.207349 0.104163 0.070866
10 0.263664 0.214567 0.094534 0.064304
1 0.261038 0.261155 0.124295 0.183727
1 0.434351 0.263780 0.115542 0.212598
1 0.566962 0.160105 0.091908 0.181102
1 0.316183 0.144357 0.089282 0.133858
1 0.748590 0.103675 0.047267 0.086614
18 0.576590 0.372703 0.125170 0.267717
18 0.442667 0.507874 0.126921 0.299213
18 0.148122 0.488189 0.145303 0.370079
18 0.320122 0.333990 0.076153 0.269029
18 0.755593 0.217848 0.047267 0.120735
2 0.755593 0.225066 0.066524 0.145669
2 0.575715 0.372703 0.153181 0.283465
2 0.444855 0.511155 0.155807 0.347769
2 0.148122 0.494094 0.169812 0.402887
2 0.320998 0.338583 0.095410 0.267717
14 0.465863 0.593832 0.085781 0.093176
14 0.643552 0.563648 0.078779 0.098425
14 0.663684 0.627953 0.084031 0.069554
14 0.689069 0.480971 0.040265 0.066929
14 0.016728 0.501969 0.033456 0.059055
14 0.339817 0.362861 0.033262 0.066929
5 0.341567 0.363517 0.056020 0.083990
5 0.464987 0.591864 0.098036 0.118110
5 0.668061 0.627297 0.099786 0.081365
5 0.645303 0.567585 0.099786 0.114173
5 0.686443 0.478346 0.066524 0.098425
5 0.021104 0.503937 0.042208 0.083990
4 0.369578 0.544619 0.115542 0.102362
4 0.554707 0.547244 0.139176 0.068241
4 0.697384 0.406168 0.049893 0.127297
4 0.793231 0.278871 0.029761 0.087927
5 0.781415 0.338583 0.023634 0.041995
4 0.039583 0.421916 0.049018 0.108924
3 0.796733 0.185039 0.029761 0.091864
3 0.672000 0.295932 0.072651 0.153543
3 0.434789 0.466535 0.116417 0.145669
3 0.276356 0.456037 0.077903 0.206037
3 0.032484 0.305118 0.064967 0.124672
6 0.134992 0.820866 0.140051 0.305774
6 0.085537 0.812336 0.100662 0.304462
6 0.568275 0.766404 0.176814 0.173228
6 0.417720 0.809055 0.162809 0.221785
6 0.257099 0.584646 0.056896 0.132546
6 0.324061 0.629265 0.066524 0.124672
6 0.772662 0.373360 0.037639 0.150919
6 0.734148 0.370735 0.035888 0.135171
7 0.780977 0.490814 0.028010 0.081365
7 0.749903 0.464567 0.030636 0.057743
7 0.640926 0.925197 0.071776 0.133858
7 0.475053 0.961942 0.069150 0.065617
7 0.256224 0.691601 0.042891 0.086614
7 0.309181 0.757874 0.045517 0.129921
15 0.299990 0.854331 0.032387 0.049869
15 0.253598 0.786089 0.028885 0.107612
8 0.257537 0.793963 0.057771 0.120735
8 0.297802 0.852362 0.043766 0.080052
8 0.534575 0.946194 0.062148 0.097113
15 0.536326 0.944882 0.044641 0.083990