0 0.757241 0.553448 0.455172 0.610345
0 0.446897 0.642241 0.103448 0.301724
0 0.513276 0.607759 0.060345 0.205172
1 0.767586 0.380172 0.220690 0.250000
1 0.429655 0.521552 0.055172 0.056897
1 0.510690 0.518966 0.048276 0.037931
9 0.762414 0.336207 0.175862 0.162069
9 0.423621 0.522414 0.039655 0.041379
9 0.503793 0.520690 0.044828 0.044828
11 0.685690 0.408621 0.022414 0.031034
2 0.780517 0.685345 0.374138 0.343103
2 0.432241 0.592241 0.081034 0.094828
2 0.515000 0.579310 0.050000 0.068966
17 0.781379 0.693103 0.358621 0.337931
17 0.429655 0.596552 0.079310 0.096552
17 0.520172 0.581034 0.032759 0.058621
6 0.452931 0.678448 0.036207 0.050000
6 0.423621 0.670690 0.018966 0.055172
6 0.514138 0.637931 0.020690 0.044828
7 0.435690 0.728448 0.043103 0.046552
8 0.422759 0.769828 0.027586 0.039655
15 0.427931 0.763793 0.020690 0.041379
3 0.587414 0.705172 0.060345 0.282759