0 0.484988 0.412240 0.508083 0.815242
1 0.617783 0.080831 0.224018 0.152425
2 0.517321 0.311778 0.272517 0.387991
3 0.424942 0.217090 0.161663 0.161663
4 0.407621 0.372979 0.090069 0.094688
5 0.603926 0.481524 0.071594 0.140878
6 0.400693 0.482679 0.200924 0.110855
6 0.517321 0.518476 0.092379 0.113164
7 0.352194 0.569284 0.159353 0.066975
7 0.472286 0.583141 0.066975 0.066975
8 0.323326 0.704388 0.152425 0.184758
8 0.468822 0.699769 0.166282 0.166282
15 0.321016 0.704388 0.133949 0.157044
15 0.459584 0.698614 0.124711 0.150115
13 0.610855 0.482679 0.071594 0.101617
13 0.420769 0.465135 0.054698 0.060775
9 0.623759 0.059560 0.190835 0.106965
11 0.669949 0.111827 0.098456 0.051051
17 0.555691 0.292938 0.215145 0.335481