0 0.500345 0.579310 0.531034 0.841379
1 0.322759 0.274138 0.172414 0.203448
9 0.297759 0.231034 0.115517 0.117241
11 0.330517 0.277586 0.060345 0.051724
2 0.450345 0.559483 0.279310 0.377586
17 0.447759 0.556034 0.218966 0.336207
3 0.417586 0.481034 0.131034 0.134483
4 0.518448 0.552586 0.101724 0.070690
5 0.607241 0.575000 0.082759 0.070690
5 0.552069 0.532759 0.068966 0.024138
13 0.609828 0.578448 0.074138 0.060345
13 0.546034 0.532759 0.053448 0.024138
6 0.535690 0.801724 0.132759 0.162069
6 0.607241 0.770690 0.117241 0.182759
7 0.577069 0.927586 0.087931 0.113793
7 0.655517 0.914655 0.096552 0.105172
8 0.703793 0.983621 0.100000 0.029310
15 0.703793 0.986207 0.082759 0.027586