0 0.578793 0.477586 0.518966 0.672414
1 0.460690 0.215517 0.175862 0.137931
9 0.460690 0.202586 0.141379 0.091379
11 0.482241 0.215517 0.098276 0.058621
2 0.536552 0.393966 0.272414 0.274138
17 0.531379 0.396552 0.193103 0.251724
3 0.640862 0.318966 0.056897 0.103448
3 0.389138 0.420690 0.087931 0.120690
4 0.411552 0.525000 0.098276 0.084483
4 0.665862 0.405172 0.072414 0.065517
5 0.454655 0.598276 0.087931 0.082759
5 0.701207 0.474138 0.043103 0.065517
13 0.457241 0.597414 0.072414 0.074138
13 0.701207 0.475000 0.029310 0.060345
6 0.519310 0.589655 0.110345 0.127586
6 0.665862 0.562931 0.144828 0.129310
7 0.535690 0.689655 0.091379 0.086207
7 0.699483 0.675862 0.118966 0.106897
8 0.752069 0.768966 0.148276 0.072414
8 0.570172 0.762931 0.108621 0.060345
15 0.740862 0.728448 0.174138 0.150000
15 0.557241 0.729310 0.124138 0.124138