0 0.500000 0.426097 0.436490 0.838337
1 0.428406 0.106236 0.274827 0.189376
2 0.497691 0.339492 0.339492 0.286374
3 0.591224 0.264434 0.143187 0.182448
4 0.595843 0.403002 0.096998 0.090069
5 0.556582 0.505774 0.138568 0.092379
5 0.370670 0.496536 0.094688 0.092379
13 0.372979 0.489607 0.066975 0.064665
13 0.553118 0.505774 0.085450 0.078522
6 0.453811 0.547344 0.057737 0.110855
7 0.628176 0.600462 0.096998 0.096998
7 0.511547 0.591224 0.103926 0.064665
8 0.624711 0.736721 0.191686 0.175520
8 0.505774 0.710162 0.189376 0.150115
15 0.510393 0.710162 0.157044 0.131640
15 0.609700 0.733256 0.152425 0.154734
9 0.411085 0.066975 0.226328 0.106236
11 0.364896 0.130485 0.124711 0.034642
17 0.471132 0.351039 0.235566 0.281755