0 0.626473 0.546588 0.625805 0.906824
0 0.456437 0.417979 0.407523 0.804462
0 0.299986 0.504593 0.392533 0.875328
11 0.650362 0.262467 0.088999 0.068241
11 0.291555 0.282808 0.126473 0.082677
12 0.485947 0.257874 0.149893 0.069554
10 0.474237 0.147638 0.169567 0.161417
10 0.693925 0.155512 0.204230 0.145669
10 0.274692 0.160761 0.152704 0.148294
1 0.270476 0.221129 0.198609 0.326772
1 0.479858 0.213911 0.186430 0.351706
1 0.707977 0.232283 0.247324 0.367454
17 0.798850 0.661417 0.290418 0.475066
17 0.554805 0.474409 0.117104 0.253281
17 0.314039 0.500656 0.246387 0.481627
2 0.310291 0.498688 0.278240 0.530184
2 0.559489 0.477034 0.135841 0.282152
2 0.798381 0.661417 0.332576 0.514436
3 0.633967 0.633858 0.179872 0.333333
3 0.605862 0.492126 0.108673 0.309711
3 0.422243 0.416010 0.125536 0.251969
3 0.183819 0.439633 0.088999 0.288714
4 0.193655 0.719816 0.101178 0.261155
4 0.481732 0.808399 0.195798 0.086614
4 0.503747 0.669948 0.200482 0.095801
4 0.338396 0.564304 0.128346 0.110236
14 0.335586 0.817585 0.096494 0.097113
14 0.351980 0.716535 0.101178 0.097113
14 0.286402 0.680446 0.073073 0.106299
14 0.135103 0.891076 0.100241 0.076115
5 0.134635 0.888451 0.121788 0.099738
5 0.281718 0.682415 0.095557 0.115486
5 0.353854 0.715223 0.121788 0.107612
5 0.334649 0.819554 0.107736 0.108924