0 0.240355 0.608924 0.306337 0.782152
0 0.794555 0.580709 0.316810 0.838582
0 0.493018 0.637795 0.272299 0.724409
11 0.722116 0.324147 0.086403 0.026247
11 0.227264 0.427165 0.086403 0.027559
10 0.227701 0.372047 0.085530 0.080052
10 0.532292 0.346457 0.083784 0.081365
10 0.719934 0.278215 0.076802 0.062992
1 0.720807 0.337270 0.109967 0.207349
12 0.533601 0.406824 0.072439 0.028871
1 0.529674 0.403543 0.096003 0.203412
1 0.232937 0.426509 0.118695 0.215223
4 0.262611 0.805118 0.162332 0.114173
4 0.517019 0.791995 0.128295 0.093176
4 0.866557 0.789370 0.048874 0.148294
4 0.322394 0.721785 0.046256 0.057743
3 0.169662 0.709974 0.100367 0.275591
3 0.598621 0.670604 0.064584 0.233596
3 0.431925 0.597769 0.033165 0.158793
3 0.842556 0.612861 0.109094 0.244094
18 0.747862 0.713911 0.181533 0.459318
18 0.520510 0.719816 0.170187 0.423885
18 0.212427 0.772966 0.152732 0.435696
2 0.222900 0.771654 0.182406 0.456692
2 0.518328 0.730971 0.179787 0.480315
2 0.751790 0.724409 0.199861 0.517060
14 0.419270 0.773622 0.063711 0.056430
14 0.392215 0.698819 0.065457 0.056430
14 0.351195 0.780184 0.063711 0.056430
14 0.352504 0.730315 0.034910 0.032808
5 0.395269 0.698163 0.085530 0.078740
5 0.426252 0.775591 0.074184 0.073491
5 0.351195 0.780184 0.070693 0.069554
5 0.349886 0.725722 0.050620 0.034121