9 0.548885 0.173556 0.209318 0.067585
11 0.519357 0.218176 0.118766 0.026903
1 0.548228 0.203740 0.217192 0.139764
17 0.576772 0.412730 0.245407 0.250656
2 0.570866 0.415682 0.271654 0.267060
3 0.660433 0.361877 0.121391 0.142388
4 0.632546 0.494094 0.114173 0.123360
13 0.585958 0.583333 0.102362 0.059055
5 0.591535 0.583661 0.118766 0.071522
13 0.437664 0.539370 0.056430 0.066929
5 0.437992 0.538386 0.070210 0.076772
6 0.597113 0.605971 0.110236 0.130577
6 0.499344 0.604659 0.097113 0.121391
7 0.605643 0.730315 0.094488 0.110236
7 0.518701 0.710958 0.088583 0.096457
15 0.574147 0.801509 0.153543 0.133202
15 0.479659 0.740486 0.158793 0.126640
8 0.569554 0.827100 0.167979 0.070210
8 0.485236 0.774934 0.169948 0.060367
0 0.541995 0.490157 0.388451 0.822835