0 0.563510 0.579292 0.300231 0.841416
1 0.537336 0.280216 0.127791 0.229407
2 0.556582 0.563125 0.166282 0.342571
3 0.471132 0.474981 0.060046 0.161663
3 0.639723 0.438029 0.055427 0.120092
4 0.459584 0.588145 0.036952 0.060046
4 0.667436 0.518861 0.036952 0.041570
5 0.452656 0.679369 0.050808 0.117783
5 0.682448 0.595073 0.053118 0.129330
6 0.598152 0.816397 0.064665 0.173210
6 0.520785 0.815242 0.076212 0.175520
7 0.588915 0.957275 0.064665 0.085450
7 0.538106 0.928406 0.027714 0.041570
8 0.533487 0.972286 0.036952 0.036952
9 0.526559 0.233256 0.106236 0.129330
11 0.541570 0.324480 0.090069 0.043880
13 0.449192 0.672055 0.039261 0.092379
13 0.682448 0.586605 0.039261 0.087760
17 0.555042 0.554273 0.161663 0.327945