0 0.452271 0.560046 0.454965 0.662818
1 0.380677 0.329099 0.191686 0.127021
2 0.431486 0.472286 0.339492 0.210162
3 0.564280 0.397229 0.124711 0.078522
3 0.302155 0.463048 0.076212 0.094688
4 0.304465 0.550808 0.062356 0.053118
4 0.593149 0.478060 0.066975 0.055427
5 0.620862 0.554273 0.071594 0.078522
5 0.310239 0.655889 0.101617 0.092379
13 0.303310 0.646651 0.069284 0.064665
13 0.617398 0.550808 0.041570 0.048499
6 0.543495 0.631640 0.087760 0.085450
6 0.445343 0.637413 0.108545 0.087760
7 0.568899 0.703233 0.087760 0.034642
7 0.482294 0.700924 0.071594 0.043880
8 0.605851 0.801386 0.106236 0.120092
8 0.506543 0.787529 0.069284 0.101617
15 0.595458 0.796767 0.071594 0.101617
15 0.518091 0.782910 0.064665 0.073903
9 0.381556 0.311186 0.118434 0.081127
11 0.390142 0.344052 0.103630 0.033162
17 0.427745 0.473737 0.279505 0.221472