6 0.700295 0.515092 0.063976 0.166667
6 0.777559 0.496719 0.064961 0.145669
10 0.726378 0.096457 0.064961 0.038058
10 0.478346 0.166667 0.059055 0.039370
10 0.147146 0.427165 0.097441 0.053806
10 0.136319 0.696850 0.138780 0.107612
10 0.317913 0.561680 0.102362 0.073491
10 0.508858 0.519029 0.086614 0.056430
10 0.596457 0.425197 0.068898 0.044619
10 0.886811 0.443570 0.096457 0.062992
10 0.786417 0.591864 0.118110 0.089239
10 0.644193 0.668635 0.113189 0.101050
1 0.639764 0.727690 0.151575 0.245407
1 0.781988 0.622047 0.115157 0.175853
1 0.896654 0.467192 0.131890 0.144357
1 0.497047 0.571522 0.106299 0.171916
1 0.593504 0.459318 0.108268 0.133858
1 0.299705 0.590551 0.111220 0.178478
1 0.132874 0.463255 0.118110 0.149606
1 0.130413 0.745407 0.170276 0.246719
1 0.482776 0.198163 0.095472 0.167979
1 0.722441 0.131890 0.127953 0.145669
12 0.720965 0.131234 0.050197 0.026247
12 0.506890 0.563648 0.057087 0.038058
12 0.170768 0.477690 0.042323 0.023622
11 0.164370 0.780840 0.084646 0.065617
11 0.476870 0.204724 0.048228 0.018373
18 0.288878 0.724409 0.134843 0.115486
18 0.094980 0.870079 0.174213 0.170604
18 0.123524 0.566929 0.115157 0.083990
18 0.475394 0.344488 0.110236 0.169291
18 0.722933 0.330709 0.085630 0.223097
3 0.783957 0.272310 0.044291 0.116798
2 0.294291 0.729003 0.165354 0.127297
18 0.791339 0.766404 0.127953 0.120735
18 0.910433 0.667323 0.090551 0.206037
2 0.096949 0.868766 0.193898 0.199475
2 0.125984 0.572835 0.147638 0.090551
2 0.802165 0.770341 0.165354 0.152231
2 0.913386 0.677822 0.118110 0.237533
2 0.722441 0.334646 0.110236 0.225722
2 0.475886 0.339239 0.125000 0.185039
3 0.669291 0.258530 0.043307 0.107612
3 0.534941 0.328740 0.046260 0.114173
3 0.416339 0.322178 0.037402 0.087927
3 0.381890 0.748031 0.088583 0.086614
3 0.471457 0.638451 0.043307 0.064304
3 0.972933 0.662730 0.054134 0.170604
14 0.613681 0.593176 0.042323 0.031496
14 0.528051 0.608268 0.036417 0.030184
14 0.681102 0.311680 0.045276 0.040682
14 0.500984 0.444226 0.031496 0.066929
14 0.482283 0.444882 0.035433 0.055118
14 0.786417 0.340551 0.045276 0.035433
5 0.785925 0.343176 0.054134 0.061680
5 0.682087 0.312336 0.057087 0.055118
5 0.503445 0.436352 0.038386 0.077428
5 0.478346 0.445538 0.047244 0.082677
5 0.526083 0.612861 0.054134 0.036745
5 0.615650 0.589239 0.056102 0.047244
0 0.462106 0.335958 0.252953 0.517060
0 0.755906 0.324803 0.293307 0.578740
0 0.908465 0.598425 0.159449 0.532808
0 0.794291 0.716535 0.187008 0.409449
0 0.664370 0.749344 0.194882 0.388451
0 0.591535 0.505249 0.102362 0.257218
0 0.498524 0.629921 0.193898 0.312336
0 0.322343 0.687664 0.182087 0.485564
0 0.127953 0.775591 0.255906 0.448818
0 0.132382 0.506562 0.172244 0.265092