0 0.501207 0.527586 0.750000 0.944828
1 0.593448 0.199138 0.413793 0.277586
9 0.587414 0.155172 0.384483 0.179310
2 0.507759 0.518966 0.474138 0.403448
18 0.511207 0.519828 0.439655 0.370690
3 0.216379 0.454310 0.139655 0.229310
3 0.767241 0.468966 0.110345 0.206897
4 0.200862 0.668966 0.112069 0.193103
4 0.803448 0.660345 0.117241 0.162069
5 0.236207 0.800000 0.096552 0.089655
5 0.788793 0.790517 0.115517 0.074138
13 0.239655 0.796552 0.089655 0.089655
13 0.788793 0.783621 0.122414 0.081034
6 0.600862 0.809483 0.181034 0.174138
6 0.407759 0.806897 0.205172 0.179310
7 0.586207 0.951724 0.124138 0.096552
7 0.406034 0.949138 0.177586 0.098276