10 0.643793 0.116142 0.137693 0.098425
0 0.317862 0.531496 0.407849 0.937008
0 0.710025 0.530840 0.395649 0.938320
0 0.934317 0.574147 0.131366 0.851706
10 0.347056 0.121391 0.133335 0.106299
10 0.966997 0.279528 0.066006 0.102362
12 0.636821 0.203412 0.113292 0.070866
12 0.343571 0.216535 0.117649 0.065617
12 0.989655 0.336614 0.020690 0.040682
1 0.960025 0.335302 0.079950 0.253281
1 0.634643 0.215223 0.155994 0.288714
1 0.342699 0.209974 0.140307 0.278215
18 0.351850 0.681759 0.228326 0.636482
18 0.673423 0.702756 0.230069 0.594488
18 0.953053 0.731627 0.093894 0.536745
2 0.350542 0.675197 0.271028 0.649606
2 0.680831 0.687008 0.264056 0.625984
2 0.945210 0.725066 0.109580 0.549868
3 0.845539 0.580052 0.096734 0.446194
3 0.211542 0.601706 0.144665 0.421260
3 0.487799 0.554462 0.061003 0.250656
3 0.535730 0.579396 0.059260 0.219160
4 0.796737 0.902231 0.183881 0.195538
4 0.315683 0.774278 0.204796 0.160105
4 0.521351 0.748031 0.054903 0.133858
4 0.906542 0.886483 0.032245 0.116798
14 0.467755 0.770341 0.074947 0.146982
14 0.655122 0.935039 0.102834 0.116798
14 0.947937 0.947507 0.057517 0.102362
5 0.950116 0.938320 0.065360 0.120735
5 0.648150 0.927165 0.111549 0.137795
5 0.467755 0.767060 0.080176 0.177165