0 0.183218 0.621247 0.272517 0.748268
1 0.260585 0.347575 0.113164 0.196305
2 0.195458 0.603772 0.164896 0.399230
3 0.141647 0.471132 0.069284 0.115473
4 0.146651 0.558891 0.111624 0.050808
5 0.240955 0.547472 0.061586 0.070054
6 0.169361 0.902617 0.080831 0.184758
7 0.229985 0.890108 0.025019 0.163587
9 0.260640 0.306554 0.107225 0.082481
12 0.265589 0.362229 0.057737 0.025569
14 0.244969 0.543275 0.049489 0.057737
17 0.198460 0.603849 0.152425 0.391686
0 0.386661 0.634106 0.186857 0.731617
1 0.392039 0.348701 0.076982 0.153965
2 0.386907 0.561401 0.150543 0.260029
3 0.317196 0.505802 0.040202 0.141990
4 0.316768 0.604168 0.044479 0.051322
5 0.373649 0.611867 0.060730 0.059875
5 0.441650 0.621703 0.046189 0.064152
3 0.444216 0.471160 0.030793 0.055598
6 0.351410 0.784792 0.082970 0.182191
6 0.429248 0.785647 0.065863 0.182191
7 0.332164 0.941793 0.065007 0.116414
7 0.431814 0.940039 0.064152 0.116329
9 0.391548 0.309124 0.068488 0.075655
12 0.394733 0.362879 0.057339 0.025484
14 0.378010 0.612938 0.055746 0.052560
14 0.442117 0.625282 0.037429 0.050171
17 0.389159 0.556662 0.140161 0.248467
0 0.540801 0.685185 0.165512 0.629630
1 0.512788 0.437231 0.086391 0.126878
2 0.535455 0.643943 0.138568 0.279702
3 0.481567 0.568386 0.035925 0.105209
3 0.599607 0.564109 0.035925 0.101788
4 0.505320 0.641815 0.068692 0.033754
4 0.605989 0.627011 0.031977 0.018357
5 0.568090 0.653363 0.043821 0.046189
5 0.560392 0.606877 0.047374 0.043229
6 0.517163 0.867729 0.049742 0.159886
6 0.578453 0.869505 0.059809 0.161071
7 0.529007 0.975504 0.037899 0.046189
7 0.584078 0.975504 0.040268 0.043821
9 0.511537 0.402874 0.077574 0.054480
12 0.505024 0.445806 0.042044 0.029016
14 0.569274 0.653955 0.035530 0.040268
14 0.556246 0.603916 0.034346 0.033754
17 0.531918 0.644875 0.125244 0.261148