0 0.516166 0.575443 0.247113 0.759815
1 0.481524 0.290223 0.085450 0.184758
2 0.502309 0.478445 0.122402 0.233256
3 0.570409 0.418488 0.060105 0.168414
3 0.437644 0.435720 0.048499 0.143187
4 0.579677 0.554657 0.036952 0.080831
4 0.431871 0.566205 0.023095 0.103926
5 0.565820 0.644727 0.041570 0.080831
5 0.437644 0.643572 0.057737 0.060046
6 0.553118 0.677059 0.057737 0.136259
6 0.478060 0.679369 0.046189 0.131640
7 0.554273 0.792533 0.041570 0.085450
7 0.481524 0.792533 0.053118 0.080831
8 0.576212 0.884911 0.085450 0.094688
8 0.477172 0.897209 0.058270 0.103966
9 0.480370 0.250962 0.087760 0.096998
11 0.487505 0.317996 0.055960 0.035530
13 0.565672 0.645171 0.034642 0.062178
13 0.436875 0.643394 0.031089 0.053295
15 0.573222 0.882928 0.065731 0.079943
15 0.481287 0.897140 0.039972 0.090602
17 0.502161 0.487505 0.119026 0.215847