0 0.308965 0.552586 0.286207 0.332759
0 0.596034 0.594828 0.501724 0.334483
1 0.347759 0.478448 0.101724 0.115517
1 0.394310 0.643103 0.094828 0.082759
9 0.359828 0.468103 0.087931 0.087931
10 0.375345 0.640517 0.039655 0.081034
12 0.400296 0.629064 0.011823 0.022660
2 0.246552 0.556897 0.131034 0.200000
2 0.505172 0.652586 0.165517 0.194828
17 0.502586 0.658621 0.163793 0.175862
17 0.244828 0.561207 0.127586 0.174138
3 0.312931 0.639655 0.060345 0.093103
4 0.434579 0.634004 0.022989 0.079502
4 0.359866 0.687404 0.091954 0.034962
5 0.448276 0.582341 0.026123 0.022989
5 0.423981 0.679519 0.043365 0.039707
14 0.447087 0.586445 0.024970 0.028537
14 0.423306 0.678002 0.045184 0.040428
6 0.633621 0.598276 0.081034 0.117241
6 0.598276 0.526724 0.041379 0.077586
7 0.681034 0.505172 0.096552 0.044828
7 0.718103 0.592241 0.098276 0.098276
8 0.749138 0.480172 0.022414 0.091379
8 0.793966 0.638793 0.070690 0.067241
15 0.743966 0.481897 0.039655 0.105172
15 0.786207 0.637931 0.082759 0.089655