0 0.329806 0.599081 0.507177 0.801837
0 0.695723 0.543307 0.205934 0.863517
12 0.703807 0.216535 0.053611 0.023622
10 0.704232 0.180446 0.062972 0.043307
10 0.284280 0.263780 0.097861 0.065617
12 0.281301 0.318241 0.064674 0.048556
1 0.283429 0.303150 0.135304 0.194226
1 0.701679 0.211942 0.085097 0.140420
14 0.286407 0.600394 0.044250 0.066929
14 0.406394 0.593832 0.030635 0.032808
14 0.725506 0.568898 0.034039 0.056430
14 0.591054 0.339895 0.027231 0.036745
5 0.592755 0.341207 0.039145 0.055118
5 0.728485 0.570210 0.045101 0.066929
5 0.407670 0.596457 0.043399 0.048556
5 0.286407 0.601050 0.064674 0.078740
4 0.205991 0.576115 0.116583 0.076115
4 0.401713 0.524934 0.046803 0.099738
4 0.622539 0.393045 0.051058 0.085302
4 0.745079 0.489501 0.061270 0.110236
3 0.758694 0.366798 0.040846 0.129921
3 0.184291 0.471785 0.059568 0.156168
3 0.373206 0.435696 0.049356 0.076115
18 0.311511 0.509186 0.194872 0.236220
18 0.703807 0.415354 0.109775 0.242782
2 0.709764 0.413386 0.142112 0.270341
2 0.312787 0.506562 0.209338 0.265092
6 0.334912 0.692257 0.117434 0.108924
6 0.414478 0.676509 0.096159 0.106299
6 0.727634 0.648294 0.046803 0.157480
6 0.687638 0.650262 0.043399 0.166667
7 0.420009 0.820210 0.129347 0.157480
7 0.462983 0.786089 0.070630 0.118110
7 0.730612 0.808399 0.051058 0.160105
7 0.690617 0.806430 0.044250 0.140420
15 0.727208 0.923885 0.039145 0.057743
15 0.673597 0.910105 0.054462 0.043307
15 0.500000 0.972441 0.088501 0.055118
15 0.527231 0.936352 0.090203 0.087927
8 0.528082 0.937008 0.110626 0.104987
8 0.497447 0.966535 0.108924 0.059055
8 0.730612 0.924541 0.057866 0.069554
8 0.669768 0.906824 0.065525 0.060367