0 0.507382 0.577428 0.500984 0.845144
0 0.881890 0.729003 0.236220 0.541994
0 0.117126 0.698819 0.234252 0.602362
10 0.438484 0.282808 0.168307 0.095801
10 0.908957 0.557743 0.115157 0.039370
10 0.024606 0.492782 0.049212 0.059055
12 0.024606 0.553150 0.049212 0.048556
12 0.444390 0.362861 0.123031 0.048556
12 0.949311 0.595801 0.046260 0.023622
1 0.918307 0.630577 0.155512 0.219160
1 0.442913 0.366798 0.204724 0.342520
1 0.034449 0.562336 0.068898 0.206037
14 0.035925 0.668635 0.054134 0.169291
14 0.607776 0.641732 0.115157 0.202100
14 0.536417 0.530184 0.084646 0.120735
4 0.436516 0.767717 0.247047 0.251969
4 0.625492 0.791339 0.111220 0.212598
4 0.029035 0.882546 0.058070 0.234908
4 0.174705 0.865486 0.132874 0.213911
3 0.312008 0.701444 0.118110 0.255906
3 0.793307 0.875984 0.066929 0.185039
18 0.479331 0.775591 0.255906 0.435696
18 0.100394 0.853675 0.127953 0.290026
18 0.936024 0.881234 0.127952 0.237532
2 0.926673 0.864829 0.146654 0.254593
2 0.476378 0.764436 0.283465 0.471128
2 0.093012 0.836614 0.186024 0.326772
5 0.607776 0.637139 0.136811 0.224409
5 0.534941 0.524278 0.095472 0.150919
5 0.039862 0.667979 0.079724 0.186352