0 0.433025 0.382217 0.413395 0.630485
1 0.401848 0.138568 0.161663 0.133949
2 0.418014 0.309469 0.240185 0.193995
3 0.547344 0.251732 0.092379 0.124711
4 0.566975 0.356813 0.071594 0.085450
3 0.289838 0.275982 0.085450 0.117783
4 0.302540 0.370670 0.060046 0.053118
5 0.568129 0.435335 0.069284 0.071594
5 0.317552 0.436490 0.085450 0.060046
6 0.517321 0.454965 0.115473 0.087760
6 0.390300 0.459584 0.092379 0.096998
7 0.535797 0.528868 0.087760 0.041570
7 0.416859 0.527714 0.080831 0.025404
8 0.563510 0.618145 0.115473 0.123126
8 0.418014 0.609700 0.092379 0.124711
9 0.403025 0.108002 0.133134 0.069284
11 0.407100 0.156908 0.108681 0.025812
13 0.318118 0.442422 0.061133 0.048906
13 0.564008 0.432912 0.052982 0.062492
15 0.421365 0.608387 0.080152 0.118190
15 0.570122 0.615858 0.092379 0.111398
17 0.416987 0.303118 0.234796 0.205928