0 0.433025 0.454196 0.385681 0.863741
1 0.333718 0.107775 0.140878 0.170901
1 0.393764 0.349115 0.219400 0.297921
3 0.429561 0.275212 0.069284 0.117783
4 0.465358 0.390364 0.043880 0.096228
3 0.324480 0.277521 0.048499 0.103926
4 0.333750 0.389883 0.029831 0.108737
5 0.493007 0.511612 0.050038 0.102002
5 0.341449 0.488998 0.043303 0.074095
6 0.475205 0.576084 0.074095 0.130870
6 0.412657 0.568386 0.041378 0.105851
7 0.521395 0.713209 0.072171 0.127983
7 0.459328 0.701180 0.034642 0.102002
8 0.553631 0.823390 0.082756 0.080831
8 0.476649 0.809918 0.048114 0.080831
9 0.322684 0.064473 0.086605 0.080831
11 0.340486 0.125577 0.070246 0.027906
13 0.345298 0.493649 0.025982 0.050038
13 0.493970 0.509045 0.030793 0.076982
15 0.552669 0.830446 0.046189 0.061586
15 0.478573 0.812163 0.036567 0.051963
17 0.394855 0.349307 0.161663 0.284834