18 0.265792 0.370079 0.146146 0.380577
18 0.529510 0.391076 0.118978 0.351706
18 0.765592 0.413386 0.120852 0.356955
2 0.767934 0.408136 0.133030 0.388451
2 0.529042 0.394357 0.138651 0.376640
2 0.270476 0.371391 0.155514 0.401575
14 0.180071 0.523622 0.044031 0.049869
14 0.350575 0.530840 0.042158 0.053806
14 0.449411 0.564304 0.035600 0.065617
14 0.605394 0.564961 0.034663 0.064304
14 0.681277 0.561680 0.042158 0.047244
14 0.837729 0.573491 0.040284 0.041995
5 0.841007 0.574147 0.054336 0.066929
5 0.683619 0.561680 0.063705 0.057743
5 0.605862 0.567585 0.059957 0.087927
5 0.453627 0.563648 0.059021 0.069554
5 0.351980 0.526247 0.058084 0.068241
5 0.181008 0.522310 0.062768 0.060367
4 0.165082 0.429134 0.060894 0.149606
4 0.360880 0.445538 0.045905 0.140420
4 0.445664 0.458005 0.041221 0.139108
4 0.611952 0.464567 0.044031 0.118110
4 0.674719 0.469160 0.053400 0.129921
4 0.845223 0.481627 0.040284 0.115486
3 0.844755 0.324147 0.029979 0.188976
3 0.675656 0.311024 0.045905 0.178478
3 0.610546 0.314961 0.033726 0.191601
3 0.443322 0.300525 0.040284 0.167979
3 0.354791 0.286745 0.031852 0.182415
3 0.165550 0.263123 0.052463 0.177165
12 0.769340 0.136483 0.059021 0.026247
12 0.535131 0.129265 0.064642 0.024934
12 0.266260 0.088583 0.064642 0.030184
6 0.286402 0.661417 0.054336 0.154856
6 0.222229 0.662730 0.074010 0.173228
6 0.492037 0.662730 0.060894 0.157480
6 0.554336 0.673228 0.058084 0.178478
6 0.729993 0.684383 0.062768 0.156168
6 0.790418 0.688976 0.048715 0.154856
7 0.781050 0.859580 0.043094 0.170604
7 0.731866 0.849738 0.044031 0.177165
7 0.549652 0.850394 0.043094 0.175853
7 0.497189 0.842520 0.052463 0.202100
7 0.283591 0.835302 0.054336 0.190289
7 0.210518 0.837927 0.044968 0.185039
15 0.292023 0.959974 0.076820 0.056430
15 0.203961 0.959318 0.054336 0.049869
15 0.497658 0.967848 0.051526 0.048556
15 0.553400 0.966535 0.058084 0.048556
15 0.735145 0.969160 0.046842 0.045932
15 0.787139 0.969160 0.059021 0.040682
8 0.793697 0.968504 0.079631 0.052493
8 0.731866 0.968504 0.070263 0.049869
8 0.554805 0.966535 0.077757 0.056430
8 0.494379 0.971785 0.067452 0.053806
8 0.293897 0.959974 0.093683 0.066929
8 0.203024 0.961286 0.073073 0.056430
10 0.266728 0.049213 0.069326 0.040682
10 0.534663 0.095801 0.069326 0.039370
10 0.769808 0.101706 0.065578 0.043307
1 0.771682 0.135171 0.097431 0.149606
1 0.535600 0.132546 0.097431 0.136483
1 0.273286 0.096457 0.108673 0.150919
0 0.257360 0.503281 0.290418 0.990814
0 0.531384 0.513123 0.220156 0.973753
0 0.770276 0.519029 0.263250 0.961942