0 0.443461 0.409047 0.254127 0.396687
1 0.377598 0.255196 0.117783 0.085450
2 0.422761 0.355116 0.175776 0.109771
3 0.491917 0.287529 0.092379 0.062356
3 0.349885 0.348730 0.048499 0.055427
4 0.372509 0.401021 0.033359 0.041913
4 0.511505 0.337297 0.037636 0.029082
5 0.518775 0.380920 0.048755 0.053032
13 0.523052 0.385197 0.040202 0.049611
6 0.504234 0.434380 0.052177 0.043623
6 0.430673 0.440795 0.079548 0.059875
7 0.455906 0.496393 0.037636 0.042768
15 0.532675 0.503307 0.050894 0.080546
8 0.532461 0.501240 0.061586 0.089813
8 0.475580 0.555841 0.066718 0.077838
15 0.479429 0.552419 0.052177 0.065863
9 0.384056 0.242779 0.085536 0.060730
11 0.374219 0.269295 0.041913 0.033359
17 0.419126 0.336869 0.172782 0.153109