9 0.464239 0.133202 0.180446 0.062992
11 0.467192 0.181759 0.136483 0.024934
1 0.469488 0.166995 0.177822 0.145013
17 0.475394 0.382218 0.274934 0.257874
2 0.475722 0.385827 0.283465 0.271654
3 0.298885 0.336942 0.078084 0.137139
3 0.635827 0.332021 0.057743 0.144357
4 0.641732 0.454396 0.057743 0.101706
4 0.304134 0.460302 0.061024 0.106955
13 0.341207 0.556759 0.087927 0.068898
13 0.629593 0.541010 0.074147 0.064961
5 0.629593 0.541010 0.089895 0.064961
5 0.343176 0.557743 0.099738 0.076115
6 0.544291 0.591207 0.125328 0.135171
6 0.413714 0.584318 0.125328 0.134514
7 0.399934 0.709646 0.099081 0.112205
7 0.543963 0.707021 0.087927 0.105643
15 0.564304 0.749016 0.120735 0.148950
15 0.396654 0.754265 0.091207 0.150262
8 0.572835 0.791995 0.133858 0.066929
8 0.391404 0.793307 0.126640 0.062992
0 0.458005 0.463911 0.477690 0.812336