10 0.097113 0.278215 0.115486 0.057743
12 0.114531 0.321821 0.078740 0.029229
1 0.101408 0.307206 0.137199 0.127654
17 0.116619 0.523741 0.201026 0.304223
13 0.291995 0.484073 0.060248 0.038774
5 0.294083 0.484670 0.069196 0.049511
13 0.230255 0.454844 0.044142 0.029229
5 0.230852 0.455142 0.054880 0.039370
3 0.113338 0.476020 0.097829 0.147936
4 0.208482 0.512706 0.119900 0.073372
4 0.195061 0.470055 0.051300 0.047721
2 0.115128 0.524338 0.211167 0.313768
6 0.119303 0.762348 0.126461 0.155094
6 0.946075 0.792472 0.096636 0.092460
17 0.953651 0.587270 0.092698 0.270222
2 0.951861 0.581902 0.096278 0.280959
3 0.898652 0.520759 0.086495 0.149129