9 0.495407 0.089051 0.252156 0.089989
11 0.525403 0.152793 0.186539 0.037495
1 0.496813 0.136858 0.269966 0.196850
17 0.496344 0.395576 0.342145 0.324334
3 0.387608 0.344488 0.122797 0.167792
4 0.439633 0.500094 0.148106 0.154668
2 0.494938 0.397450 0.365579 0.343082
13 0.673978 0.538995 0.033746 0.078740
13 0.499625 0.613517 0.091864 0.081552
5 0.499156 0.618204 0.109674 0.100300
5 0.677259 0.540870 0.047807 0.080615
6 0.600862 0.636952 0.106862 0.134046
6 0.475722 0.656168 0.122797 0.178103
7 0.467285 0.792088 0.115298 0.140607
7 0.581646 0.733971 0.102175 0.121860
15 0.630859 0.785996 0.206224 0.122797
15 0.516967 0.849269 0.209036 0.159355
8 0.630859 0.809899 0.206224 0.097488
8 0.517904 0.886764 0.225909 0.095613
0 0.505249 0.487533 0.553806 0.938320