0 0.540000 0.563793 0.251724 0.872414
8 0.528793 0.965517 0.101724 0.048276
8 0.576207 0.919828 0.075862 0.046552
1 0.552931 0.214655 0.098276 0.163793
10 0.559828 0.189655 0.081034 0.103448
11 0.583103 0.218103 0.037931 0.046552
2 0.536552 0.446552 0.131034 0.344828
17 0.531379 0.441379 0.110345 0.327586
3 0.502069 0.391379 0.048276 0.141379
4 0.510690 0.532759 0.048276 0.131034
5 0.521897 0.630172 0.046552 0.087931
5 0.606379 0.568966 0.039655 0.075862
14 0.519310 0.631034 0.037931 0.089655
14 0.601207 0.571552 0.039655 0.081034
6 0.517586 0.699138 0.093103 0.156897
6 0.572759 0.680172 0.027586 0.156897
7 0.552069 0.831034 0.044828 0.144828
7 0.504655 0.850862 0.039655 0.139655
15 0.520172 0.944828 0.105172 0.079310
15 0.579655 0.926724 0.103448 0.077586