0 0.660345 0.515517 0.562069 0.968966
7 0.539655 0.936207 0.120690 0.127586
7 0.699138 0.939655 0.101724 0.120690
1 0.665862 0.143103 0.200000 0.227586
9 0.659828 0.097414 0.174138 0.118966
12 0.646034 0.154310 0.105172 0.032759
2 0.643448 0.477586 0.327586 0.462069
17 0.636552 0.477586 0.306897 0.444828
3 0.446034 0.384483 0.087931 0.168966
3 0.866724 0.400862 0.101724 0.201724
4 0.440862 0.545690 0.081034 0.146552
4 0.871034 0.584483 0.096552 0.158621
5 0.463276 0.640517 0.053448 0.084483
14 0.461552 0.641379 0.053448 0.103448
6 0.553793 0.793966 0.131034 0.170690
6 0.702931 0.800000 0.129310 0.179310