0 0.571897 0.423276 0.525862 0.846552
1 0.543448 0.094828 0.248276 0.189655
9 0.530517 0.049138 0.229310 0.098276
11 0.522759 0.104310 0.168966 0.039655
2 0.565000 0.314655 0.329310 0.329310
17 0.558965 0.317241 0.303448 0.289655
3 0.745172 0.251724 0.110345 0.155172
3 0.394310 0.287931 0.056897 0.144828
4 0.402931 0.416379 0.053448 0.105172
4 0.742586 0.400862 0.081034 0.136207
5 0.414138 0.503448 0.096552 0.082759
5 0.711552 0.503448 0.122414 0.089655
13 0.713276 0.501724 0.101724 0.079310
13 0.426207 0.505172 0.086207 0.079310
6 0.526207 0.542241 0.144828 0.136207
6 0.677069 0.536207 0.150000 0.113793
7 0.546897 0.662069 0.106897 0.110345
7 0.695172 0.670690 0.120690 0.148276
8 0.523621 0.761207 0.187931 0.112069
8 0.686552 0.786207 0.134483 0.096552
15 0.696897 0.737931 0.117241 0.182759
15 0.527931 0.727586 0.172414 0.175862