0 0.462920 0.331024 0.397229 0.461894
1 0.357454 0.154734 0.127791 0.103156
2 0.436746 0.267129 0.252502 0.189376
3 0.332820 0.264049 0.063125 0.081601
3 0.499872 0.213241 0.080062 0.078522
4 0.552989 0.279446 0.072363 0.044650
4 0.330511 0.327945 0.046189 0.049269
5 0.319733 0.397998 0.055427 0.081601
5 0.575314 0.341032 0.064665 0.063125
13 0.572235 0.337182 0.049269 0.052348
13 0.318193 0.394149 0.049269 0.064665
6 0.526046 0.390300 0.073903 0.060046
6 0.436746 0.398768 0.076982 0.061586
7 0.540672 0.437259 0.063125 0.024634
7 0.468309 0.446497 0.041570 0.027714
8 0.573775 0.500385 0.080062 0.086220
8 0.473698 0.507313 0.117013 0.093918
15 0.479856 0.504234 0.107775 0.087760
15 0.569156 0.495766 0.055427 0.070824
17 0.427508 0.264819 0.227868 0.181678
9 0.361304 0.135489 0.113934 0.046189
11 0.352066 0.172440 0.070824 0.027714