0 0.598621 0.512931 0.768966 0.974138
13 0.408965 0.243966 0.313793 0.387931
13 0.396034 0.508621 0.291379 0.410345
1 0.824483 0.341379 0.282759 0.448276
9 0.826207 0.268966 0.237931 0.262069
11 0.777931 0.362069 0.134483 0.089655
2 0.796034 0.763793 0.274138 0.472414
18 0.796897 0.762069 0.227586 0.462069
3 0.663276 0.740517 0.191379 0.250000
3 0.641724 0.478448 0.124138 0.267241
4 0.529655 0.375000 0.120690 0.243103
4 0.510690 0.690517 0.148276 0.218966
5 0.323621 0.382759 0.108621 0.141379
5 0.369310 0.195690 0.158621 0.212069