9 0.565617 0.111549 0.215223 0.068241
12 0.517060 0.157480 0.086614 0.020997
1 0.565617 0.135171 0.230971 0.149606
3 0.609580 0.320866 0.108924 0.137795
4 0.579396 0.458005 0.085302 0.102362
17 0.600394 0.354331 0.227034 0.246719
2 0.611549 0.363517 0.262467 0.280840
13 0.555118 0.539370 0.081365 0.049869
5 0.558399 0.539370 0.116798 0.062992
6 0.622703 0.536089 0.111549 0.111549
7 0.643045 0.650919 0.115486 0.104987
7 0.537402 0.626640 0.093176 0.085302
15 0.491470 0.662730 0.174541 0.110236
15 0.588583 0.706693 0.234908 0.108924
8 0.618766 0.745407 0.227034 0.057743
8 0.485564 0.689633 0.199475 0.048556
0 0.571522 0.415354 0.444882 0.765092