0 0.535433 0.507218 0.735783 0.985564
12 0.445319 0.173885 0.112861 0.053806
10 0.405512 0.085958 0.164479 0.116798
1 0.417760 0.169291 0.209974 0.293963
18 0.429134 0.545932 0.232721 0.412073
2 0.431759 0.541339 0.258968 0.447507
3 0.591864 0.416667 0.113736 0.229659
3 0.284777 0.460630 0.092738 0.167979
4 0.248031 0.435696 0.052493 0.160105
4 0.700350 0.419291 0.111986 0.266404
14 0.749344 0.222441 0.073491 0.114173
14 0.265529 0.310367 0.071741 0.082677
5 0.264217 0.307087 0.086614 0.102362
5 0.754593 0.225066 0.083990 0.143045
6 0.539370 0.873360 0.274716 0.182415
6 0.357393 0.852362 0.083990 0.164042