14 0.360113 0.584646 0.048237 0.077428
0 0.274163 0.428478 0.442903 0.851706
14 0.183829 0.138451 0.067532 0.095801
12 0.274163 0.108924 0.078056 0.036745
10 0.289512 0.072178 0.092966 0.041995
1 0.282495 0.137795 0.117523 0.196850
18 0.275041 0.364829 0.169268 0.280840
2 0.275041 0.365486 0.190317 0.311024
3 0.383793 0.339239 0.053499 0.179790
3 0.139977 0.283465 0.128924 0.083990
4 0.122436 0.223097 0.083318 0.183727
4 0.385108 0.494094 0.050868 0.127297
5 0.362744 0.584646 0.064024 0.087927
5 0.182952 0.141076 0.085072 0.119423
6 0.198738 0.650919 0.192071 0.251969
6 0.380723 0.629265 0.182423 0.211286
15 0.176374 0.785433 0.063147 0.074803
8 0.177690 0.783465 0.079810 0.097113