0 0.150651 0.456037 0.301302 0.733596
0 0.435226 0.532808 0.302860 0.900262
0 0.814336 0.527559 0.371328 0.889764
0 0.644427 0.437664 0.197822 0.688976
12 0.220774 0.165354 0.040265 0.023622
12 0.681628 0.164042 0.055145 0.034121
12 0.538076 0.161417 0.032387 0.026247
10 0.525822 0.118110 0.063898 0.049869
10 0.769598 0.160105 0.066524 0.052493
10 0.686443 0.118110 0.049018 0.041995
10 0.455796 0.133858 0.058646 0.047244
10 0.211583 0.135827 0.070901 0.038058
1 0.207206 0.160105 0.084906 0.120735
1 0.682066 0.157480 0.073527 0.141732
1 0.776163 0.180446 0.098911 0.119423
1 0.531074 0.148294 0.088407 0.133858
1 0.452733 0.164042 0.078779 0.144357
18 0.458422 0.372703 0.133924 0.259843
18 0.776163 0.375328 0.125170 0.241470
18 0.670249 0.327428 0.105913 0.219160
18 0.191013 0.354331 0.082280 0.209974
14 0.250972 0.442257 0.039389 0.047244
14 0.292987 0.494094 0.058646 0.048556
14 0.627359 0.403543 0.041140 0.043307
14 0.572651 0.305774 0.029761 0.047244
14 0.973985 0.354987 0.046392 0.098425
5 0.968829 0.355643 0.062341 0.118110
5 0.628672 0.404199 0.054270 0.057743
5 0.573964 0.304462 0.037639 0.070866
5 0.294738 0.495407 0.074402 0.059055
5 0.251410 0.441601 0.050768 0.074803
2 0.779664 0.374672 0.140926 0.266404
2 0.671562 0.329396 0.124295 0.238845
2 0.458860 0.373360 0.148804 0.274278
2 0.188387 0.354331 0.096285 0.230971
6 0.171756 0.545276 0.066524 0.140420
6 0.248346 0.530840 0.076153 0.114173
6 0.463674 0.624672 0.060397 0.228346
6 0.419471 0.593832 0.066524 0.137795
6 0.747715 0.593832 0.064774 0.177165
6 0.809863 0.609580 0.063023 0.195538
6 0.640051 0.535433 0.084031 0.191601
14 0.629109 0.489501 0.030636 0.089239
5 0.631735 0.494751 0.046392 0.104987
4 0.931969 0.335302 0.063898 0.061680
4 0.619043 0.345144 0.052519 0.052493
4 0.333690 0.390420 0.078779 0.153543
4 0.196265 0.406824 0.056020 0.078740
3 0.180509 0.311680 0.047267 0.101050
3 0.369578 0.308399 0.059522 0.118110
3 0.682504 0.325459 0.076153 0.076115
3 0.608977 0.267717 0.034137 0.102362
3 0.550768 0.325459 0.061272 0.139108
3 0.864132 0.312336 0.061272 0.078740
7 0.810738 0.787402 0.054270 0.175853
7 0.725394 0.753937 0.056896 0.150919
7 0.601099 0.660761 0.056896 0.093176
7 0.532387 0.687008 0.052519 0.150919
7 0.431288 0.766404 0.098911 0.089239
7 0.478555 0.800525 0.051644 0.107612
7 0.398901 0.652231 0.063898 0.049869
7 0.260601 0.645013 0.034137 0.127297
7 0.104356 0.603018 0.099786 0.077428
15 0.029954 0.601706 0.057771 0.098425
15 0.271542 0.732940 0.084031 0.048556
15 0.352071 0.695538 0.047267 0.128609
15 0.512254 0.882546 0.066524 0.095801
15 0.352509 0.856955 0.051644 0.146982
15 0.574840 0.792651 0.098911 0.039370
15 0.729333 0.863517 0.057771 0.065617
15 0.804173 0.899606 0.056896 0.048556
15 0.783165 0.796588 0.037639 0.070866
15 0.677252 0.634514 0.034137 0.080052
15 0.568712 0.723753 0.037639 0.090551
8 0.580967 0.797244 0.121669 0.069554
8 0.568275 0.721785 0.052519 0.104987
8 0.678127 0.637795 0.051644 0.094488
8 0.728896 0.864173 0.072651 0.077428
8 0.808550 0.903543 0.079654 0.053806
8 0.782290 0.795276 0.049893 0.094488
8 0.515318 0.883202 0.083155 0.118110
8 0.352509 0.858924 0.069150 0.166667
8 0.348132 0.696850 0.060397 0.154856
8 0.268478 0.732940 0.097160 0.066929
8 0.035109 0.600394 0.070218 0.122047