0 0.574803 0.570866 0.425197 0.855643
0 0.826772 0.360892 0.320866 0.721784
10 0.583661 0.221785 0.188976 0.104987
10 0.833661 0.060367 0.155512 0.120734
12 0.580217 0.303806 0.146654 0.061680
12 0.874016 0.165354 0.045276 0.060367
1 0.583661 0.326115 0.218504 0.337270
1 0.829232 0.126640 0.193898 0.253280
3 0.811516 0.455381 0.101378 0.367454
3 0.728839 0.702756 0.136811 0.332021
5 0.503445 0.788058 0.101378 0.158793
5 0.402559 0.639108 0.102362 0.128609
5 0.911417 0.459974 0.078740 0.098425
5 0.966535 0.465223 0.053150 0.119423
14 0.500984 0.798556 0.100394 0.161417
14 0.410925 0.643701 0.091535 0.122047
13 0.914862 0.454068 0.077756 0.112861
13 0.975886 0.471129 0.042323 0.115486
18 0.566929 0.744751 0.208661 0.476378
18 0.726378 0.462598 0.059055 0.397638
2 0.573327 0.743438 0.247047 0.497375
2 0.737697 0.447507 0.077756 0.406824
4 0.670276 0.883202 0.220472 0.199475
4 0.880413 0.538058 0.060039 0.175853
6 0.833169 0.767060 0.113189 0.242782
7 0.825787 0.942913 0.076772 0.114173