0 0.527069 0.495690 0.546552 0.836207
1 0.656379 0.173276 0.236207 0.177586
9 0.651207 0.154310 0.198276 0.115517
11 0.602931 0.172414 0.105172 0.041379
2 0.612414 0.404310 0.334483 0.287931
17 0.595172 0.403448 0.282759 0.265517
3 0.718448 0.387931 0.143103 0.141379
3 0.481379 0.328448 0.031034 0.063793
4 0.657241 0.513793 0.172414 0.117241
4 0.426207 0.447414 0.058621 0.070690
5 0.572759 0.609483 0.124138 0.087931
5 0.414138 0.517241 0.068966 0.082759
13 0.571034 0.611207 0.106897 0.077586
13 0.414138 0.518103 0.055172 0.067241
6 0.571897 0.621552 0.132759 0.139655
6 0.469310 0.605172 0.100000 0.110345
7 0.559828 0.763793 0.156897 0.148276
7 0.452931 0.696552 0.101724 0.110345
8 0.479655 0.872414 0.200000 0.065517
8 0.405517 0.781897 0.182759 0.063793
15 0.502069 0.832759 0.234483 0.141379
15 0.413276 0.747414 0.194828 0.139655