0 0.458430 0.377983 0.344111 0.517321
1 0.510048 0.188607 0.137879 0.124711
2 0.478060 0.304080 0.193995 0.157044
3 0.362587 0.255581 0.083141 0.078522
3 0.586281 0.287063 0.063207 0.086301
4 0.346218 0.321097 0.059560 0.037681
4 0.578988 0.355739 0.036465 0.046189
5 0.577772 0.421377 0.053482 0.080224
5 0.335278 0.380657 0.066853 0.066853
6 0.499980 0.429278 0.075362 0.076577
6 0.396661 0.411653 0.082655 0.065638
7 0.479316 0.491876 0.068069 0.041327
8 0.473239 0.568453 0.089948 0.109396
8 0.372959 0.534419 0.079008 0.077793
7 0.379644 0.468174 0.068069 0.035250
9 0.513958 0.158219 0.120335 0.054698
11 0.534014 0.191038 0.089948 0.018233
13 0.338925 0.383696 0.061991 0.048620
13 0.580811 0.425023 0.052267 0.053482
15 0.375390 0.531380 0.061991 0.059560
15 0.470807 0.563591 0.080224 0.097241
17 0.489648 0.298610 0.188404 0.160447