0 0.464973 0.491917 0.503464 0.757506
1 0.587375 0.234411 0.203233 0.159353
2 0.493841 0.369515 0.348730 0.235566
3 0.382987 0.292148 0.108545 0.122402
3 0.670516 0.427252 0.064665 0.129330
4 0.320631 0.370670 0.103926 0.053118
4 0.637028 0.510393 0.053118 0.046189
5 0.598922 0.586605 0.096998 0.096998
5 0.273287 0.474596 0.092379 0.131640
6 0.494996 0.572748 0.101617 0.133949
6 0.362202 0.531178 0.113164 0.073903
7 0.451116 0.660508 0.087760 0.073903
7 0.316012 0.581986 0.080831 0.050808
8 0.387606 0.757506 0.085450 0.180139
8 0.270978 0.673210 0.092379 0.099307
15 0.385296 0.750577 0.053118 0.166282
15 0.261740 0.667436 0.069284 0.073903
13 0.594303 0.581986 0.069284 0.078522
13 0.270978 0.458430 0.078522 0.085450
9 0.602386 0.228637 0.117783 0.092379
11 0.593098 0.265087 0.092379 0.060247
17 0.511263 0.389095 0.326338 0.282157