0 0.467282 0.481524 0.545035 0.935335
1 0.387606 0.112009 0.251732 0.205543
2 0.430331 0.329099 0.383372 0.297921
3 0.267513 0.354503 0.127021 0.177829
3 0.617398 0.270208 0.133949 0.193995
4 0.268668 0.498845 0.073903 0.092379
4 0.647421 0.416859 0.064665 0.080831
5 0.643957 0.526559 0.127021 0.115473
5 0.307929 0.606236 0.124711 0.113164
13 0.321786 0.601617 0.106236 0.103926
13 0.642802 0.528868 0.087760 0.083141
6 0.540031 0.561201 0.085450 0.138568
6 0.440724 0.598152 0.108545 0.138568
7 0.611624 0.653580 0.122402 0.110855
7 0.441878 0.706697 0.101617 0.073903
8 0.627791 0.799076 0.131640 0.175520
8 0.463818 0.840647 0.150115 0.180139
15 0.470747 0.836028 0.140878 0.170901
15 0.626636 0.789838 0.124711 0.152425
9 0.385296 0.072748 0.200924 0.122402
11 0.378368 0.137413 0.163972 0.048499
17 0.443033 0.355658 0.390300 0.346420