0 0.439138 0.500000 0.346552 1.000000
1 0.555517 0.105172 0.103448 0.210344
9 0.554655 0.044828 0.101724 0.089655
11 0.558103 0.118103 0.084483 0.043103
2 0.483103 0.397414 0.165517 0.394828
17 0.483103 0.402586 0.137931 0.356897
3 0.435690 0.312069 0.084483 0.158621
4 0.364138 0.416379 0.110345 0.136207
4 0.548621 0.418103 0.037931 0.112069
5 0.569310 0.516379 0.051724 0.101724
5 0.306379 0.536207 0.070690 0.096552
13 0.305517 0.536207 0.058621 0.106897
13 0.569310 0.520690 0.034483 0.103448
6 0.417586 0.664655 0.075862 0.187931
6 0.377069 0.705172 0.067241 0.127586
7 0.417586 0.829310 0.058621 0.141379
7 0.345172 0.798276 0.068966 0.079310
8 0.411552 0.948276 0.070690 0.103448
8 0.333103 0.880172 0.096552 0.084483
15 0.334828 0.881034 0.096552 0.079310
15 0.409828 0.952586 0.060345 0.094828