0 0.532241 0.518966 0.453448 0.962068
15 0.483965 0.948276 0.101724 0.103448
1 0.495172 0.148276 0.196552 0.210345
9 0.495172 0.106897 0.175862 0.117241
2 0.503793 0.461207 0.317241 0.384483
17 0.513276 0.461207 0.281034 0.329310
3 0.676207 0.388793 0.051724 0.170690
3 0.345172 0.402586 0.041379 0.153448
4 0.345172 0.537931 0.055172 0.110345
4 0.686552 0.526724 0.062069 0.101724
5 0.693448 0.625000 0.068966 0.087931
5 0.374483 0.642241 0.072414 0.070690
13 0.696034 0.617241 0.070690 0.103448
13 0.369310 0.637069 0.075862 0.091379
6 0.478793 0.730172 0.118966 0.174138
6 0.600345 0.723276 0.110345 0.170690
7 0.608965 0.904310 0.103448 0.184483
7 0.499483 0.904310 0.077586 0.174138
8 0.467586 0.962069 0.041379 0.075862