0 0.453811 0.521940 0.311778 0.946882
1 0.435335 0.175520 0.085450 0.230947
2 0.444298 0.440174 0.126471 0.297482
4 0.524579 0.264123 0.048389 0.115473
4 0.353569 0.283918 0.058287 0.115473
5 0.488838 0.149566 0.056087 0.103376
5 0.405807 0.166612 0.061586 0.102276
6 0.503684 0.692841 0.072583 0.186957
6 0.430551 0.701639 0.067085 0.186957
7 0.519630 0.835808 0.049489 0.092379
7 0.455295 0.841856 0.054987 0.082481
8 0.537776 0.941933 0.083581 0.100077
8 0.445947 0.934235 0.075883 0.095678
9 0.442098 0.134719 0.076982 0.139668
11 0.443198 0.244144 0.043990 0.035192
14 0.483339 0.149016 0.047289 0.089080
14 0.404157 0.160563 0.045090 0.081381
15 0.541076 0.949082 0.063785 0.083581
15 0.442098 0.932586 0.054987 0.090179
17 0.442263 0.438799 0.122402 0.290993