0 0.220961 0.517060 0.412318 0.832021
0 0.677207 0.513123 0.414315 0.902887
0 0.780037 0.475722 0.342434 0.914698
10 0.194006 0.136483 0.090850 0.044619
10 0.694179 0.208005 0.074876 0.074803
10 0.680202 0.074147 0.088853 0.069554
12 0.680202 0.129265 0.080866 0.043307
12 0.682199 0.265748 0.072880 0.043307
12 0.191011 0.181759 0.070883 0.027559
1 0.193008 0.180446 0.110817 0.137795
1 0.690186 0.241470 0.094843 0.152231
1 0.677706 0.106299 0.109818 0.133858
14 0.497005 0.234252 0.031947 0.059055
14 0.388684 0.517717 0.040932 0.080052
14 0.046250 0.368766 0.046922 0.068241
14 0.836444 0.438976 0.039934 0.069554
14 0.568886 0.173885 0.053911 0.030184
5 0.494509 0.234908 0.050916 0.078740
5 0.566390 0.173228 0.068886 0.044619
5 0.838440 0.438976 0.053911 0.080052
5 0.388684 0.516404 0.060899 0.101050
5 0.048247 0.372047 0.064893 0.082677
4 0.087183 0.412073 0.046922 0.068241
4 0.350248 0.436352 0.079868 0.098425
4 0.807991 0.358268 0.070883 0.086614
4 0.524460 0.202100 0.058903 0.044619
4 0.633779 0.188976 0.091848 0.057743
3 0.124121 0.347769 0.056906 0.139108
3 0.307319 0.323491 0.069884 0.145669
3 0.780037 0.272310 0.052913 0.085302
3 0.749587 0.194226 0.057904 0.070866
3 0.596341 0.238845 0.076873 0.112861
18 0.664728 0.365486 0.147756 0.192913
18 0.213474 0.368766 0.153746 0.220472
18 0.753581 0.399606 0.057904 0.140420
18 0.560400 0.385827 0.050916 0.157480
2 0.561398 0.385171 0.068886 0.185039
2 0.662731 0.368766 0.153746 0.225722
2 0.749587 0.404199 0.081865 0.170604
2 0.213474 0.372047 0.171716 0.245407
6 0.174039 0.569554 0.064893 0.149606
6 0.273375 0.573491 0.125792 0.162730
6 0.639270 0.536089 0.106823 0.116798
6 0.736609 0.570866 0.133779 0.165354
6 0.791019 0.560367 0.080866 0.144357
6 0.539435 0.532152 0.026955 0.098425
6 0.569884 0.535433 0.023960 0.099738
7 0.323292 0.759843 0.087855 0.194226
7 0.178532 0.752625 0.067888 0.200787
7 0.687190 0.729003 0.068886 0.203412
7 0.635776 0.696194 0.029950 0.066929
7 0.746592 0.688320 0.091848 0.093176
7 0.853416 0.762467 0.113812 0.230971
15 0.720136 0.883858 0.068886 0.077428
15 0.914814 0.888451 0.060899 0.070866
15 0.641766 0.900919 0.101832 0.061680
15 0.642764 0.800525 0.065891 0.141732
15 0.363725 0.896325 0.058903 0.065617
15 0.195503 0.891732 0.067888 0.072178
8 0.201993 0.894357 0.092846 0.095801
8 0.364724 0.893701 0.080866 0.076115
8 0.643263 0.899606 0.126790 0.082677
8 0.723630 0.883202 0.093845 0.091864
8 0.641266 0.797900 0.088853 0.160105
8 0.913816 0.887139 0.080866 0.089239
7 0.565392 0.633202 0.034942 0.093176
7 0.537438 0.641076 0.040932 0.106299
0 0.547422 0.480315 0.098837 0.522310