7 0.545690 0.962069 0.122414 0.075862
7 0.697414 0.955172 0.091379 0.089655
0 0.625000 0.510345 0.532759 0.979310
1 0.644828 0.149138 0.231034 0.250000
9 0.643448 0.082759 0.203448 0.110345
12 0.636552 0.155172 0.127586 0.041379
2 0.637414 0.488793 0.332759 0.467241
17 0.637414 0.487069 0.336207 0.463793
3 0.425345 0.405172 0.087931 0.155172
3 0.818448 0.411207 0.087931 0.170690
4 0.452069 0.554310 0.117241 0.129310
4 0.833103 0.575000 0.068966 0.150000
5 0.556379 0.615517 0.105172 0.079310
14 0.552931 0.617241 0.108621 0.075862
6 0.560690 0.818103 0.137931 0.201724
6 0.706379 0.818103 0.118966 0.181034