0 0.212458 0.596457 0.161934 0.709974
0 0.420784 0.482283 0.121669 0.654856
0 0.587532 0.566929 0.197822 0.703412
0 0.812926 0.618110 0.217954 0.674541
10 0.211081 0.272528 0.072943 0.051619
10 0.445666 0.211286 0.056604 0.041120
10 0.574338 0.272528 0.056020 0.034121
10 0.789666 0.323710 0.063023 0.050744
11 0.578714 0.299213 0.046100 0.013998
11 0.790249 0.357830 0.056020 0.022747
11 0.455878 0.243657 0.046684 0.025372
11 0.207871 0.305337 0.049018 0.022747
1 0.455003 0.239283 0.074110 0.114611
1 0.784706 0.345144 0.075277 0.116360
1 0.574629 0.297025 0.076444 0.111111
1 0.203203 0.303587 0.082863 0.127734
3 0.174025 0.428696 0.058355 0.097988
3 0.528237 0.417760 0.032679 0.098863
3 0.650782 0.406387 0.044349 0.100612
3 0.385852 0.309711 0.045517 0.045494
3 0.722558 0.456255 0.039681 0.109361
3 0.848020 0.425634 0.043182 0.062117
4 0.718765 0.557743 0.042599 0.079615
4 0.890619 0.395451 0.044349 0.062992
4 0.682293 0.409011 0.024509 0.095363
4 0.501103 0.412511 0.019257 0.107612
4 0.377391 0.275591 0.042599 0.083990
4 0.227420 0.434383 0.050768 0.065617
14 0.267684 0.405074 0.036763 0.040245
14 0.411820 0.215223 0.023925 0.048994
14 0.511898 0.314961 0.036180 0.075241
14 0.518901 0.524059 0.022175 0.069991
14 0.691922 0.328959 0.035596 0.064742
14 0.727518 0.623360 0.032095 0.046369
14 0.905499 0.342957 0.036763 0.043745
5 0.905791 0.344707 0.047851 0.057743
5 0.728102 0.624672 0.046100 0.062992
5 0.690755 0.331146 0.046100 0.077865
5 0.518025 0.524497 0.040265 0.086614
5 0.513941 0.314523 0.058938 0.083115
5 0.413571 0.219160 0.037930 0.069116
5 0.267684 0.405949 0.043766 0.055993
18 0.204078 0.461505 0.109123 0.224847
18 0.437204 0.391514 0.115542 0.217848
18 0.601181 0.456693 0.105038 0.213473
18 0.777995 0.489939 0.103871 0.187227
2 0.779745 0.489501 0.108539 0.212598
2 0.604390 0.458005 0.107956 0.235346
2 0.436037 0.395013 0.112041 0.231846
2 0.207871 0.472441 0.121377 0.257218
6 0.242300 0.674978 0.059522 0.137358
6 0.182487 0.672353 0.046100 0.128609
6 0.398982 0.572616 0.060105 0.125109
6 0.466673 0.579178 0.067108 0.132983
6 0.579006 0.648294 0.047851 0.122485
6 0.631233 0.646982 0.054270 0.123360
6 0.761364 0.661855 0.054270 0.125109
6 0.808047 0.662292 0.050768 0.134733
7 0.804838 0.789589 0.038514 0.123360
7 0.759905 0.794401 0.038514 0.111986
7 0.644071 0.773841 0.049601 0.132108
7 0.589510 0.772966 0.040848 0.121610
7 0.461130 0.694226 0.046684 0.109361
7 0.393438 0.701662 0.063023 0.127734
7 0.242592 0.805337 0.053103 0.116360
7 0.188906 0.809274 0.047267 0.141732
15 0.192407 0.916885 0.047267 0.048994
15 0.261557 0.902450 0.070025 0.051619
15 0.459963 0.782152 0.043182 0.048994
15 0.384685 0.794401 0.045517 0.034996
15 0.660702 0.895013 0.051352 0.050744
15 0.608767 0.889764 0.029177 0.043745
15 0.760780 0.887139 0.027427 0.057743
15 0.792875 0.882327 0.026260 0.055118
8 0.796668 0.884952 0.039681 0.074366
8 0.758738 0.891076 0.036180 0.070866
8 0.665954 0.889764 0.066524 0.071741
8 0.607308 0.886702 0.039098 0.081365
8 0.458796 0.783027 0.057187 0.048994
8 0.388770 0.793963 0.068858 0.041120
8 0.260390 0.896325 0.084031 0.070866
8 0.192991 0.910324 0.069442 0.053368