0 0.526724 0.496552 0.705172 0.241379
6 0.653448 0.479310 0.131034 0.075862
6 0.635345 0.542241 0.118966 0.043103
1 0.249138 0.496552 0.129310 0.137931
9 0.223276 0.499138 0.067241 0.115517
2 0.434483 0.511207 0.251724 0.184483
17 0.446552 0.513793 0.231034 0.148276
3 0.411207 0.491379 0.105172 0.079310
4 0.510345 0.463793 0.086207 0.079310
5 0.598276 0.429310 0.068966 0.072414
13 0.593103 0.430172 0.072414 0.081034
7 0.773276 0.494828 0.105172 0.086207
7 0.757759 0.555172 0.118966 0.048276
8 0.849138 0.473276 0.036207 0.132759
15 0.840517 0.479310 0.050000 0.131034