0 0.573621 0.571552 0.415517 0.794828
15 0.528793 0.904310 0.163793 0.084483
15 0.679655 0.855172 0.148276 0.079310
1 0.578793 0.273276 0.170690 0.167241
9 0.583965 0.233621 0.146552 0.074138
12 0.555517 0.266379 0.062069 0.029310
2 0.600345 0.472414 0.196552 0.296552
17 0.597759 0.478448 0.170690 0.246552
3 0.656379 0.420690 0.070690 0.124138
4 0.654655 0.545690 0.056897 0.118966
4 0.493448 0.525000 0.034483 0.043103
5 0.471034 0.587069 0.051724 0.074138
5 0.657241 0.649138 0.068966 0.070690
13 0.661552 0.648276 0.084483 0.082759
13 0.469310 0.585345 0.062069 0.077586
6 0.565862 0.687069 0.096552 0.143103
7 0.670172 0.763793 0.101724 0.117241
7 0.568448 0.811207 0.091379 0.091379
8 0.527069 0.906897 0.125862 0.048276
8 0.682241 0.856034 0.122414 0.046552