0 0.445343 0.531178 0.367206 0.928406
1 0.464973 0.180139 0.133949 0.207852
2 0.440724 0.442263 0.200924 0.325635
3 0.369130 0.366051 0.053118 0.159353
3 0.520400 0.354503 0.036952 0.140878
4 0.331024 0.505774 0.073903 0.110855
4 0.527329 0.489607 0.046189 0.078522
5 0.301001 0.640878 0.064665 0.122402
5 0.527329 0.588915 0.055427 0.092379
13 0.295227 0.642032 0.048499 0.115473
13 0.520400 0.586605 0.032333 0.069284
6 0.496151 0.695150 0.076212 0.193995
6 0.397998 0.704388 0.073903 0.184758
7 0.490377 0.869515 0.055427 0.140878
7 0.385296 0.851039 0.062356 0.099307
8 0.367975 0.956120 0.096998 0.087760
8 0.514627 0.967667 0.085450 0.046189
15 0.365666 0.954965 0.073903 0.053118
15 0.508853 0.965358 0.069284 0.032333
9 0.481139 0.159353 0.087760 0.147806
11 0.468437 0.226328 0.043880 0.060046
17 0.448807 0.441109 0.161663 0.323326