10 0.362978 0.135827 0.111713 0.119423
10 0.718189 0.129265 0.136150 0.124672
12 0.690261 0.194226 0.082039 0.052493
12 0.328940 0.191601 0.055856 0.047244
12 0.343341 0.173228 0.133531 0.233596
12 0.701606 0.185696 0.150114 0.274278
12 0.077150 0.286745 0.103858 0.200787
18 0.342468 0.519685 0.145750 0.396325
18 0.681969 0.633858 0.226043 0.538058
2 0.331122 0.530184 0.191133 0.469816
4 0.187117 0.366142 0.058475 0.173228
4 0.853902 0.670604 0.142259 0.160105
3 0.861320 0.442257 0.122186 0.265092
2 0.693752 0.633202 0.246117 0.581365
4 0.527928 0.414698 0.089021 0.175853
3 0.452871 0.452100 0.068075 0.311024
4 0.428434 0.575459 0.136150 0.161417
14 0.591639 0.272310 0.064584 0.106299
14 0.757026 0.662730 0.072439 0.091864
14 0.335486 0.532152 0.054984 0.098425
14 0.244283 0.240157 0.052365 0.091864
5 0.245592 0.236220 0.060220 0.131234
5 0.753972 0.664042 0.083784 0.118110
5 0.335922 0.530184 0.069820 0.133858
5 0.585530 0.278215 0.075057 0.139108
0 0.735207 0.507874 0.484379 0.984252
0 0.354250 0.523622 0.403213 0.952756
6 0.328067 0.847113 0.094258 0.274278