0 0.453426 0.428406 0.545035 0.769053
1 0.351809 0.127021 0.166282 0.147806
9 0.358737 0.091224 0.124711 0.053118
12 0.371440 0.145497 0.080831 0.036952
2 0.352964 0.333718 0.219400 0.233256
3 0.280216 0.299076 0.092379 0.113164
4 0.292918 0.393764 0.085450 0.048499
5 0.341416 0.519630 0.145497 0.129330
13 0.335643 0.521940 0.087760 0.078522
3 0.452271 0.292148 0.071594 0.113164
4 0.503079 0.406467 0.080831 0.073903
5 0.497306 0.508083 0.106236 0.096998
13 0.484603 0.502309 0.071594 0.071594
6 0.492687 0.621247 0.138568 0.120092
8 0.576982 0.734411 0.284065 0.120092
15 0.600077 0.728637 0.191686 0.090069
7 0.610470 0.449192 0.115473 0.094688
17 0.354119 0.316397 0.161663 0.175520