0 0.451501 0.510778 0.205543 0.824480
1 0.481314 0.199489 0.112324 0.174190
2 0.458430 0.418399 0.145497 0.316397
3 0.526559 0.364126 0.046189 0.138568
3 0.397229 0.322556 0.046189 0.120092
4 0.387991 0.431101 0.050808 0.078522
5 0.377598 0.507313 0.062356 0.064665
13 0.374764 0.510883 0.029393 0.056687
6 0.470817 0.654175 0.051438 0.154315
6 0.418329 0.655749 0.045140 0.153265
7 0.458220 0.785394 0.051438 0.106026
7 0.425152 0.759675 0.014697 0.050388
8 0.456645 0.879873 0.096578 0.078732
15 0.460319 0.884072 0.080831 0.061936
9 0.486563 0.161138 0.076632 0.091329
11 0.508608 0.216250 0.051438 0.023095
17 0.460319 0.420428 0.122822 0.313878