0 0.684792 0.543425 0.237245 0.577367
1 0.623906 0.330324 0.111274 0.146966
2 0.672195 0.518231 0.161663 0.275037
3 0.740430 0.448947 0.079782 0.132270
4 0.708937 0.537126 0.151165 0.044090
5 0.590314 0.535027 0.073483 0.039891
6 0.687942 0.743929 0.117573 0.159563
6 0.605011 0.741829 0.039891 0.155364
9 0.610260 0.304080 0.096578 0.086080
12 0.609854 0.357506 0.052656 0.029561
14 0.588674 0.535147 0.060624 0.031033
17 0.659401 0.511932 0.137125 0.262702
0 0.506543 0.579677 0.198614 0.508083
1 0.545804 0.390300 0.073903 0.120092
2 0.536567 0.578522 0.115473 0.237875
3 0.500770 0.512702 0.039261 0.115473
4 0.456890 0.565820 0.034642 0.073903
5 0.444188 0.472286 0.055427 0.099307
6 0.521555 0.766744 0.085450 0.124711
9 0.545804 0.366051 0.055427 0.062356
12 0.551578 0.405312 0.043880 0.030023
14 0.441686 0.477675 0.056582 0.073903
17 0.546189 0.576982 0.083141 0.233256