0 0.466513 0.516166 0.503464 0.939954
1 0.642032 0.147806 0.138568 0.189376
2 0.580831 0.400693 0.237875 0.316397
3 0.500000 0.321016 0.080831 0.115473
4 0.430716 0.422633 0.062356 0.092379
5 0.371824 0.526559 0.092379 0.101617
3 0.631640 0.307159 0.039261 0.120092
4 0.617783 0.415704 0.053118 0.069284
5 0.616628 0.504619 0.073903 0.085450
6 0.413395 0.629330 0.101617 0.131640
7 0.367206 0.777136 0.073903 0.122402
8 0.327945 0.915704 0.087760 0.122402
9 0.653580 0.122402 0.110855 0.110855
11 0.622402 0.192841 0.053118 0.048499
13 0.377598 0.527714 0.076212 0.053118
13 0.618938 0.500000 0.050808 0.057737
15 0.319861 0.919169 0.053118 0.087760
17 0.556582 0.393764 0.207852 0.284065