6 0.646104 0.652793 0.090909 0.249772
6 0.720779 0.666747 0.061688 0.269307
4 0.779627 0.523024 0.056006 0.138142
4 0.577516 0.469302 0.052760 0.133956
3 0.589692 0.316508 0.059253 0.166050
3 0.762987 0.360463 0.038961 0.173026
18 0.681006 0.376509 0.126623 0.319541
12 0.689123 0.123249 0.051948 0.027907
10 0.692370 0.084178 0.066558 0.055815
1 0.691153 0.126737 0.083604 0.171631
2 0.681818 0.374416 0.137987 0.346053
7 0.720779 0.905356 0.063312 0.182794
7 0.617289 0.889537 0.075487 0.220925
14 0.594562 0.580234 0.064123 0.073955
14 0.787744 0.627677 0.034903 0.068373
5 0.789367 0.629770 0.049513 0.083722
5 0.592127 0.578839 0.073864 0.099072
0 0.683847 0.509298 0.293019 0.981404