0 0.179310 0.562931 0.224138 0.598276
15 0.122414 0.806897 0.034483 0.086207
15 0.251724 0.837931 0.072414 0.020690
15 0.357759 0.925862 0.039655 0.037931
15 0.418103 0.931034 0.046552 0.041379
15 0.602586 0.917241 0.081034 0.037931
15 0.685345 0.906034 0.067241 0.029310
0 0.387931 0.634483 0.193103 0.651724
0 0.594828 0.576724 0.120690 0.729310
0 0.712069 0.615517 0.100000 0.665517
1 0.693966 0.349138 0.087931 0.129310
1 0.583621 0.300000 0.087931 0.117241
1 0.403448 0.352586 0.086207 0.101724
1 0.215517 0.312069 0.089655 0.100000
9 0.224138 0.304310 0.065517 0.074138
9 0.599138 0.271552 0.074138 0.060345
9 0.689655 0.322414 0.065517 0.065517
9 0.408621 0.336207 0.068966 0.079310
12 0.568966 0.294828 0.024138 0.017241
12 0.673276 0.349138 0.018966 0.029310
2 0.713793 0.525862 0.103448 0.265517
2 0.196552 0.490517 0.089655 0.215517
2 0.394828 0.547414 0.110345 0.281034
2 0.606034 0.472414 0.081034 0.268966
17 0.703448 0.521552 0.072414 0.232759
17 0.601724 0.468103 0.075862 0.246552
17 0.403448 0.541379 0.093103 0.251724
18 0.207759 0.488793 0.084483 0.212069
6 0.181034 0.648276 0.051724 0.096552
6 0.227586 0.649138 0.051724 0.094828
6 0.371552 0.725000 0.032759 0.084483
6 0.417241 0.720690 0.044828 0.103448
6 0.608621 0.663793 0.068966 0.155172
6 0.694828 0.697414 0.062069 0.105172
7 0.701724 0.820690 0.048276 0.124138
7 0.606034 0.820690 0.060345 0.151724
7 0.421552 0.844828 0.036207 0.131034
7 0.367241 0.837931 0.027586 0.144828
7 0.241379 0.759483 0.044828 0.118966
7 0.157759 0.753448 0.056897 0.110345
8 0.122414 0.808621 0.024138 0.072414
8 0.247414 0.837069 0.053448 0.025862
8 0.361207 0.929310 0.036207 0.034483
8 0.418966 0.931897 0.034483 0.029310
8 0.598276 0.916379 0.075862 0.029310
8 0.688793 0.905172 0.067241 0.031034
3 0.233621 0.472414 0.039655 0.113793
3 0.697414 0.483621 0.043103 0.115517
3 0.596552 0.418966 0.051724 0.124138
3 0.352586 0.487069 0.036207 0.081034
4 0.315517 0.592241 0.034483 0.091379
4 0.629310 0.513793 0.048276 0.058621
4 0.687931 0.591379 0.031034 0.096552