0 0.551963 0.480370 0.711316 0.919169
1 0.412240 0.130485 0.288684 0.196305
2 0.500000 0.375289 0.436490 0.265589
3 0.339492 0.381062 0.212471 0.166282
4 0.453811 0.525404 0.131640 0.099307
5 0.554994 0.646892 0.122691 0.137125
13 0.561490 0.646892 0.069284 0.105370
6 0.673355 0.593004 0.079388 0.137125
6 0.480658 0.644246 0.034642 0.106813
7 0.526848 0.765493 0.103926 0.086605
8 0.641599 0.874471 0.267032 0.111143
8 0.746247 0.761162 0.242494 0.121247
15 0.642321 0.881688 0.230947 0.088048
15 0.752021 0.772710 0.219400 0.083718
9 0.417148 0.090935 0.277136 0.109700
11 0.456120 0.129908 0.193418 0.083718
17 0.513135 0.386114 0.382506 0.310335