0 0.399538 0.510778 0.295612 0.644342
1 0.393764 0.275212 0.122402 0.122402
2 0.391455 0.412625 0.154734 0.175520
3 0.458430 0.379138 0.048499 0.066975
4 0.501155 0.350269 0.027714 0.083141
3 0.300231 0.319092 0.069284 0.053118
4 0.287529 0.262510 0.043880 0.064665
5 0.354711 0.214218 0.069284 0.050631
5 0.523035 0.287943 0.054184 0.048854
6 0.365370 0.581068 0.072837 0.162551
6 0.432877 0.583289 0.044413 0.158110
7 0.346716 0.728223 0.078167 0.123468
7 0.420442 0.720673 0.046189 0.099485
8 0.344940 0.814384 0.092379 0.038195
8 0.417777 0.781962 0.056848 0.015989
9 0.397172 0.255325 0.106064 0.045334
12 0.428392 0.288256 0.028227 0.017107
14 0.522909 0.281841 0.046189 0.033359
14 0.355687 0.204858 0.053888 0.036780
15 0.346278 0.820432 0.084681 0.019673
15 0.416016 0.780018 0.045565 0.012484
17 0.387111 0.405257 0.134169 0.174860
0 0.918813 0.516077 0.162373 0.241606
1 0.906911 0.445017 0.072837 0.092379
2 0.922899 0.522295 0.099485 0.051519
3 0.980636 0.523184 0.033754 0.081720
4 0.949103 0.571594 0.027536 0.043525
5 0.903358 0.596909 0.047966 0.049742
3 0.865607 0.520519 0.011547 0.023095
4 0.858945 0.551164 0.014212 0.031089
5 0.862054 0.580476 0.027536 0.023983
9 0.906467 0.440576 0.066619 0.069284
14 0.904246 0.596465 0.037307 0.034642
17 0.866495 0.576923 0.011547 0.013324
14 0.922011 0.508527 0.103038 0.057737
0 0.764701 0.259342 0.129863 0.186475
1 0.761236 0.189199 0.042636 0.040860
3 0.810979 0.211849 0.030201 0.050631
2 0.762125 0.247113 0.069284 0.073903