0 0.523095 0.519246 0.829099 0.961508
1 0.394919 0.122787 0.147806 0.150115
2 0.393764 0.354888 0.362587 0.314088
3 0.227483 0.275212 0.168591 0.122402
3 0.566146 0.234796 0.143838 0.073903
4 0.177829 0.368745 0.092379 0.064665
4 0.705572 0.224403 0.127909 0.071594
5 0.274827 0.414935 0.096998 0.078522
5 0.849766 0.214070 0.152188 0.067508
6 0.458430 0.619323 0.108545 0.205543
6 0.330254 0.618168 0.092379 0.193995
7 0.501155 0.807544 0.106236 0.161663
7 0.310624 0.801771 0.103926 0.154734
8 0.542873 0.941493 0.152484 0.092379
8 0.261325 0.939184 0.157754 0.106236
9 0.393942 0.084384 0.143009 0.067508
12 0.393054 0.127021 0.087937 0.028424
13 0.266921 0.413040 0.080831 0.071061
13 0.854800 0.212738 0.131462 0.063066
15 0.263220 0.938000 0.142121 0.087049
15 0.545686 0.938888 0.138568 0.074614
17 0.383262 0.348070 0.283735 0.296932