0 0.464973 0.370670 0.535797 0.741339
1 0.536567 0.056582 0.230947 0.103926
2 0.488068 0.257506 0.401848 0.288684
3 0.663587 0.229792 0.096998 0.150115
3 0.313703 0.173210 0.103926 0.120092
4 0.643957 0.347575 0.090069 0.057737
4 0.298691 0.275982 0.069284 0.062356
5 0.615698 0.423242 0.083718 0.083718
5 0.301033 0.355402 0.081794 0.082756
13 0.302957 0.358770 0.062548 0.066397
13 0.611368 0.421318 0.071209 0.064473
6 0.518989 0.448743 0.109700 0.080831
6 0.369355 0.441526 0.116436 0.066397
7 0.498781 0.518027 0.073133 0.061586
7 0.340005 0.497338 0.084681 0.035604
8 0.488196 0.630613 0.103926 0.153965
8 0.316429 0.588754 0.143380 0.145304
15 0.311137 0.585386 0.128945 0.130870
15 0.484347 0.621953 0.082756 0.134719
9 0.535348 0.037529 0.198229 0.069284
11 0.527649 0.069765 0.136644 0.049076
17 0.488677 0.242013 0.318514 0.274249