8 0.528871 0.879265 0.215223 0.154856
8 0.243657 0.941601 0.174978 0.116798
15 0.537183 0.888451 0.177603 0.118110
15 0.235783 0.950131 0.138233 0.099738
7 0.223097 0.663386 0.097113 0.460630
7 0.474628 0.625328 0.085739 0.368766
14 0.407699 0.561024 0.076115 0.077428
14 0.235346 0.409449 0.104112 0.081365
5 0.237970 0.410761 0.126859 0.104987
5 0.408574 0.557743 0.093613 0.083990
3 0.215223 0.116798 0.244094 0.165354
3 0.400700 0.401575 0.074366 0.215223
4 0.157918 0.261155 0.108486 0.259843
18 0.269466 0.303806 0.377078 0.300525
2 0.269466 0.309055 0.396325 0.339895
6 0.192913 0.536745 0.185477 0.204724
12 0.420822 0.167979 0.076115 0.110236
10 0.456255 0.103018 0.106737 0.150919
1 0.429134 0.145013 0.206474 0.237533
0 0.368766 0.504593 0.621172 0.990814