0 0.527546 0.505249 0.846044 0.989501
12 0.438022 0.174541 0.238073 0.065617
10 0.446876 0.088583 0.247910 0.103675
1 0.457698 0.159449 0.344320 0.274278
18 0.502951 0.576115 0.442697 0.524934
2 0.509838 0.564961 0.535172 0.560367
14 0.679046 0.692257 0.141663 0.072178
5 0.681998 0.692257 0.186917 0.087927
14 0.256025 0.919948 0.137728 0.107612
5 0.257008 0.919948 0.171176 0.120735
3 0.237333 0.479003 0.135760 0.262467
3 0.738073 0.413386 0.110182 0.254593
3 0.766602 0.627297 0.155436 0.165354
3 0.232414 0.735564 0.165274 0.232283
6 0.632809 0.928478 0.253813 0.143044
6 0.406542 0.919948 0.202657 0.157480