0 0.527069 0.560345 0.336207 0.879310
1 0.533965 0.254310 0.139655 0.267241
9 0.540862 0.190517 0.118966 0.125862
12 0.530517 0.251724 0.067241 0.034483
2 0.549483 0.531897 0.201724 0.332759
17 0.552069 0.526724 0.165517 0.294828
3 0.642586 0.506897 0.081034 0.172414
4 0.433965 0.543103 0.112069 0.162069
4 0.587414 0.743103 0.167241 0.300000
5 0.440000 0.407759 0.100000 0.153448
5 0.506379 0.929310 0.087931 0.141379
13 0.437414 0.412069 0.087931 0.141379
13 0.509828 0.924138 0.077586 0.151724
6 0.464138 0.712069 0.086207 0.179310
6 0.565862 0.938793 0.110345 0.122414
7 0.431379 0.782759 0.093103 0.344828
8 0.439138 0.968103 0.074138 0.063793
15 0.438276 0.962069 0.075862 0.075862