0 0.561971 0.495381 0.678984 0.953811
1 0.719015 0.118938 0.267898 0.191686
2 0.639338 0.349885 0.505774 0.362587
3 0.469592 0.240185 0.120092 0.129330
3 0.795227 0.386836 0.138568 0.200924
4 0.738645 0.553118 0.094688 0.108545
4 0.414165 0.360277 0.096998 0.106236
5 0.388761 0.473441 0.101617 0.115473
5 0.675135 0.644342 0.115473 0.129330
13 0.669361 0.633949 0.080831 0.085450
13 0.380677 0.468822 0.066975 0.092379
6 0.572363 0.651270 0.066975 0.124711
6 0.445343 0.571594 0.131640 0.076212
7 0.555042 0.752887 0.078522 0.069284
7 0.428022 0.647806 0.147806 0.053118
8 0.492687 0.864896 0.124711 0.173210
8 0.352964 0.759815 0.205543 0.147806
15 0.354119 0.755196 0.189376 0.110855
15 0.501925 0.863741 0.101617 0.152425
9 0.727098 0.090069 0.196305 0.129330
11 0.683218 0.139723 0.159353 0.062356
17 0.632409 0.376443 0.362587 0.406467