9 0.450668 0.357612 0.044739 0.024457
9 0.613815 0.343295 0.053686 0.026843
11 0.448879 0.377595 0.038774 0.009544
12 0.611429 0.363278 0.034598 0.013123
1 0.611728 0.359103 0.057862 0.069196
1 0.450966 0.371033 0.058459 0.072775
17 0.604569 0.452458 0.076951 0.123479
18 0.447089 0.469458 0.074565 0.116917
3 0.656466 0.429790 0.020878 0.070985
3 0.561620 0.436053 0.010141 0.058459
3 0.495705 0.443808 0.017895 0.058459
3 0.400262 0.446492 0.027440 0.060248
4 0.655571 0.488249 0.028633 0.041160
4 0.559532 0.484968 0.014316 0.038177
4 0.396385 0.496898 0.025650 0.033405
4 0.498389 0.493021 0.023264 0.032808
14 0.641255 0.527619 0.021475 0.024457
14 0.560725 0.513302 0.019089 0.011334
13 0.498091 0.522847 0.015509 0.023264
13 0.396683 0.528812 0.025054 0.025650
5 0.645132 0.528812 0.032808 0.034001
5 0.499284 0.526127 0.028633 0.029826
5 0.397876 0.529408 0.035791 0.028036
2 0.446492 0.467072 0.078144 0.124075
2 0.606955 0.452756 0.084109 0.136006
6 0.575340 0.552076 0.039967 0.054283
6 0.618886 0.550585 0.041160 0.058459
6 0.458721 0.554164 0.039370 0.042949
6 0.419053 0.555655 0.039967 0.045932
7 0.455142 0.603973 0.031019 0.050704
7 0.412491 0.607850 0.031615 0.056073
7 0.573252 0.602482 0.033405 0.039370
7 0.629026 0.607254 0.048318 0.048914
15 0.634395 0.660940 0.043546 0.032212
15 0.561322 0.640659 0.040563 0.026247
15 0.456932 0.643939 0.041756 0.019685
15 0.410702 0.660940 0.025650 0.034598
8 0.412789 0.663326 0.040563 0.041756
8 0.458125 0.644834 0.044142 0.028633
8 0.563410 0.642150 0.056669 0.028036
8 0.634395 0.662730 0.054283 0.046528
0 0.442615 0.506144 0.150322 0.382367
0 0.603078 0.499582 0.146743 0.388332