9 0.550795 0.372858 0.017755 0.007720
10 0.685310 0.373823 0.022773 0.008106
12 0.549667 0.379400 0.014469 0.005720
12 0.681405 0.380409 0.014806 0.006393
1 0.550340 0.377381 0.025910 0.023218
1 0.686957 0.376539 0.031294 0.021536
17 0.549162 0.409011 0.032304 0.033986
17 0.686957 0.406151 0.035332 0.039034
2 0.687126 0.406824 0.041726 0.043745
2 0.549835 0.409011 0.039034 0.038697
13 0.579279 0.400935 0.012450 0.007066
13 0.530150 0.420789 0.008412 0.007739
5 0.579447 0.401440 0.017498 0.012114
5 0.529982 0.420116 0.016152 0.011104
4 0.529645 0.406992 0.012787 0.013796
13 0.715896 0.405142 0.009758 0.012787
5 0.716064 0.405815 0.014133 0.018844
6 0.692510 0.438960 0.016152 0.022545
6 0.679218 0.438623 0.013796 0.021199
6 0.560098 0.436772 0.020526 0.018171
6 0.539404 0.436941 0.018844 0.019853
7 0.564304 0.455448 0.021536 0.020526
7 0.541423 0.455448 0.016825 0.015142
7 0.695033 0.458645 0.018507 0.018844
7 0.680396 0.461000 0.012114 0.017498
0 0.691837 0.416246 0.077394 0.113063
0 0.558079 0.416414 0.080423 0.112053