0 0.535797 0.353734 0.337182 0.482679
1 0.598152 0.168976 0.138568 0.113164
2 0.572748 0.309854 0.207852 0.173210
9 0.602771 0.157429 0.083141 0.066975
3 0.486143 0.232487 0.076212 0.078522
3 0.669746 0.283295 0.060046 0.096998
4 0.660508 0.356043 0.050808 0.039261
4 0.476905 0.300616 0.062356 0.034642
5 0.456120 0.352579 0.071594 0.069284
5 0.639957 0.407772 0.059578 0.065134
6 0.584296 0.419553 0.055427 0.046189
6 0.496536 0.421863 0.073903 0.041570
7 0.576212 0.462279 0.048499 0.034642
7 0.475751 0.462279 0.050808 0.034642
8 0.556582 0.520015 0.078522 0.071594
8 0.429561 0.514242 0.124711 0.078522
15 0.439954 0.517706 0.108545 0.057737
15 0.548499 0.517706 0.053118 0.057737
13 0.448003 0.346588 0.047193 0.053218
13 0.633263 0.405831 0.034140 0.041169
11 0.591090 0.189945 0.066272 0.041169
17 0.574522 0.297386 0.181745 0.183753