0 0.527329 0.502309 0.632794 0.842956
1 0.640493 0.180139 0.207852 0.180139
2 0.545804 0.378753 0.411085 0.272517
3 0.409546 0.274827 0.115473 0.166282
4 0.339107 0.413395 0.080831 0.092379
3 0.730562 0.393764 0.129330 0.163972
4 0.688991 0.526559 0.083141 0.101617
5 0.623172 0.633949 0.108545 0.099307
5 0.335643 0.512702 0.133949 0.096998
13 0.332179 0.512702 0.090069 0.087760
13 0.622017 0.630485 0.096998 0.083141
9 0.647421 0.150115 0.184758 0.120092
11 0.645112 0.191686 0.133949 0.073903
6 0.519246 0.615473 0.099307 0.122402
6 0.410700 0.575058 0.113164 0.101617
7 0.526174 0.713626 0.090069 0.078522
7 0.358737 0.648961 0.092379 0.046189
8 0.473056 0.825635 0.113164 0.168591
8 0.297537 0.742494 0.173210 0.205543
15 0.304465 0.742494 0.145497 0.150115
15 0.473056 0.832564 0.071594 0.159353
17 0.552733 0.407621 0.346420 0.274827