0 0.724483 0.750000 0.372414 0.500000
0 0.653793 0.634483 0.320690 0.551724
0 0.593448 0.565517 0.372414 0.565517
0 0.588276 0.372414 0.224138 0.310345
0 0.468448 0.497414 0.387931 0.715517
0 0.415000 0.380172 0.253448 0.439655
0 0.271034 0.434483 0.393103 0.689655
0 0.177759 0.352586 0.355517 0.705172
1 0.850345 0.545690 0.103448 0.108621
1 0.765862 0.409483 0.082759 0.087931
1 0.603793 0.216379 0.100000 0.184483
1 0.718448 0.345690 0.084483 0.160345
1 0.667586 0.282759 0.051724 0.120690
1 0.502069 0.226724 0.082759 0.139655
1 0.421897 0.146552 0.087931 0.113793
1 0.294310 0.031034 0.105172 0.062068
9 0.875345 0.543103 0.067241 0.093103
9 0.738276 0.325862 0.075862 0.124138
9 0.684828 0.244828 0.041379 0.062069
9 0.616724 0.199138 0.074138 0.122414
9 0.514138 0.187069 0.062069 0.070690
9 0.433965 0.128448 0.060345 0.081034
11 0.841571 0.552586 0.030651 0.046935
12 0.758238 0.390230 0.021073 0.032567
10 0.789847 0.397414 0.042146 0.068008
2 0.748621 0.728448 0.206897 0.256897
2 0.695172 0.560345 0.131034 0.172414
2 0.647160 0.466126 0.179513 0.202840
2 0.623327 0.384483 0.107505 0.136917
2 0.519371 0.394625 0.207911 0.252535
2 0.427079 0.352535 0.112576 0.182556
2 0.309432 0.348479 0.226166 0.237323
2 0.227931 0.173276 0.275862 0.301724
17 0.225345 0.159483 0.232759 0.298276
17 0.317586 0.333621 0.179310 0.215517
17 0.451207 0.331034 0.129310 0.165517
17 0.517586 0.397414 0.175862 0.215517
17 0.630517 0.367241 0.087931 0.131034
17 0.651207 0.462931 0.146552 0.177586
17 0.771034 0.714655 0.168966 0.201724
3 0.185690 0.091379 0.067241 0.175862
3 0.300345 0.257759 0.048276 0.101724
3 0.507680 0.303370 0.028213 0.057210
3 0.644044 0.375862 0.029781 0.047022
3 0.815000 0.729310 0.070690 0.100000
3 0.754655 0.575000 0.060345 0.091379
3 0.411207 0.298276 0.068966 0.094828
4 0.672759 0.630172 0.096552 0.132759
4 0.777069 0.823276 0.122414 0.105172
4 0.100345 0.209483 0.086207 0.132759
4 0.361552 0.377586 0.077586 0.086207
4 0.554414 0.443103 0.076552 0.061379
4 0.631310 0.480690 0.033103 0.040000
6 0.685690 0.899138 0.105172 0.091379
6 0.633965 0.893103 0.108621 0.055172
6 0.593448 0.678448 0.055172 0.160345
6 0.564138 0.629310 0.044828 0.086207
6 0.525345 0.603448 0.081034 0.100000
6 0.471897 0.589655 0.087931 0.144828
6 0.376207 0.562931 0.106897 0.118966
6 0.272759 0.534483 0.100000 0.113793
6 0.197759 0.511207 0.087931 0.067241
6 0.123621 0.419828 0.094828 0.122414
6 0.059828 0.382759 0.087931 0.117241
7 0.075345 0.535345 0.087931 0.112069
7 0.158103 0.591379 0.112069 0.103448
7 0.020862 0.490517 0.041724 0.098276
7 0.231379 0.618103 0.075862 0.108621
7 0.318448 0.674138 0.084483 0.106897
7 0.393448 0.683621 0.082759 0.132759
7 0.463276 0.700000 0.067241 0.079310
7 0.576207 0.821552 0.079310 0.081034
7 0.547759 0.714655 0.050000 0.060345
7 0.648621 0.975000 0.086207 0.046552
7 0.593448 0.955172 0.072414 0.089655
8 0.038276 0.650862 0.058621 0.098276
8 0.091724 0.688793 0.086207 0.046552
8 0.191724 0.724138 0.068966 0.068966
8 0.271897 0.754310 0.067241 0.060345
8 0.353793 0.790517 0.065517 0.084483
8 0.421897 0.752586 0.029310 0.053448
8 0.505517 0.783621 0.051724 0.074138
8 0.540862 0.903448 0.070690 0.058621
8 0.539138 0.860345 0.070690 0.031034
15 0.031207 0.653448 0.062414 0.100000
15 0.110690 0.675862 0.079310 0.068966
15 0.193448 0.716379 0.055172 0.070690
15 0.274483 0.750862 0.058621 0.063793
15 0.354655 0.789655 0.056897 0.062069
15 0.424483 0.756034 0.034483 0.056897
15 0.509828 0.782759 0.039655 0.062069
15 0.552931 0.901724 0.081034 0.058621
15 0.551207 0.863793 0.091379 0.027586