0 0.479985 0.431871 0.371824 0.637413
1 0.429176 0.177829 0.145497 0.120092
2 0.471901 0.354503 0.300231 0.228637
3 0.344881 0.317552 0.087760 0.127021
3 0.593149 0.300231 0.103926 0.120092
4 0.340262 0.412240 0.064665 0.062356
4 0.616243 0.396074 0.062356 0.066975
5 0.605851 0.480370 0.073903 0.083141
5 0.331024 0.502309 0.060046 0.080831
13 0.332179 0.501155 0.048499 0.064665
13 0.594303 0.475751 0.050808 0.069284
6 0.518091 0.512702 0.069284 0.087760
6 0.419938 0.518476 0.085450 0.080831
7 0.536567 0.580831 0.083141 0.034642
7 0.411855 0.593533 0.069284 0.055427
8 0.544650 0.666282 0.099307 0.131640
8 0.434950 0.680139 0.115473 0.122402
15 0.545804 0.667436 0.083141 0.129330
15 0.434950 0.676674 0.078522 0.101617
9 0.432640 0.161663 0.124711 0.064665
11 0.433795 0.191686 0.085450 0.046189
17 0.466128 0.355658 0.242494 0.226328