0 0.852069 0.587931 0.258621 0.824138
1 0.846034 0.263793 0.143103 0.155172
10 0.844310 0.239655 0.091379 0.100000
11 0.871034 0.261207 0.044828 0.029310
2 0.846034 0.489655 0.160345 0.331034
17 0.838276 0.483621 0.141379 0.305172
3 0.859828 0.433621 0.050000 0.156897
4 0.894310 0.564655 0.063793 0.098276
5 0.915862 0.657759 0.031034 0.077586
13 0.919310 0.640517 0.048276 0.098276
6 0.874483 0.717241 0.089655 0.124138
7 0.880517 0.858621 0.063793 0.144828
7 0.803793 0.792241 0.075862 0.081034
8 0.758103 0.884483 0.046552 0.082759
8 0.887414 0.965517 0.108621 0.041379
15 0.886552 0.951724 0.120690 0.068966
15 0.763276 0.865517 0.050000 0.103448