0 0.476207 0.443103 0.331034 0.741379
1 0.426207 0.175000 0.203448 0.143103
9 0.427931 0.145690 0.182759 0.084483
11 0.476207 0.178448 0.093103 0.029310
2 0.456379 0.385345 0.263793 0.274138
17 0.461552 0.376724 0.250000 0.239655
3 0.398621 0.347414 0.137931 0.139655
4 0.465000 0.468966 0.156897 0.096552
5 0.508103 0.546552 0.091379 0.072414
13 0.507241 0.544828 0.079310 0.055172
6 0.463276 0.551724 0.112069 0.103448
6 0.536552 0.548276 0.051724 0.113793
7 0.451207 0.668103 0.101724 0.153448
7 0.521034 0.645690 0.058621 0.118966
8 0.506379 0.778448 0.184483 0.056897
8 0.569310 0.729310 0.131034 0.041379
15 0.497759 0.744828 0.198276 0.124138
15 0.568448 0.692241 0.136207 0.129310