0 0.332759 0.523276 0.600000 0.953448
0 0.763793 0.546552 0.341379 0.906896
1 0.350862 0.254310 0.212069 0.412069
1 0.702586 0.300862 0.187931 0.398276
9 0.337069 0.130172 0.177586 0.177586
9 0.684483 0.188793 0.175862 0.174138
11 0.332759 0.255172 0.137931 0.079310
11 0.678448 0.307759 0.139655 0.070690
2 0.330172 0.724138 0.401724 0.551724
2 0.753448 0.750000 0.331034 0.493103
17 0.328448 0.736207 0.360345 0.520690
17 0.737069 0.761207 0.329310 0.477586
3 0.106034 0.698276 0.112069 0.296552
3 0.564655 0.732759 0.101724 0.310345
3 0.840517 0.752586 0.170690 0.353448
4 0.100862 0.931034 0.129310 0.137931
4 0.552586 0.951724 0.098276 0.096552
4 0.685345 0.912069 0.156897 0.127586