0 0.515781 0.550423 0.290993 0.899153
1 0.565435 0.201309 0.108545 0.187067
2 0.559661 0.468052 0.133949 0.327945
3 0.576982 0.394149 0.071594 0.157044
4 0.508853 0.488838 0.055427 0.087760
5 0.440724 0.550038 0.080831 0.090069
6 0.578137 0.718630 0.055427 0.168591
6 0.516936 0.716320 0.057737 0.154734
7 0.589684 0.852579 0.060046 0.094688
7 0.523864 0.839877 0.043880 0.073903
8 0.603541 0.950731 0.078522 0.092379
8 0.501925 0.936875 0.087760 0.096998
9 0.571695 0.148900 0.087517 0.081439
11 0.558324 0.212714 0.055913 0.029172
13 0.443459 0.550423 0.059560 0.069284
15 0.504234 0.944856 0.069284 0.070500
15 0.599044 0.959442 0.057129 0.075362
17 0.568656 0.466553 0.103318 0.302662