0 0.610855 0.525404 0.203233 0.842956
1 0.600269 0.178984 0.085835 0.145497
2 0.601232 0.409738 0.073903 0.297537
3 0.654349 0.346420 0.060046 0.152425
4 0.677637 0.482679 0.046574 0.129330
5 0.687644 0.605851 0.045035 0.099307
6 0.589492 0.639338 0.054273 0.143187
7 0.600462 0.767706 0.064665 0.107390
8 0.603926 0.879715 0.069284 0.105081
5 0.531178 0.484219 0.039261 0.131640
9 0.599307 0.140878 0.083141 0.066975
11 0.594111 0.189954 0.047344 0.024249
13 0.685335 0.598537 0.031178 0.078522
13 0.534065 0.507891 0.038106 0.079677
15 0.605081 0.887221 0.062356 0.083141
17 0.604503 0.414357 0.088915 0.299076