9 0.614173 0.144357 0.183727 0.080052
11 0.580709 0.197507 0.131234 0.027559
1 0.609580 0.175197 0.190289 0.173228
17 0.596129 0.401903 0.218504 0.270997
3 0.756234 0.362533 0.109580 0.173885
3 0.469488 0.360892 0.040026 0.137795
4 0.734580 0.495079 0.114829 0.100394
4 0.463255 0.472769 0.053806 0.082021
2 0.595144 0.401575 0.229659 0.279528
13 0.682415 0.582677 0.095801 0.069554
5 0.684383 0.583661 0.110236 0.084646
13 0.463255 0.546916 0.052493 0.062336
5 0.462270 0.549869 0.062336 0.072178
6 0.665682 0.605643 0.131890 0.124672
6 0.548556 0.605971 0.123360 0.117454
7 0.676181 0.737205 0.114829 0.138451
7 0.557415 0.706365 0.116142 0.087270
15 0.522638 0.756234 0.173885 0.139764
15 0.651247 0.801181 0.143701 0.154856
8 0.524278 0.788386 0.181102 0.079396
8 0.645013 0.838911 0.133858 0.084646
0 0.590551 0.484908 0.475066 0.862205