0 0.672055 0.510778 0.434180 0.491917
1 0.665127 0.405697 0.189376 0.198614
2 0.706697 0.634334 0.290993 0.244804
3 0.512702 0.635489 0.096998 0.210162
9 0.654734 0.362972 0.159353 0.094688
12 0.653580 0.423018 0.101617 0.039261
18 0.668591 0.634334 0.348730 0.226328
0 0.401848 0.553503 0.226328 0.397229
1 0.424942 0.462279 0.170901 0.196305
2 0.409931 0.660893 0.196305 0.182448
9 0.428406 0.419553 0.159353 0.092379
12 0.426097 0.478445 0.099307 0.030023
18 0.418014 0.659738 0.175520 0.166282
0 0.234411 0.586990 0.219400 0.348730
1 0.254042 0.511932 0.180139 0.189376
2 0.232102 0.688607 0.196305 0.145497
9 0.252887 0.466898 0.136259 0.090069
12 0.244804 0.523480 0.106236 0.032333
18 0.236721 0.685912 0.191686 0.129330