10 0.784100 0.200131 0.088890 0.069554
7 0.568411 0.675853 0.065360 0.249344
7 0.431154 0.555118 0.066232 0.102362
7 0.561439 0.498031 0.035730 0.056430
0 0.614163 0.188320 0.055774 0.030184
10 0.545972 0.158017 0.051857 0.029945
11 0.764928 0.257218 0.066232 0.028871
11 0.613494 0.217728 0.051496 0.026247
12 0.541993 0.186113 0.036840 0.021475
1 0.543974 0.187903 0.068529 0.101408
1 0.617653 0.214448 0.070114 0.098425
1 0.778479 0.242484 0.112103 0.175972
14 0.754910 0.363577 0.041989 0.079337
14 0.598639 0.284538 0.020202 0.046528
5 0.752533 0.363875 0.057042 0.083512
5 0.599035 0.289609 0.031294 0.063827
14 0.630131 0.408315 0.041197 0.039967
5 0.629735 0.408017 0.047535 0.047721
14 0.663009 0.612026 0.034859 0.102601
5 0.660831 0.612622 0.051892 0.120496
18 0.687767 0.533584 0.055854 0.097232
4 0.781252 0.495109 0.070114 0.171797
4 0.680637 0.391016 0.062984 0.032808
4 0.558433 0.357313 0.053873 0.022668
4 0.537240 0.300048 0.062984 0.113338
18 0.780262 0.453651 0.140228 0.249940
18 0.639638 0.329874 0.052288 0.146743
3 0.839879 0.448282 0.058230 0.166428
3 0.685192 0.333453 0.055457 0.101408
3 0.609334 0.349559 0.013864 0.050107
3 0.578239 0.302434 0.019014 0.114531
3 0.501985 0.297960 0.017033 0.098425
3 0.724012 0.430983 0.029313 0.119900
2 0.634884 0.324803 0.074471 0.165235
2 0.541201 0.304223 0.066153 0.118110
2 0.784025 0.441124 0.147754 0.242782
6 0.681231 0.634693 0.145774 0.100215
6 0.604581 0.557146 0.112103 0.078740
6 0.622407 0.450668 0.089128 0.051897
15 0.510501 0.613219 0.061795 0.045335
15 0.489705 0.568778 0.040801 0.086495
15 0.543380 0.883142 0.118837 0.070985
15 0.529912 0.926092 0.122798 0.066213
8 0.532684 0.924302 0.130721 0.081723
8 0.548133 0.884335 0.129929 0.074565
8 0.505352 0.617394 0.064172 0.051300
8 0.485744 0.557743 0.051892 0.090670
15 0.383148 0.624254 0.066153 0.048318
8 0.386119 0.623360 0.086355 0.069196
0 0.468191 0.383858 0.258828 0.562992
0 0.588455 0.383858 0.239655 0.536745
0 0.667323 0.549869 0.456652 0.860892