9 0.648448 0.140497 0.084916 0.086460
1 0.645361 0.183727 0.094179 0.189903
17 0.622974 0.446194 0.123514 0.328856
2 0.622974 0.442334 0.143585 0.335032
3 0.688204 0.405666 0.036282 0.144357
6 0.636869 0.684731 0.058669 0.148217
6 0.579358 0.682801 0.044002 0.128918
7 0.619886 0.810174 0.049406 0.104215
7 0.567392 0.793963 0.037054 0.090320
15 0.622588 0.894704 0.091864 0.057125
15 0.551953 0.855334 0.038598 0.080284
8 0.627605 0.891616 0.098811 0.057125
8 0.551567 0.855720 0.053265 0.096495
0 0.616142 0.494751 0.211286 0.881890