0 0.522414 0.603448 0.151724 0.627586
1 0.534483 0.346552 0.065517 0.100000
9 0.534770 0.331322 0.047414 0.060345
11 0.548779 0.362213 0.007902 0.015805
2 0.521839 0.523132 0.093391 0.239943
17 0.522198 0.523851 0.089799 0.234195
3 0.576796 0.443391 0.036638 0.070402
3 0.470833 0.471049 0.022989 0.066810
4 0.469037 0.529598 0.017960 0.060345
4 0.573922 0.383764 0.032328 0.047414
5 0.470115 0.568750 0.010057 0.022270
5 0.563506 0.346408 0.015805 0.031609
13 0.563865 0.346408 0.019397 0.035920
13 0.471193 0.567313 0.013649 0.025144
6 0.497414 0.695043 0.037356 0.105603
6 0.537644 0.695402 0.038793 0.100575
7 0.494899 0.802083 0.036638 0.107040
7 0.531178 0.795259 0.040230 0.089080
8 0.536207 0.861351 0.047414 0.045977
8 0.486638 0.878951 0.045977 0.048132
15 0.488434 0.871767 0.052443 0.061063
15 0.538362 0.857040 0.045977 0.058908