0 0.630485 0.389530 0.411085 0.669746
1 0.724018 0.170131 0.182448 0.120092
3 0.778291 0.336413 0.096998 0.129330
4 0.766744 0.428791 0.069284 0.046189
5 0.727483 0.488838 0.064665 0.064665
3 0.561201 0.237105 0.110855 0.106236
4 0.536952 0.327175 0.066975 0.073903
5 0.511547 0.395304 0.062356 0.066975
6 0.653580 0.477290 0.078522 0.069284
6 0.557737 0.428791 0.071594 0.055427
7 0.638568 0.540801 0.048499 0.057737
7 0.527714 0.493456 0.057737 0.055427
8 0.618938 0.634334 0.110855 0.115473
8 0.495381 0.573133 0.108545 0.099307
15 0.603926 0.626251 0.057737 0.094688
15 0.482679 0.571978 0.073903 0.101617
13 0.728637 0.485181 0.055427 0.051963
13 0.516744 0.398576 0.045035 0.045035
9 0.730370 0.154157 0.098152 0.081986
11 0.721132 0.187067 0.086605 0.053118
2 0.669746 0.319861 0.270208 0.240185
17 0.684758 0.316397 0.221709 0.228637