9 0.602362 0.093176 0.200787 0.082677
11 0.596457 0.152887 0.157480 0.027559
1 0.590879 0.124016 0.208005 0.170604
17 0.597769 0.361220 0.255906 0.267060
2 0.596785 0.354331 0.290682 0.288714
3 0.776247 0.306102 0.093176 0.163386
3 0.444554 0.306759 0.064961 0.135827
4 0.439961 0.429790 0.058399 0.112861
4 0.766732 0.445866 0.070210 0.124016
13 0.728346 0.541010 0.089239 0.071522
5 0.732283 0.542979 0.107612 0.075459
13 0.455052 0.523294 0.064961 0.064961
5 0.456037 0.524606 0.078740 0.075459
6 0.544948 0.566601 0.130577 0.130577
6 0.679134 0.562992 0.145669 0.133858
7 0.686352 0.696522 0.104987 0.130577
7 0.544291 0.679790 0.104331 0.095801
15 0.521325 0.736220 0.147638 0.146982
15 0.678478 0.759186 0.111549 0.162730
8 0.671588 0.792979 0.105643 0.088583
8 0.520669 0.767717 0.150262 0.081365
0 0.591864 0.454068 0.446194 0.860892