0 0.455172 0.571552 0.562069 0.787931
5 0.218103 0.341379 0.081034 0.075862
5 0.681897 0.332759 0.077586 0.096552
1 0.443966 0.275862 0.105172 0.168966
9 0.446552 0.228448 0.082759 0.070690
11 0.445690 0.281034 0.050000 0.027586
2 0.462069 0.480172 0.182759 0.284483
17 0.453448 0.477586 0.148276 0.258621
3 0.568103 0.383621 0.070690 0.063793
3 0.348276 0.390517 0.072414 0.063793
4 0.270690 0.379310 0.068966 0.058621
4 0.632759 0.362069 0.062069 0.065517
13 0.681034 0.331897 0.062069 0.094828
13 0.222414 0.343966 0.082759 0.084483
6 0.422414 0.693103 0.055172 0.144828
6 0.490517 0.692241 0.056897 0.139655
7 0.492241 0.825000 0.046552 0.115517
7 0.416379 0.821552 0.039655 0.112069
8 0.503448 0.920690 0.068966 0.062069
8 0.413793 0.916379 0.062069 0.060345
15 0.501724 0.910345 0.075862 0.065517
15 0.419828 0.905172 0.060345 0.086207