11 0.687500 0.225066 0.156496 0.045932
10 0.707677 0.148294 0.212598 0.099738
1 0.716535 0.232940 0.273622 0.303150
14 0.587598 0.530184 0.149606 0.202100
14 0.470472 0.599081 0.086614 0.156168
5 0.587598 0.529528 0.165354 0.229659
5 0.468996 0.598425 0.105315 0.178478
3 0.824803 0.600394 0.131890 0.347769
3 0.549213 0.650919 0.078740 0.152231
4 0.516240 0.757218 0.125000 0.139108
4 0.728346 0.728346 0.192913 0.249344
18 0.730315 0.656824 0.289370 0.510499
18 0.724409 0.663386 0.330709 0.555118
0 0.662402 0.515748 0.592520 0.968504