11 0.481299 0.380577 0.039370 0.020997
11 0.270669 0.387795 0.045276 0.022310
11 0.716043 0.374016 0.056102 0.028871
10 0.732283 0.339239 0.088583 0.045932
10 0.484252 0.349081 0.053150 0.044619
10 0.271161 0.362205 0.048228 0.026247
1 0.273622 0.387795 0.070866 0.098425
1 0.484252 0.371391 0.068898 0.099738
1 0.731791 0.378609 0.103346 0.150919
18 0.497539 0.510499 0.091535 0.160105
18 0.739665 0.628609 0.166339 0.270341
18 0.277559 0.532152 0.084646 0.187664
2 0.278543 0.534121 0.102362 0.204724
2 0.496063 0.517717 0.124016 0.174541
2 0.742618 0.631890 0.189961 0.295276
3 0.725886 0.582677 0.071850 0.178478
3 0.562008 0.476378 0.045276 0.107612
3 0.436516 0.484908 0.040354 0.114173
3 0.345472 0.496063 0.051181 0.097113
3 0.219980 0.486220 0.020669 0.093176
4 0.348917 0.574147 0.026575 0.064304
4 0.563976 0.570210 0.031496 0.069554
4 0.430118 0.582677 0.021654 0.073491
4 0.705217 0.749344 0.087598 0.146982
14 0.676673 0.843176 0.034449 0.040682
14 0.569390 0.645669 0.030512 0.047244
14 0.429626 0.651575 0.032480 0.045932
14 0.346457 0.626640 0.033465 0.032808
5 0.569882 0.646982 0.053150 0.065617
5 0.678642 0.847113 0.052165 0.045932
5 0.428642 0.650919 0.052165 0.057743
5 0.348917 0.624672 0.046260 0.041995
6 0.469488 0.666667 0.055118 0.107612
6 0.524114 0.671260 0.056102 0.116798
6 0.716535 0.889764 0.078740 0.202100
6 0.778051 0.894357 0.063976 0.195538
7 0.527559 0.796588 0.051181 0.128609
7 0.470472 0.782152 0.059055 0.118110
7 0.304134 0.795276 0.029528 0.089239
7 0.252461 0.785433 0.046260 0.077428
6 0.249508 0.696194 0.063976 0.106299
6 0.307579 0.698819 0.050197 0.095801
15 0.301181 0.869423 0.039370 0.051181
15 0.241634 0.848425 0.060039 0.051181
15 0.478346 0.878609 0.045276 0.053806
15 0.551181 0.877953 0.057087 0.057743
8 0.551673 0.878609 0.075787 0.077428
8 0.477362 0.877297 0.061024 0.072178
8 0.305610 0.870079 0.062008 0.065617
8 0.242618 0.848425 0.083661 0.072178
0 0.289862 0.618110 0.203740 0.632546
0 0.501476 0.609580 0.233268 0.673228
0 0.737697 0.635171 0.225394 0.729658