0 0.933829 0.661044 0.126519 0.349433
1 0.923788 0.515447 0.052214 0.054222
2 0.929310 0.600797 0.099408 0.116478
3 0.980520 0.581216 0.031128 0.065268
3 0.882619 0.571175 0.026107 0.053218
6 0.951903 0.689159 0.046189 0.052214
6 0.900191 0.688155 0.039161 0.054222
7 0.958430 0.750410 0.037152 0.062255
7 0.902199 0.749406 0.033136 0.058239
8 0.960940 0.805636 0.040165 0.042173
8 0.897178 0.796097 0.043177 0.027111
9 0.922783 0.505406 0.044181 0.030124
12 0.923108 0.521442 0.032604 0.014944
15 0.960467 0.807408 0.033963 0.036680
15 0.894919 0.794503 0.037359 0.021736
17 0.928542 0.600915 0.095096 0.115473
0 0.820392 0.662446 0.131401 0.360755
1 0.817207 0.517507 0.058135 0.064506
2 0.814420 0.613867 0.106713 0.128215
3 0.775398 0.585596 0.025484 0.063709
3 0.862600 0.587587 0.015131 0.058135
6 0.796501 0.712617 0.039022 0.066099
6 0.847867 0.711423 0.039818 0.065302
7 0.794909 0.775132 0.039022 0.054153
7 0.852247 0.773539 0.037429 0.058931
8 0.790927 0.819729 0.050171 0.033447
8 0.858618 0.823312 0.045393 0.035837
9 0.815607 0.507273 0.047405 0.038896
12 0.817430 0.528544 0.029172 0.009724
15 0.788258 0.820570 0.043758 0.030996
15 0.855111 0.820874 0.034034 0.027957
17 0.815303 0.615453 0.094202 0.121551
0 0.717952 0.667363 0.126471 0.348620
1 0.709154 0.524946 0.060486 0.061586
2 0.714102 0.614282 0.098977 0.108288
3 0.675905 0.594523 0.034312 0.068624
3 0.754426 0.595183 0.019795 0.059386
6 0.695370 0.703728 0.044210 0.062686
6 0.741889 0.704058 0.039591 0.063345
7 0.696690 0.761135 0.038931 0.048169
7 0.740900 0.764104 0.032333 0.048829
8 0.688442 0.807654 0.051468 0.035632
8 0.741559 0.812603 0.044210 0.040251
9 0.706917 0.511052 0.046189 0.031013
12 0.707907 0.528868 0.023095 0.008578
15 0.689761 0.807654 0.046189 0.027714
15 0.740900 0.811283 0.040251 0.031013
18 0.714506 0.612009 0.086440 0.102276
0 0.615365 0.665009 0.104025 0.337538
1 0.604508 0.523480 0.047966 0.052111
2 0.614871 0.604607 0.075798 0.108960
3 0.653363 0.584177 0.027240 0.053888
6 0.635005 0.695209 0.035530 0.062770
6 0.592665 0.697578 0.030201 0.067508
7 0.637374 0.759756 0.028424 0.060401
7 0.596810 0.757980 0.029016 0.046189
8 0.589112 0.801800 0.042044 0.037899
8 0.635894 0.810091 0.033754 0.033162
3 0.575788 0.579440 0.017765 0.040860
9 0.600659 0.512228 0.040268 0.030793
12 0.600067 0.530586 0.024871 0.013028
15 0.589408 0.800024 0.037899 0.030793
15 0.635301 0.809202 0.026648 0.027832
18 0.613983 0.604903 0.071653 0.104814
0 0.531178 0.653741 0.097511 0.318555
1 0.523628 0.527773 0.048854 0.063066
3 0.560934 0.598389 0.025759 0.060401
4 0.548943 0.658347 0.023095 0.057737
6 0.540060 0.721857 0.039083 0.065731
7 0.545390 0.774708 0.033754 0.029312
18 0.528957 0.619707 0.070172 0.106591
9 0.523184 0.515337 0.046189 0.036419
12 0.523184 0.541097 0.030201 0.013324
0 0.439243 0.649020 0.103926 0.332208
1 0.441464 0.513117 0.058625 0.055072
2 0.443240 0.591727 0.097708 0.098597
3 0.480547 0.569077 0.021318 0.044413
4 0.482324 0.617043 0.017765 0.040860
6 0.458341 0.672559 0.033754 0.055960
6 0.422810 0.673447 0.030201 0.057737
7 0.461450 0.729851 0.031089 0.049742
7 0.424587 0.732072 0.030201 0.048854
8 0.459229 0.785367 0.028424 0.050631
8 0.418813 0.785812 0.047078 0.040860
9 0.439687 0.499793 0.049742 0.026648
12 0.434802 0.516670 0.027536 0.014212
18 0.445905 0.589507 0.079943 0.085273
15 0.420590 0.783147 0.038195 0.031977
15 0.459673 0.782703 0.020430 0.027536
0 0.365074 0.659679 0.088826 0.303784
1 0.357968 0.535323 0.056848 0.055072
2 0.358856 0.614378 0.069284 0.095932
3 0.397051 0.590839 0.024871 0.054184
6 0.374845 0.695209 0.044413 0.062178
6 0.341535 0.694321 0.023983 0.056848
7 0.377953 0.749393 0.023983 0.044413
7 0.340647 0.750725 0.023983 0.039972
8 0.383727 0.787144 0.033754 0.031089
8 0.337538 0.782703 0.033754 0.018653
9 0.357079 0.527329 0.051519 0.030201
12 0.355303 0.545982 0.026648 0.012436
15 0.381506 0.784923 0.023983 0.024871
15 0.337982 0.783591 0.031089 0.009771
18 0.361077 0.614378 0.068396 0.088826
0 0.286019 0.629922 0.076390 0.246047
1 0.284353 0.539718 0.056293 0.054128
2 0.285797 0.614054 0.070727 0.093100
6 0.295179 0.688390 0.031755 0.054128
6 0.265228 0.688751 0.025260 0.057737
7 0.297344 0.731693 0.021651 0.029590
7 0.268837 0.732775 0.028147 0.030312
9 0.280745 0.529975 0.037529 0.025982
12 0.281827 0.546935 0.026703 0.009382
5 0.311057 0.668904 0.023095 0.041137
3 0.314246 0.584276 0.017765 0.036715
4 0.314542 0.625728 0.020726 0.039083
18 0.284045 0.611220 0.062770 0.082312
14 0.309212 0.668364 0.014804 0.017765
0 0.205582 0.637571 0.082312 0.230947
1 0.199364 0.546377 0.049742 0.048558
2 0.206174 0.629281 0.074021 0.100669
3 0.237263 0.598784 0.016581 0.042044
4 0.236671 0.652376 0.018949 0.048558
6 0.217130 0.717811 0.034346 0.063362
6 0.187521 0.719291 0.020134 0.065139
9 0.197884 0.538383 0.044413 0.029016
12 0.197884 0.554667 0.026648 0.010659
18 0.204694 0.629873 0.066323 0.097116
0 0.144885 0.628393 0.065139 0.245751
1 0.140739 0.532757 0.042636 0.050927
2 0.144589 0.603818 0.058625 0.078167
3 0.162354 0.575393 0.025463 0.026056
6 0.157024 0.680800 0.030201 0.066323
6 0.126231 0.679912 0.015989 0.059809
7 0.162354 0.733799 0.032569 0.031385
7 0.132745 0.727877 0.023095 0.021910
9 0.140147 0.523874 0.035530 0.029609
12 0.136890 0.538383 0.025463 0.013620
18 0.139555 0.605594 0.046189 0.081720
0 0.080338 0.629873 0.078167 0.235684
1 0.073528 0.536014 0.055072 0.046782
2 0.077673 0.608259 0.068100 0.087049
3 0.102840 0.591382 0.018949 0.041452
6 0.084779 0.679912 0.033754 0.051519
6 0.058428 0.676359 0.014212 0.044413
7 0.097215 0.726693 0.025463 0.031385
7 0.069087 0.725509 0.022503 0.036122
5 0.110835 0.674286 0.014804 0.041452
9 0.069679 0.528020 0.045005 0.028424
12 0.065238 0.543416 0.029016 0.011843
13 0.109552 0.673891 0.009475 0.037899
18 0.075798 0.604311 0.058033 0.078759
0 0.244567 0.517854 0.049742 0.058625
1 0.243086 0.518150 0.038491 0.049742
9 0.245751 0.506899 0.035530 0.020134
12 0.241902 0.521703 0.021910 0.007106
1 0.313950 0.532461 0.060994 0.069284
1 0.309508 0.520321 0.048558 0.039083
18 0.319575 0.552299 0.040268 0.022503
9 0.305955 0.513215 0.036715 0.022503