0 0.331409 0.498845 0.644342 0.988453
1 0.260970 0.132794 0.240185 0.251732
2 0.324480 0.503464 0.459584 0.494226
4 0.561201 0.356813 0.157044 0.159353
4 0.083141 0.441109 0.115473 0.175520
5 0.422633 0.241339 0.110855 0.154734
5 0.143187 0.279446 0.133949 0.120092
6 0.468822 0.883372 0.138568 0.233256
6 0.300231 0.885681 0.184758 0.219400
9 0.255818 0.061290 0.220288 0.104814
12 0.276248 0.150115 0.151004 0.047966
14 0.425475 0.249600 0.094155 0.126133
14 0.143009 0.283354 0.097708 0.111920
17 0.345532 0.507195 0.381951 0.456564