0 0.238201 0.531326 0.089714 0.331320
1 0.224877 0.403417 0.054184 0.068396
17 0.217327 0.498016 0.044413 0.115473
6 0.217327 0.582401 0.031977 0.046189
7 0.215106 0.640137 0.031089 0.058625
3 0.233316 0.466039 0.044413 0.033754
3 0.259519 0.452271 0.029312 0.022206
4 0.251081 0.492687 0.021318 0.015989
9 0.223545 0.392758 0.051519 0.034642
12 0.240866 0.412744 0.029312 0.014212
0 0.416297 0.522443 0.161663 0.233612
1 0.462042 0.447830 0.061290 0.082608
2 0.386096 0.517558 0.090602 0.151004
3 0.417185 0.518890 0.039083 0.066619
3 0.453603 0.518446 0.028424 0.056848
4 0.441612 0.570409 0.032866 0.036419
4 0.469592 0.561527 0.033754 0.025759
5 0.462486 0.612601 0.026648 0.035530
5 0.476451 0.597452 0.027141 0.044512
9 0.467815 0.435838 0.049742 0.060401
12 0.472257 0.466927 0.033754 0.014212
6 0.396755 0.603719 0.044413 0.071061
14 0.474428 0.603620 0.024279 0.037899
17 0.391754 0.521056 0.087247 0.129159
0 0.323582 0.558122 0.177059 0.414165
1 0.373621 0.393380 0.070824 0.075443
2 0.299718 0.492687 0.104696 0.172440
3 0.344367 0.470362 0.049269 0.075443
4 0.323582 0.538106 0.032333 0.053888
5 0.335130 0.601232 0.052348 0.060046
6 0.272774 0.622017 0.041570 0.070824
7 0.265076 0.689761 0.038491 0.058507
7 0.356685 0.675905 0.061586 0.067744
8 0.281242 0.742109 0.083141 0.036952
8 0.379779 0.736721 0.058507 0.041570
9 0.370638 0.378176 0.052925 0.042340
12 0.391327 0.408006 0.032717 0.009623
14 0.332147 0.602868 0.047152 0.049076
15 0.275372 0.740955 0.066397 0.025019
15 0.380742 0.741436 0.050038 0.024057
17 0.302316 0.492687 0.099115 0.157814