0 0.454580 0.543880 0.653580 0.898383
1 0.500770 0.199769 0.284065 0.196305
2 0.513472 0.475751 0.438799 0.355658
3 0.678599 0.459584 0.154734 0.198614
3 0.310239 0.382217 0.110855 0.163972
4 0.693610 0.613164 0.078522 0.108545
4 0.242109 0.506928 0.080831 0.066975
5 0.675135 0.725173 0.138568 0.115473
5 0.179754 0.605081 0.113164 0.143187
13 0.172825 0.600462 0.080831 0.106236
13 0.665897 0.735566 0.110855 0.080831
6 0.519246 0.733256 0.127021 0.131640
6 0.376058 0.735566 0.122402 0.140878
7 0.550423 0.852194 0.110855 0.064665
7 0.387606 0.836028 0.099307 0.032333
8 0.595458 0.937644 0.131640 0.096998
8 0.357583 0.924942 0.251732 0.122402
15 0.380677 0.916859 0.210162 0.110855
15 0.588530 0.930716 0.094688 0.073903
9 0.508853 0.161663 0.221709 0.106236
11 0.484603 0.219400 0.140878 0.064665
17 0.490377 0.481524 0.369515 0.362587