0 0.547759 0.614655 0.177586 0.343103
15 0.519497 0.766379 0.072040 0.018966
15 0.588276 0.761207 0.058621 0.022414
1 0.552931 0.486207 0.070690 0.062069
9 0.550287 0.472486 0.053161 0.029454
12 0.530532 0.482543 0.017960 0.010776
2 0.559626 0.573779 0.079023 0.119971
17 0.557112 0.573060 0.065374 0.105603
3 0.574353 0.549353 0.038075 0.055316
4 0.589440 0.596049 0.032328 0.038075
4 0.514009 0.589511 0.028017 0.031609
5 0.489943 0.619325 0.038793 0.026580
5 0.598060 0.637284 0.033764 0.039511
13 0.596983 0.638003 0.035920 0.046695
13 0.487787 0.620761 0.037356 0.030891
6 0.573276 0.663147 0.054598 0.076868
6 0.537716 0.662069 0.042385 0.070402
7 0.535920 0.726652 0.035920 0.056753
7 0.589080 0.724497 0.043103 0.053879
15 0.585848 0.757902 0.058190 0.020115
15 0.517960 0.759698 0.068966 0.032328