1 0.501670 0.089776 0.192078 0.080530
11 0.457230 0.138690 0.113935 0.022071
1 0.502565 0.119602 0.211763 0.154498
17 0.561918 0.324803 0.240993 0.258292
2 0.561322 0.328681 0.260081 0.263660
13 0.562217 0.499284 0.099618 0.070389
13 0.459019 0.470055 0.056669 0.050107
5 0.565796 0.499582 0.116321 0.078144
5 0.456932 0.471844 0.066810 0.057266
3 0.608447 0.285433 0.127654 0.162849
4 0.595920 0.418158 0.103794 0.088284
6 0.533584 0.530005 0.102004 0.130637
6 0.626939 0.489143 0.082319 0.145550
7 0.527619 0.659747 0.111549 0.138392
7 0.644238 0.612324 0.125268 0.109162
15 0.487354 0.717609 0.194464 0.133620
15 0.629623 0.664519 0.085302 0.115724
8 0.489740 0.753997 0.225483 0.058459
8 0.637079 0.699117 0.097829 0.057266
0 0.535433 0.427822 0.433071 0.816273