0 0.452059 0.558891 0.652465 0.882217
1 0.428406 0.250577 0.307159 0.260970
2 0.455202 0.692574 0.490081 0.604548
3 0.205543 0.548499 0.101617 0.297921
4 0.192841 0.824480 0.103926 0.244804
3 0.675520 0.520785 0.117783 0.256351
4 0.683603 0.777136 0.115473 0.251732
5 0.687067 0.953100 0.122402 0.081720
5 0.220992 0.975153 0.101139 0.048578
9 0.430331 0.187067 0.286374 0.101617
12 0.437259 0.249423 0.180139 0.046189
14 0.684742 0.955765 0.104014 0.072837
14 0.221406 0.978295 0.081851 0.034883
17 0.437259 0.684758 0.484988 0.575058