0 0.278291 0.531178 0.524249 0.928406
1 0.196305 0.184758 0.240185 0.207852
2 0.242494 0.484988 0.406467 0.383372
3 0.409931 0.352194 0.140878 0.136259
4 0.357968 0.461894 0.138568 0.087760
4 0.051963 0.478060 0.080831 0.073903
3 0.062356 0.338337 0.060046 0.053118
5 0.209007 0.389145 0.122402 0.080831
5 0.089959 0.395414 0.101837 0.070274
6 0.378753 0.792148 0.143187 0.226328
6 0.235566 0.787529 0.115473 0.193995
7 0.389145 0.957275 0.154734 0.071594
9 0.187507 0.131970 0.178159 0.089080
12 0.189981 0.191356 0.153415 0.036292
14 0.204828 0.384362 0.087430 0.059386
14 0.087705 0.393435 0.084131 0.054437
17 0.227923 0.484988 0.344771 0.372814