0 0.445471 0.465101 0.223762 0.808314
1 0.441365 0.151399 0.080831 0.165512
2 0.447139 0.376572 0.130870 0.277136
3 0.383628 0.319797 0.057737 0.117398
3 0.500064 0.307288 0.040416 0.115473
4 0.387478 0.406402 0.057737 0.059661
4 0.491404 0.388119 0.050038 0.038491
5 0.447139 0.429497 0.053888 0.051963
5 0.443290 0.379459 0.053888 0.059661
6 0.416346 0.595009 0.080831 0.159738
6 0.496215 0.587311 0.055812 0.148191
7 0.423082 0.730690 0.040416 0.100077
7 0.497177 0.709520 0.038491 0.096228
8 0.427893 0.827008 0.069284 0.077162
8 0.512753 0.799641 0.065794 0.080164
9 0.439877 0.114550 0.071132 0.086836
11 0.444496 0.172286 0.058199 0.026790
13 0.438029 0.372132 0.039723 0.045266
13 0.449115 0.429869 0.043418 0.038799
15 0.425096 0.829561 0.045266 0.072055
15 0.516089 0.799538 0.049885 0.071132
17 0.446343 0.377829 0.106236 0.273441