0 0.341801 0.703233 0.258661 0.251732
1 0.321016 0.653580 0.147806 0.129330
17 0.363741 0.774827 0.205543 0.090069
3 0.272517 0.782910 0.078522 0.078522
9 0.311778 0.637413 0.129330 0.087760
0 0.086780 0.486213 0.107075 0.307579
1 0.081531 0.359192 0.041990 0.051438
2 0.067359 0.421653 0.047239 0.092379
3 0.093079 0.415354 0.029393 0.046189
4 0.100427 0.457345 0.025194 0.025194
5 0.113549 0.491462 0.032543 0.032543
6 0.086255 0.507733 0.038841 0.067185
6 0.062111 0.503534 0.017846 0.062986
7 0.090454 0.570719 0.028343 0.054587
7 0.067884 0.572818 0.023095 0.054587
8 0.104626 0.616383 0.050388 0.030443
8 0.066310 0.617958 0.019945 0.027294
10 0.079466 0.351387 0.035760 0.032780
14 0.111873 0.489955 0.026075 0.028310
15 0.107775 0.620328 0.049169 0.023840
15 0.066428 0.619211 0.014155 0.021605
18 0.070526 0.421416 0.049169 0.086419
0 0.735438 0.645625 0.153965 0.230947
1 0.730819 0.619451 0.132410 0.160123
9 0.724660 0.577111 0.101617 0.087760
12 0.719271 0.641776 0.056967 0.023095
0 0.747755 0.450860 0.129330 0.217090
1 0.789325 0.378496 0.046189 0.060046
17 0.740056 0.443161 0.058507 0.146266
3 0.777778 0.460098 0.041570 0.084681
9 0.791635 0.376957 0.032333 0.047729
0 0.645467 0.406822 0.110144 0.168769
1 0.654350 0.346864 0.053295 0.045301
2 0.647688 0.430805 0.098597 0.106591
3 0.607716 0.412595 0.029312 0.054184
3 0.688992 0.409042 0.021318 0.047078
4 0.604607 0.462782 0.023095 0.039083
4 0.687215 0.462782 0.017765 0.046189
9 0.650796 0.340203 0.047966 0.035530
18 0.646799 0.429917 0.093267 0.097708
0 0.118434 0.387724 0.087049 0.215847
1 0.103778 0.298010 0.050631 0.032866
2 0.107775 0.353971 0.051519 0.066619
6 0.127761 0.410819 0.020430 0.041748
6 0.102002 0.405934 0.018653 0.033754
7 0.125540 0.448126 0.021318 0.027536
7 0.106887 0.438355 0.017765 0.023983
8 0.119767 0.473441 0.032866 0.024871
10 0.102446 0.294901 0.033754 0.023095
18 0.111328 0.347309 0.044413 0.056848
15 0.117546 0.471220 0.024871 0.016877
0 0.029461 0.262924 0.058921 0.172322
1 0.045153 0.191864 0.027536 0.026648
2 0.034494 0.239385 0.039972 0.066619
6 0.042932 0.290460 0.017765 0.031977
7 0.047023 0.328008 0.025572 0.033271
9 0.042745 0.189214 0.026741 0.018233
18 0.034845 0.239050 0.032819 0.055913
3 0.033629 0.229630 0.023095 0.039504
0 0.089239 0.232973 0.048013 0.089948
1 0.089239 0.203801 0.029780 0.026741
5 0.081034 0.220818 0.018233 0.020664
4 0.103217 0.236315 0.015194 0.018840
18 0.092581 0.248167 0.031603 0.043758
10 0.086504 0.199850 0.019448 0.011547
0 0.125400 0.246951 0.041327 0.109396
1 0.117803 0.204408 0.021271 0.021879
2 0.120842 0.234796 0.029780 0.036465
6 0.129351 0.267007 0.013978 0.025526
6 0.112333 0.267007 0.006685 0.024310
7 0.131478 0.288582 0.008509 0.009116
7 0.115068 0.289494 0.008509 0.012155
9 0.114157 0.201369 0.016409 0.012155
17 0.120538 0.234188 0.019448 0.027957
0 0.180098 0.284328 0.053482 0.120943
1 0.175844 0.241177 0.026741 0.023702
2 0.181921 0.282505 0.044974 0.046797
3 0.197115 0.271565 0.012155 0.028564
3 0.162473 0.269438 0.008509 0.020664
4 0.200154 0.293748 0.010940 0.013371
4 0.166120 0.290709 0.012155 0.014586
6 0.194380 0.320186 0.016409 0.020056
6 0.176755 0.323528 0.012763 0.024310
10 0.174628 0.234796 0.015802 0.009724
12 0.174932 0.242393 0.013978 0.009116
18 0.181617 0.278858 0.033427 0.038289
0 0.166727 0.229326 0.031603 0.060775
1 0.171589 0.213525 0.026741 0.027957
4 0.162169 0.236315 0.016409 0.009116
9 0.167639 0.211701 0.016409 0.015802
0 0.219906 0.254548 0.032211 0.101495
1 0.216259 0.214740 0.022487 0.020664
2 0.220210 0.245736 0.021879 0.036465
6 0.215044 0.276731 0.011547 0.020664
6 0.226895 0.275819 0.008509 0.013978
7 0.216259 0.294964 0.007901 0.010940
7 0.226287 0.292229 0.007293 0.012763
10 0.213379 0.210714 0.014212 0.008883
18 0.219893 0.243284 0.020134 0.027832
0 0.404354 0.301119 0.064547 0.088234
1 0.395768 0.271807 0.040268 0.027240
18 0.411460 0.312667 0.032569 0.046189
10 0.390438 0.264701 0.024871 0.014212
12 0.386589 0.274471 0.013620 0.010067
0 0.416494 0.236573 0.039083 0.108367
1 0.418270 0.194528 0.017765 0.018357
2 0.416790 0.222656 0.027832 0.034346
6 0.413237 0.251377 0.010067 0.020726
6 0.426857 0.251969 0.008883 0.020726
7 0.413237 0.275360 0.010067 0.018949
7 0.428633 0.273583 0.007698 0.015396
18 0.415606 0.220880 0.024279 0.027240
0 0.355796 0.230059 0.044413 0.105999
1 0.346914 0.195121 0.018357 0.029016
2 0.351651 0.223545 0.032569 0.032569
3 0.366455 0.215847 0.013620 0.018357
6 0.361422 0.251081 0.014212 0.024871
6 0.345433 0.255226 0.010659 0.026056
7 0.363495 0.273879 0.010067 0.015989
7 0.346914 0.274471 0.010067 0.008883
9 0.347802 0.191864 0.017765 0.015396
18 0.351947 0.222360 0.026056 0.026648
0 0.322339 0.238645 0.033162 0.101853
1 0.323819 0.200154 0.019542 0.022503
2 0.326484 0.228282 0.026056 0.030201
6 0.317601 0.257891 0.014212 0.024279
6 0.333294 0.256410 0.010067 0.018949
7 0.318786 0.280097 0.009475 0.014212
7 0.333886 0.277432 0.007698 0.019542
9 0.322043 0.195417 0.013620 0.008290
18 0.324707 0.227690 0.018949 0.026648
0 0.523677 0.240619 0.047374 0.117250
1 0.520420 0.195318 0.023095 0.021910
2 0.523085 0.225223 0.028424 0.035530
6 0.518644 0.259569 0.011251 0.028424
6 0.531375 0.257200 0.008290 0.024871
7 0.517163 0.282959 0.008290 0.015989
7 0.529007 0.283255 0.007106 0.014212
9 0.519532 0.193837 0.015396 0.013028
17 0.523085 0.222558 0.024871 0.030201
0 0.586743 0.234697 0.047966 0.116066
1 0.582302 0.193837 0.028424 0.026056
2 0.586447 0.223446 0.030793 0.031977
3 0.600067 0.215156 0.010659 0.017765
3 0.572531 0.218413 0.010067 0.014804
6 0.598883 0.257200 0.009475 0.030793
6 0.580229 0.255423 0.019542 0.020134
7 0.602732 0.285328 0.010067 0.013620
9 0.581118 0.189692 0.015396 0.014212
17 0.587928 0.223446 0.026648 0.029609
0 0.630860 0.227295 0.031977 0.094155
1 0.630860 0.191765 0.015396 0.021910
2 0.631156 0.224334 0.023095 0.039675
6 0.633821 0.258088 0.011843 0.020726
6 0.622570 0.257496 0.005922 0.021910
9 0.630860 0.189396 0.011843 0.013620
18 0.633525 0.222854 0.018357 0.033162
0 0.646553 0.304870 0.064547 0.056256
1 0.640927 0.299836 0.052111 0.045005
9 0.639150 0.289473 0.041452 0.024279
11 0.639150 0.306054 0.031977 0.010067