0 0.416859 0.376828 0.367206 0.727483
1 0.383372 0.086990 0.198614 0.152425
2 0.418014 0.301456 0.290993 0.248793
3 0.531178 0.234796 0.087760 0.157044
3 0.301386 0.265974 0.071594 0.145497
4 0.538106 0.360662 0.064665 0.085450
4 0.300231 0.369900 0.060046 0.057737
5 0.516481 0.453146 0.077682 0.081881
13 0.509658 0.445797 0.051438 0.052488
5 0.289208 0.441598 0.068234 0.077682
13 0.287109 0.438974 0.038841 0.057737
17 0.406781 0.303030 0.248793 0.237245
6 0.371090 0.465743 0.089229 0.075583
6 0.448772 0.467318 0.051438 0.078732
7 0.404157 0.542375 0.092379 0.065085
7 0.523305 0.536077 0.093429 0.069284
8 0.396809 0.642102 0.153265 0.125971
8 0.526454 0.644727 0.124921 0.137518
15 0.534327 0.641053 0.100777 0.128071
15 0.399958 0.642102 0.138568 0.111274