10 0.021599 0.195028 0.038823 0.021143
10 0.077920 0.245334 0.035542 0.009478
10 0.054681 0.217629 0.045932 0.021143
10 0.095691 0.205235 0.033902 0.015311
10 0.157480 0.221639 0.051400 0.034996
10 0.119477 0.249344 0.032262 0.024789
10 0.209974 0.266477 0.044838 0.028434
10 0.192203 0.199767 0.031168 0.026247
10 0.230752 0.192111 0.044838 0.037183
10 0.272583 0.234398 0.032262 0.021143
10 0.326444 0.226378 0.048119 0.026976
10 0.295276 0.222003 0.029528 0.019685
10 0.370735 0.219816 0.034996 0.013852
10 0.400536 0.246063 0.033355 0.019685
10 0.447561 0.234398 0.046479 0.025518
10 0.451115 0.203412 0.041557 0.020414
10 0.485838 0.224191 0.039917 0.022601
10 0.517552 0.200860 0.033355 0.022601
10 0.556923 0.193570 0.038823 0.025518
10 0.560203 0.274132 0.039917 0.016040
10 0.501695 0.290901 0.050853 0.024789
10 0.428150 0.341207 0.042651 0.018956
10 0.345035 0.379484 0.044838 0.029892
10 0.488298 0.421041 0.083115 0.034267
10 0.518099 0.318606 0.058508 0.030621
10 0.592192 0.359799 0.055774 0.022601
10 0.637030 0.384587 0.050306 0.031350
10 0.684602 0.325532 0.050306 0.028434
10 0.634022 0.285798 0.051947 0.024789
10 0.631835 0.248615 0.046479 0.029163
10 0.716864 0.259915 0.038276 0.024059
10 0.711942 0.212161 0.047025 0.027705
10 0.799431 0.255176 0.079834 0.068533
10 0.854659 0.210338 0.052493 0.026976
10 0.881452 0.277413 0.056868 0.034267
10 0.965387 0.234398 0.051947 0.028434
10 0.964567 0.197944 0.061242 0.024059
10 0.970035 0.158574 0.047025 0.034267
12 0.968395 0.255906 0.041557 0.017498
12 0.879538 0.303660 0.046479 0.021143
12 0.848097 0.233669 0.036089 0.018227
12 0.710028 0.278142 0.023513 0.013852
12 0.680227 0.349592 0.044838 0.019685
12 0.634296 0.407918 0.047025 0.019685
12 0.590278 0.384223 0.041010 0.014582
12 0.635116 0.310586 0.035542 0.024789
12 0.556923 0.290537 0.033355 0.012394
12 0.550361 0.213984 0.034449 0.013852
12 0.514272 0.221274 0.016951 0.010936
12 0.485291 0.243511 0.020232 0.011665
12 0.403817 0.261009 0.034449 0.014582
12 0.428150 0.362715 0.033902 0.021143
12 0.346402 0.405731 0.035542 0.022601
12 0.323710 0.246428 0.029528 0.018956
12 0.372375 0.238408 0.030621 0.014582
12 0.297189 0.244969 0.016951 0.017498
12 0.274770 0.248979 0.023513 0.013852
12 0.024333 0.219087 0.032262 0.016769
12 0.097878 0.221639 0.030621 0.013123
12 0.226925 0.221639 0.039370 0.017498
12 0.073819 0.263925 0.027340 0.010207
12 0.053587 0.241324 0.016404 0.018956
11 0.448928 0.256270 0.033902 0.015311
11 0.482830 0.215442 0.021872 0.018227
11 0.526575 0.345217 0.052493 0.015311
11 0.509897 0.452391 0.026794 0.015311
1 0.024606 0.222368 0.049212 0.087489
1 0.100886 0.215442 0.053040 0.056139
1 0.077920 0.269029 0.045385 0.071449
1 0.156934 0.250437 0.053587 0.096967
1 0.229659 0.207422 0.048119 0.089676
1 0.215442 0.294182 0.063430 0.066346
1 0.191382 0.209609 0.049213 0.078011
11 0.213528 0.291995 0.038823 0.015311
1 0.323436 0.242053 0.046479 0.080198
1 0.345035 0.403179 0.057962 0.090405
1 0.266842 0.242053 0.030621 0.088947
1 0.296369 0.246428 0.031715 0.112278
1 0.362806 0.238772 0.032262 0.096967
1 0.401629 0.262467 0.048666 0.077282
1 0.445101 0.205964 0.061242 0.048848
1 0.445374 0.256999 0.038823 0.083844
1 0.552822 0.211796 0.034996 0.091134
1 0.523294 0.211432 0.044838 0.088947
1 0.482830 0.246063 0.048119 0.067804
1 0.520013 0.347404 0.063430 0.080927
1 0.425142 0.359434 0.061789 0.072908
1 0.483924 0.455308 0.085302 0.118839
1 0.964567 0.271945 0.065617 0.088947
1 0.960192 0.209245 0.078740 0.048119
1 0.962380 0.169510 0.072178 0.047390
1 0.863134 0.237679 0.077100 0.087489
1 0.884460 0.305483 0.073819 0.100612
1 0.801619 0.279600 0.077647 0.134879
1 0.723972 0.281788 0.052493 0.092593
1 0.707294 0.216171 0.073819 0.091134
1 0.631015 0.266842 0.073272 0.067075
1 0.630468 0.313502 0.044838 0.086031
1 0.684875 0.360528 0.060696 0.101341
1 0.637030 0.410834 0.060149 0.091134
1 0.589731 0.385316 0.055227 0.111549
1 0.559930 0.289443 0.054681 0.074366
18 0.483268 0.604331 0.102362 0.171916
18 0.813484 0.467848 0.134843 0.216535
18 0.967028 0.430446 0.056102 0.191601
18 0.623524 0.509843 0.046260 0.085302
18 0.426181 0.528215 0.068898 0.185039
18 0.337106 0.517717 0.046260 0.106299
18 0.155020 0.448819 0.111220 0.212598
18 0.029035 0.347113 0.050197 0.106299
2 0.814469 0.467848 0.150591 0.240157
2 0.965059 0.434383 0.069882 0.202100
2 0.622047 0.511811 0.062992 0.123360
2 0.482776 0.605643 0.123031 0.195538
2 0.425689 0.535433 0.081693 0.225722
2 0.338091 0.517717 0.075787 0.143045
2 0.156004 0.442913 0.144685 0.240157
14 0.317070 0.321835 0.052025 0.052493
14 0.029975 0.471248 0.038475 0.057266
14 0.011185 0.510618 0.022369 0.073968
14 0.340909 0.529110 0.026843 0.036984
14 0.327935 0.561918 0.031317 0.031019
14 0.629474 0.518373 0.027738 0.046528
14 0.713135 0.603078 0.026843 0.039370
5 0.630369 0.514197 0.040265 0.064424
5 0.714030 0.598902 0.037581 0.052493
5 0.341804 0.525531 0.034001 0.051300
5 0.325251 0.559532 0.029528 0.050107
5 0.038923 0.464686 0.056371 0.070389
5 0.021922 0.508232 0.043844 0.083512
16 0.217430 0.912073 0.066213 0.056073
16 0.140927 0.903722 0.059950 0.048914
16 0.059055 0.741470 0.041160 0.039370
16 0.012079 0.743259 0.024158 0.052493
16 0.630816 0.841088 0.039370 0.069196
16 0.603525 0.838702 0.038475 0.057266
16 0.914907 0.826175 0.049213 0.053686
16 0.961435 0.745645 0.036686 0.064424
16 0.861668 0.854808 0.042949 0.046528
15 0.740873 0.835719 0.050107 0.068003
15 0.705530 0.829158 0.056371 0.062038
15 0.670186 0.805894 0.023264 0.048914
15 0.462598 0.961107 0.034001 0.077786
15 0.819613 0.967550 0.085898 0.057266
15 0.372674 0.959198 0.059950 0.081126
15 0.341356 0.782629 0.040265 0.066810
15 0.307355 0.776068 0.038475 0.046528
8 0.141374 0.906705 0.076951 0.069196
8 0.216983 0.905512 0.090372 0.059652
8 0.060397 0.746838 0.054581 0.066810
8 0.011632 0.755190 0.023264 0.102601
8 0.302881 0.780840 0.056371 0.077547
8 0.354331 0.783226 0.050107 0.077547
8 0.597262 0.842281 0.052792 0.078740
8 0.639764 0.845860 0.059055 0.104987
8 0.672423 0.799928 0.042054 0.072775
8 0.740426 0.835123 0.051002 0.100215
8 0.696582 0.820210 0.043844 0.106180
8 0.807534 0.961704 0.149427 0.076592
8 0.461704 0.957528 0.064424 0.084944
8 0.376700 0.950847 0.087688 0.073968
8 0.863010 0.857791 0.058160 0.069196
8 0.919381 0.833930 0.074266 0.052493
8 0.962330 0.750418 0.059950 0.088284