0 0.450000 0.565517 0.558621 0.810345
15 0.429310 0.906034 0.082759 0.091379
15 0.497414 0.906034 0.053448 0.087931
1 0.453448 0.272414 0.096552 0.182759
9 0.456897 0.227586 0.082759 0.079310
11 0.456034 0.274138 0.050000 0.031034
2 0.457759 0.480172 0.153448 0.298276
17 0.452586 0.473276 0.136207 0.277586
3 0.551724 0.379310 0.072414 0.062069
3 0.361207 0.378448 0.070690 0.056897
4 0.289655 0.373276 0.086207 0.070690
4 0.629310 0.357759 0.062069 0.070690
5 0.701724 0.324138 0.058621 0.065517
5 0.216379 0.339655 0.056897 0.062069
13 0.219828 0.341379 0.060345 0.062069
13 0.691379 0.325862 0.068966 0.072414
6 0.489655 0.685345 0.072414 0.115517
6 0.424138 0.686207 0.055172 0.110345
7 0.499138 0.802586 0.043103 0.122414
7 0.423276 0.800000 0.043103 0.120690
8 0.424138 0.913793 0.055172 0.062069
8 0.497414 0.918103 0.050000 0.060345