0 0.526247 0.559711 0.654418 0.880577
14 0.777340 0.420604 0.057743 0.080052
14 0.254593 0.405512 0.055118 0.099738
5 0.255031 0.406824 0.069991 0.128609
5 0.775591 0.423228 0.071741 0.095801
4 0.692038 0.448163 0.097113 0.059055
4 0.309274 0.442257 0.061242 0.073491
3 0.386702 0.410761 0.090114 0.131234
3 0.598863 0.419948 0.089239 0.112861
18 0.495626 0.490814 0.131234 0.291339
2 0.495626 0.494094 0.150481 0.316273
12 0.494751 0.243438 0.066492 0.030184
10 0.489064 0.196194 0.072616 0.061680
1 0.489501 0.250000 0.099738 0.198163
6 0.465442 0.759186 0.109361 0.211286
6 0.622922 0.746719 0.196850 0.196850
7 0.692038 0.924541 0.077865 0.150918
7 0.449694 0.936352 0.105862 0.127296