0 0.385690 0.500000 0.618966 1.000000
1 0.369310 0.187931 0.182759 0.375862
9 0.368448 0.137931 0.156897 0.275862
11 0.377069 0.308621 0.101724 0.072414
2 0.322759 0.666379 0.286207 0.646552
17 0.315000 0.680172 0.267241 0.629310
3 0.483103 0.502586 0.082759 0.260345
3 0.141724 0.581034 0.089655 0.313793
4 0.549483 0.631034 0.139655 0.244828
4 0.124483 0.840517 0.082759 0.194828
5 0.623621 0.758621 0.091379 0.137931
5 0.121034 0.958621 0.068966 0.082758
13 0.627069 0.755172 0.070690 0.103448
13 0.121034 0.966379 0.062069 0.067241