0 0.401848 0.485373 0.401848 0.755196
1 0.360277 0.188607 0.203233 0.157044
2 0.396074 0.401078 0.344111 0.258661
3 0.265589 0.373364 0.120092 0.157044
3 0.482679 0.319092 0.083141 0.127021
4 0.293303 0.486528 0.083141 0.069284
4 0.531178 0.413780 0.050808 0.057737
5 0.351039 0.584681 0.110855 0.085450
5 0.542725 0.494611 0.064665 0.076212
13 0.359122 0.588145 0.094688 0.069284
13 0.543880 0.494611 0.034642 0.053118
6 0.479215 0.565820 0.066975 0.073903
7 0.364896 0.674365 0.069284 0.060046
7 0.481524 0.632794 0.062356 0.041570
8 0.404157 0.769053 0.184758 0.120092
8 0.515012 0.721709 0.161663 0.108545
15 0.400693 0.772517 0.136259 0.113164
15 0.517321 0.714781 0.133949 0.076212
9 0.356813 0.154734 0.173210 0.073903
11 0.391455 0.188222 0.122402 0.066975
17 0.379908 0.401848 0.279446 0.254042