9 0.539094 0.129161 0.083575 0.087029
11 0.534259 0.199959 0.050421 0.035226
1 0.537712 0.176820 0.087719 0.190634
17 0.530805 0.435834 0.109822 0.312198
2 0.528043 0.433071 0.126399 0.341207
3 0.582263 0.361583 0.042824 0.127780
4 0.554635 0.458972 0.082884 0.079431
3 0.471405 0.364346 0.036607 0.142976
4 0.472096 0.447576 0.051803 0.051112
13 0.510430 0.533914 0.042824 0.098080
13 0.495234 0.484874 0.029010 0.045586
5 0.510775 0.520445 0.060091 0.113966
6 0.489363 0.671709 0.054566 0.127780
6 0.556361 0.669637 0.064235 0.136069
7 0.550145 0.793618 0.040751 0.102224
7 0.483147 0.800180 0.049040 0.109822
15 0.469333 0.918981 0.057328 0.097389
15 0.538058 0.903440 0.046968 0.095317
8 0.548418 0.916908 0.074596 0.076668
8 0.469678 0.927960 0.071833 0.079431
0 0.525591 0.518373 0.245407 0.931759