0 0.533487 0.391840 0.364896 0.646651
1 0.555427 0.147036 0.191686 0.133949
2 0.539261 0.315884 0.279446 0.189890
3 0.424942 0.269438 0.115473 0.106236
3 0.662818 0.289069 0.083141 0.103926
4 0.423788 0.362972 0.071594 0.076212
4 0.666282 0.365281 0.043880 0.034642
5 0.675520 0.433154 0.048499 0.084681
5 0.423018 0.447395 0.090069 0.077752
13 0.423403 0.448935 0.075443 0.057737
13 0.674750 0.430844 0.046959 0.064665
6 0.612009 0.459713 0.070824 0.091609
6 0.499615 0.458558 0.049269 0.080062
7 0.604696 0.534001 0.073133 0.055427
7 0.461124 0.526687 0.073903 0.063895
8 0.566590 0.599051 0.127791 0.162433
8 0.459969 0.630613 0.082371 0.125481
15 0.460739 0.629074 0.073133 0.114704
15 0.557352 0.587888 0.100077 0.129330
9 0.565435 0.118296 0.154734 0.073903
11 0.605081 0.160636 0.084681 0.023095
17 0.543110 0.306518 0.234796 0.200924