0 0.528793 0.558621 0.336207 0.882758
1 0.528793 0.248276 0.146552 0.255172
9 0.527931 0.200000 0.131034 0.137931
12 0.515862 0.251724 0.082759 0.037931
2 0.547759 0.538793 0.212069 0.350000
17 0.556379 0.537069 0.156897 0.284483
3 0.634828 0.529310 0.082759 0.231034
4 0.595172 0.742241 0.141379 0.256897
4 0.433103 0.555172 0.113793 0.193103
5 0.436552 0.393966 0.103448 0.122414
5 0.491724 0.937069 0.086207 0.122414
13 0.496034 0.918103 0.094828 0.160345
13 0.442586 0.406897 0.094828 0.151724
6 0.576207 0.941379 0.117241 0.117241
6 0.454655 0.725000 0.118966 0.222414
7 0.418448 0.812931 0.063793 0.277586
8 0.437414 0.967241 0.060345 0.065517
15 0.430517 0.953448 0.063793 0.093103