0 0.567586 0.542241 0.524138 0.725862
1 0.527931 0.356897 0.282759 0.306897
9 0.520172 0.300000 0.243103 0.172414
12 0.523621 0.390517 0.139655 0.046552
2 0.554655 0.700000 0.405172 0.406897
17 0.550345 0.710345 0.375862 0.382759
3 0.356379 0.693966 0.074138 0.229310
3 0.771034 0.697414 0.113793 0.284483
4 0.652069 0.843966 0.241379 0.087931
4 0.432241 0.747414 0.091379 0.298276
5 0.500345 0.550000 0.120690 0.093103
5 0.474483 0.865517 0.079310 0.044828
14 0.489138 0.560345 0.118966 0.106897
14 0.492586 0.868966 0.115517 0.055172