0 0.186207 0.496552 0.368966 0.993103
0 0.445690 0.645690 0.291379 0.708620
0 0.683621 0.515517 0.353448 0.968966
1 0.256897 0.140517 0.172414 0.281034
1 0.505172 0.406034 0.124138 0.194828
1 0.757759 0.174138 0.167241 0.279310
9 0.752586 0.120690 0.146552 0.158621
9 0.500000 0.368966 0.093103 0.103448
9 0.257759 0.076724 0.153448 0.153448
11 0.502586 0.406897 0.063793 0.041379
2 0.131034 0.609483 0.262068 0.705172
2 0.274138 0.255172 0.020690 0.000000
2 0.440517 0.729310 0.174138 0.465517
2 0.694828 0.637931 0.303448 0.613793
17 0.712931 0.632759 0.222414 0.544828
17 0.444828 0.713793 0.175862 0.410345
17 0.154310 0.619828 0.232759 0.622414
3 0.662931 0.580172 0.125862 0.346552
3 0.536207 0.635345 0.048276 0.160345
3 0.366379 0.648276 0.053448 0.186207
3 0.267241 0.548276 0.086207 0.389655
4 0.574138 0.789655 0.110345 0.117241
4 0.509483 0.781897 0.077586 0.118966
4 0.343103 0.811207 0.062069 0.143103
4 0.264655 0.838793 0.084483 0.191379
5 0.239655 0.952586 0.082759 0.074138
5 0.326724 0.921552 0.056897 0.087931
5 0.476724 0.866379 0.056897 0.074138
14 0.480172 0.876724 0.046552 0.056897
14 0.322414 0.916379 0.055172 0.077586
14 0.239655 0.955172 0.065517 0.062069
11 0.692241 0.225862 0.032759 0.031034
11 0.300000 0.171552 0.027586 0.025862